0 0.0375 0.046875 0.07421875 0.08203125
0 0.1109375 0.06484375 0.084375 0.125
0 0.1890625 0.015625 0.10546875 0.03125
0 0.05546875 0.12109375 0.1078125 0.0984375
0 0.09140625 0.1765625 0.06484375 0.0578125
0 0.134375 0.14765625 0.05078125 0.05078125
0 0.225 0.29921875 0.0625 0.05078125
0 0.2515625 0.3390625 0.06015625 0.05078125
0 0.3453125 0.3078125 0.0265625 0.02890625
0 0.35703125 0.45546875 0.0796875 0.08671875
0 0.396875 0.52734375 0.0359375 0.040625
0 0.0875 0.54296875 0.084375 0.08671875
0 0.11796875 0.58203125 0.07421875 0.0578125
0 0.46171875 0.5875 0.07421875 0.08203125
0 0.52265625 0.584375 0.0671875 0.07421875
0 0.5421875 0.6234375 0.03359375 0.04296875
0 0.48828125 0.634375 0.0625 0.0578125
0 0.521875 0.6671875 0.05078125 0.05078125
0 0.5671875 0.64765625 0.0484375 0.04296875
0 0.26171875 0.7609375 0.06015625 0.05078125
0 0.3421875 0.81015625 0.0484375 0.05546875
0 0.36796875 0.85234375 0.0671875 0.06484375
0 0.59140625 0.725 0.08203125 0.0984375
0 0.71484375 0.8390625 0.1109375 0.13671875
0 0.78828125 0.84140625 0.084375 0.0890625
0 0.7859375 0.4546875 0.10546875 0.1203125
0 0.82578125 0.50390625 0.053125 0.0671875
0 0.834375 0.54296875 0.03359375 0.03125
0 0.875 0.55078125 0.0359375 0.03125
0 0.8765625 0.578125 0.03359375 0.02890625
0 0.96171875 0.60234375 0.04296875 0.04296875
0 0.96484375 0.69375 0.03359375 0.03125
0 0.9015625 0.48203125 0.125 0.125
0 0.9796875 0.1265625 0.040625 0.07421875
0 0.8546875 0.0140625 0.08125 0.028125
0 0.4 0.9546875 0.06484375 0.0671875
0 0.10546875 0.97578125 0.103125 0.0484375