0 0.0875 0.053125 0.09609375 0.0671875
0 0.1109375 0.18125 0.1609375 0.15859375
0 0.15390625 0.14921875 0.12734375 0.146875
0 0.10234375 0.01953125 0.1078125 0.03828125
0 0.0203125 0.134375 0.040625 0.0890625
0 0.2140625 0.0359375 0.1203125 0.071875
0 0.16796875 0.05859375 0.09140625 0.09375
0 0.01328125 0.04453125 0.0265625 0.0890625
0 0.321875 0.021875 0.08203125 0.04296875
0 0.28125 0.046875 0.0765625 0.05078125
0 0.28984375 0.0921875 0.09609375 0.06953125
0 0.34765625 0.0671875 0.1203125 0.103125
0 0.43515625 0.03125 0.15390625 0.0625
0 0.446875 0.0625 0.06015625 0.053125
0 0.41484375 0.08515625 0.053125 0.0625
0 0.4515625 0.10703125 0.0625 0.0578125
0 0.4984375 0.05390625 0.05078125 0.0484375
0 0.5765625 0.04453125 0.084375 0.07421875
0 0.6421875 0.03359375 0.0765625 0.0671875
0 0.68515625 0.0515625 0.06953125 0.05546875
0 0.70078125 0.0984375 0.05546875 0.0484375
0 0.63671875 0.0921875 0.07421875 0.07421875
0 0.58984375 0.08046875 0.053125 0.04296875
0 0.54296875 0.08984375 0.08203125 0.08203125
0 0.6203125 0.1359375 0.08203125 0.08671875
0 0.5421875 0.18359375 0.12265625 0.16328125
0 0.42890625 0.15390625 0.11796875 0.09609375
0 0.4640625 0.21015625 0.0890625 0.08203125
0 0.36640625 0.1828125 0.1109375 0.09140625
0 0.3921875 0.2234375 0.08671875 0.06953125
0 0.30078125 0.16484375 0.0765625 0.05078125
0 0.24609375 0.2171875 0.125 0.084375
0 0.2484375 0.140625 0.11796875 0.09609375
0 0.3296875 0.25234375 0.06953125 0.06953125
0 0.3890625 0.26328125 0.0796875 0.06015625
0 0.39453125 0.31015625 0.06953125 0.0578125
0 0.4640625 0.3390625 0.06484375 0.071875
0 0.428125 0.3640625 0.05546875 0.040625
0 0.4234375 0.33515625 0.0484375 0.0453125
0 0.37265625 0.38671875 0.07421875 0.0796875
0 0.4359375 0.4484375 0.05078125 0.0578125
0 0.50390625 0.421875 0.125 0.13203125
0 0.540625 0.31484375 0.06953125 0.0765625
0 0.6671875 0.16015625 0.0796875 0.084375
0 0.71640625 0.19609375 0.06953125 0.07421875
0 0.725 0.146875 0.06015625 0.0484375
0 0.7765625 0.15 0.0453125 0.05078125
0 0.84765625 0.10546875 0.1109375 0.103125
0 0.91796875 0.12890625 0.0625 0.103125
0 0.9015625 0.1828125 0.0671875 0.07421875
0 0.83203125 0.15625 0.10078125 0.08203125
0 0.84375 0.22109375 0.09140625 0.06953125
0 0.7859375 0.1890625 0.0625 0.08203125
0 0.7640625 0.24765625 0.10546875 0.0984375
0 0.6546875 0.2328125 0.03828125 0.03828125
0 0.60703125 0.31875 0.084375 0.10546875
0 0.678125 0.2703125 0.07421875 0.05078125
0 0.6390625 0.28359375 0.0484375 0.05078125
0 0.6890625 0.31484375 0.08671875 0.06484375
0 0.95078125 0.24140625 0.0796875 0.10546875
0 0.975 0.3328125 0.0359375 0.071875
0 0.9328125 0.2984375 0.0765625 0.09609375
0 0.86875 0.27265625 0.11328125 0.06953125
0 0.859375 0.33515625 0.06953125 0.08203125
0 0.8109375 0.3390625 0.06484375 0.10078125
0 0.7234375 0.37109375 0.1296875 0.08671875
0 0.75 0.3078125 0.08671875 0.10546875
0 0.60546875 0.375 0.0578125 0.0671875
0 0.95546875 0.40859375 0.0359375 0.05546875
0 0.88359375 0.38828125 0.09609375 0.09140625
0 0.85703125 0.4328125 0.08203125 0.0796875
0 0.90390625 0.47265625 0.071875 0.071875
0 0.74609375 0.4421875 0.05546875 0.0625
0 0.7921875 0.46171875 0.07421875 0.0765625
0 0.83203125 0.48046875 0.07421875 0.0765625
0 0.8640625 0.525 0.09140625 0.05546875
0 0.86171875 0.56875 0.12734375 0.0671875
0 0.6421875 0.4265625 0.06484375 0.05546875
0 0.69140625 0.4328125 0.09609375 0.06015625
0 0.634375 0.490625 0.1109375 0.08203125
0 0.60234375 0.5453125 0.1109375 0.11328125
0 0.72109375 0.49609375 0.0765625 0.0625
0 0.7015625 0.540625 0.09609375 0.0890625
0 0.6609375 0.60234375 0.103125 0.115625
0 0.78125 0.58046875 0.071875 0.0484375
0 0.77421875 0.52890625 0.08671875 0.07421875
0 0.7203125 0.6234375 0.0671875 0.0890625
0 0.75625 0.64921875 0.0890625 0.115625
0 0.884375 0.65234375 0.07421875 0.04296875
0 0.85703125 0.609375 0.115625 0.0796875
0 0.8015625 0.67421875 0.0625 0.07421875
0 0.834375 0.696875 0.09609375 0.1203125
0 0.890625 0.725 0.1109375 0.115625
0 0.08984375 0.521875 0.06015625 0.040625
0 0.04453125 0.5484375 0.05078125 0.0578125
0 0.2296875 0.59140625 0.084375 0.10546875
0 0.040625 0.66875 0.08125 0.090625
0 0.125 0.64296875 0.103125 0.11328125
0 0.04921875 0.70703125 0.0578125 0.06015625
0 0.0625 0.7609375 0.06484375 0.06015625
0 0.0921875 0.73203125 0.03359375 0.06015625
0 0.1203125 0.76953125 0.06484375 0.04296875
0 0.2140625 0.6765625 0.0578125 0.084375
0 0.15 0.70546875 0.11796875 0.0890625
0 0.0875 0.81953125 0.08203125 0.08671875
0 0.13828125 0.80078125 0.040625 0.07421875
0 0.2046875 0.7703125 0.0796875 0.0578125
0 0.3015625 0.6859375 0.0984375 0.10546875
0 0.2484375 0.7125 0.0765625 0.06484375
0 0.28125 0.7703125 0.084375 0.1203125
0 0.21640625 0.8328125 0.071875 0.1203125
0 0.171875 0.88359375 0.08671875 0.13671875
0 0.39921875 0.6265625 0.08203125 0.06484375
0 0.35703125 0.66796875 0.084375 0.06484375
0 0.34609375 0.725 0.084375 0.0796875
0 0.3234375 0.80390625 0.071875 0.0796875
0 0.25625 0.853125 0.053125 0.06015625
0 0.25 0.9125 0.084375 0.06015625
0 0.19375 0.95390625 0.059375 0.0921875
0 0.240625 0.9828125 0.05078125 0.03359375
0 0.29453125 0.96875 0.07421875 0.0625
0 0.31015625 0.88203125 0.08671875 0.09140625
0 0.37109375 0.82421875 0.053125 0.05078125
0 0.38125 0.771875 0.06953125 0.04296875
0 0.396875 0.8078125 0.0359375 0.04296875
0 0.42890625 0.8234375 0.05546875 0.071875
0 0.45546875 0.6734375 0.08203125 0.10078125
0 0.52890625 0.6609375 0.07421875 0.071875
0 0.509375 0.725 0.06953125 0.053125
0 0.5734375 0.6921875 0.0796875 0.0484375
0 0.5953125 0.74609375 0.0453125 0.0625
0 0.55078125 0.74765625 0.0453125 0.06015625
0 0.65625 0.7390625 0.084375 0.071875
0 0.5171875 0.8234375 0.07421875 0.0984375
0 0.43984375 0.88125 0.09375 0.0984375
0 0.490625 0.9015625 0.071875 0.09140625
0 0.36328125 0.9328125 0.103125 0.084375
0 0.4234375 0.9265625 0.08203125 0.0671875
0 0.36875 0.9796875 0.0765625 0.040625
0 0.44375 0.9734375 0.06953125 0.053125
0 0.49375 0.9515625 0.07421875 0.07421875
0 0.53125 0.875 0.06015625 0.053125
0 0.5359375 0.9203125 0.09375 0.0671875
0 0.5671875 0.82421875 0.0796875 0.06484375
0 0.61796875 0.78359375 0.0796875 0.0671875
0 0.665625 0.78828125 0.0625 0.0671875
0 0.62265625 0.85546875 0.08203125 0.09609375
0 0.6625 0.83203125 0.07421875 0.0578125
0 0.75703125 0.7546875 0.0984375 0.10546875
0 0.74375 0.8234375 0.05546875 0.07421875
0 0.71171875 0.86640625 0.06953125 0.10078125
0 0.6875 0.9078125 0.0984375 0.08671875
0 0.5890625 0.915625 0.06015625 0.08671875
0 0.63828125 0.9421875 0.0890625 0.0890625
0 0.5421875 0.96640625 0.115625 0.0671875
0 0.75390625 0.90625 0.06015625 0.0984375
0 0.8375 0.7984375 0.06015625 0.08203125
0 0.79453125 0.821875 0.053125 0.084375
0 0.9625 0.7328125 0.07421875 0.196875
0 0.91484375 0.78359375 0.11328125 0.07421875
0 0.91953125 0.84609375 0.0625 0.0625
0 0.859375 0.86171875 0.0578125 0.07421875
0 0.9625 0.83671875 0.07421875 0.0984375
0 0.896875 0.890625 0.04296875 0.08203125
0 0.81875 0.9 0.10546875 0.0796875
0 0.91484375 0.96953125 0.1078125 0.0609375
0 0.88671875 0.896875 0.0453125 0.084375
0 0.953125 0.896875 0.0671875 0.11796875
0 0.728125 0.9625 0.09375 0.07421875
0 0.66484375 0.9734375 0.06484375 0.053125
0 0.8015625 0.97734375 0.040625 0.0453125
0 0.83203125 0.96171875 0.071875 0.0765625