0 0.0421875 0.25859375 0.07421875 0.0796875
0 0.10703125 0.22734375 0.08671875 0.08671875
0 0.17890625 0.16953125 0.06484375 0.06484375
0 0.21171875 0.14453125 0.0890625 0.0796875
0 0.3390625 0.06484375 0.0890625 0.06953125
0 0.3890625 0.02890625 0.0671875 0.0578125
0 0.303125 0.19609375 0.05546875 0.06015625
0 0.3375 0.21640625 0.05546875 0.0625
0 0.0203125 0.4421875 0.040625 0.071875
0 0.07421875 0.40625 0.07421875 0.06953125
0 0.1265625 0.41796875 0.08203125 0.0796875
0 0.04296875 0.4796875 0.0859375 0.090625
0 0.1234375 0.50234375 0.09609375 0.09609375
0 0.0734375 0.5296875 0.05546875 0.09609375
0 0.0203125 0.67421875 0.040625 0.0453125
0 0.01171875 0.6421875 0.0234375 0.05
0 0.05390625 0.7484375 0.09140625 0.09140625
0 0.18515625 0.67421875 0.0453125 0.053125
0 0.2796875 0.62734375 0.08671875 0.07421875
0 0.5 0.54453125 0.06953125 0.05078125
0 0.49375 0.49375 0.07421875 0.07421875
0 0.5796875 0.4890625 0.05546875 0.0796875
0 0.6359375 0.4421875 0.0796875 0.0765625
0 0.6828125 0.43125 0.03828125 0.071875
0 0.74609375 0.4125 0.0484375 0.04296875
0 0.7609375 0.49296875 0.09375 0.08671875
0 0.696875 0.3328125 0.0796875 0.0796875
0 0.234375 0.384375 0.10546875 0.125
0 0.3015625 0.44921875 0.06484375 0.06953125
0 0.28828125 0.47734375 0.06953125 0.04296875
0 0.46171875 0.15390625 0.08203125 0.0625
0 0.48046875 0.2078125 0.0625 0.06015625
0 0.51328125 0.2546875 0.0671875 0.08203125
0 0.4328125 0.2484375 0.0984375 0.10078125
0 0.40234375 0.2828125 0.10078125 0.0671875
0 0.40625 0.35546875 0.146875 0.1078125
0 0.084375 0.9234375 0.05078125 0.06953125
0 0.1875 0.9578125 0.071875 0.0625
0 0.3140625 0.92421875 0.0796875 0.084375
0 0.4 0.8890625 0.0765625 0.06015625
0 0.4203125 0.82578125 0.06484375 0.05546875
0 0.6703125 0.6203125 0.09609375 0.1078125
0 0.55078125 0.7015625 0.071875 0.07421875
0 0.7125 0.6890625 0.05546875 0.05078125
0 0.725 0.63125 0.05546875 0.06953125
0 0.521875 0.0828125 0.06015625 0.06953125
0 0.5640625 0.1078125 0.084375 0.10546875
0 0.61171875 0.2015625 0.0796875 0.0671875
0 0.6609375 0.1546875 0.05078125 0.05078125
0 0.64296875 0.2546875 0.1078125 0.0984375
0 0.84765625 0.6296875 0.06015625 0.05546875
0 0.8734375 0.67578125 0.06484375 0.05546875
0 0.90859375 0.8734375 0.084375 0.06953125
0 0.77421875 0.81484375 0.09140625 0.06953125
0 0.59609375 0.96640625 0.12734375 0.0671875
0 0.68125 0.94375 0.09375 0.07421875
0 0.71171875 0.9015625 0.1296875 0.11796875
0 0.82109375 0.8546875 0.0625 0.084375
0 0.771875 0.87109375 0.07421875 0.08203125
0 0.85546875 0.9015625 0.07421875 0.071875
0 0.80546875 0.92890625 0.08671875 0.0796875
0 0.609375 0.72109375 0.10546875 0.12734375
0 0.01328125 0.9546875 0.0265625 0.0484375