0 0.0203125 0.0828125 0.040625 0.0453125
0 0.13203125 0.0171875 0.053125 0.03359375
0 0.13359375 0.05546875 0.03828125 0.040625
0 0.10546875 0.1453125 0.040625 0.0359375
0 0.2453125 0.11796875 0.04296875 0.03828125
0 0.3703125 0.06640625 0.040625 0.04296875
0 0.71484375 0.03359375 0.09140625 0.0671875
0 0.93984375 0.10703125 0.0453125 0.0484375
0 0.98046875 0.228125 0.03828125 0.05078125
0 0.8734375 0.36328125 0.03125 0.0265625
0 0.884375 0.3296875 0.0140625 0.01953125
0 0.91328125 0.38203125 0.053125 0.0484375
0 0.74609375 0.33515625 0.0265625 0.02890625
0 0.5140625 0.27890625 0.02890625 0.021875
0 0.57578125 0.3921875 0.08203125 0.071875
0 0.4 0.15 0.03828125 0.040625
0 0.42578125 0.14765625 0.03359375 0.03828125
0 0.33203125 0.21484375 0.0453125 0.0359375
0 0.23046875 0.27734375 0.0625 0.071875
0 0.18515625 0.29921875 0.06953125 0.0890625
0 0.14921875 0.321875 0.0890625 0.0625
0 0.15 0.37265625 0.0765625 0.06015625
0 0.28984375 0.421875 0.040625 0.053125
0 0.19609375 0.4265625 0.0578125 0.053125
0 0.1625 0.46640625 0.053125 0.040625
0 0.225 0.46015625 0.08203125 0.0578125
0 0.2328125 0.50234375 0.0671875 0.0578125
0 0.25625 0.53828125 0.071875 0.05546875
0 0.27421875 0.58046875 0.06015625 0.0625
0 0.0484375 0.55546875 0.0359375 0.03828125
0 0.021875 0.6765625 0.04296875 0.040625
0 0.0578125 0.7046875 0.0359375 0.03125
0 0.15234375 0.74765625 0.0453125 0.053125
0 0.1203125 0.8171875 0.0484375 0.06484375
0 0.04296875 0.84765625 0.0578125 0.0578125
0 0.459375 0.8015625 0.06953125 0.071875
0 0.5046875 0.78125 0.06015625 0.0671875
0 0.55546875 0.7515625 0.040625 0.04296875
0 0.58984375 0.725 0.03828125 0.03828125
0 0.64453125 0.69375 0.084375 0.0796875
0 0.5609375 0.41953125 0.0796875 0.04296875
0 0.584375 0.4640625 0.06953125 0.0765625
0 0.32578125 0.9421875 0.04296875 0.0359375
0 0.56484375 0.96484375 0.08671875 0.06953125
0 0.634375 0.9 0.06953125 0.07421875
0 0.68515625 0.88828125 0.04296875 0.0453125
0 0.6921875 0.93359375 0.05078125 0.0671875
0 0.71484375 0.884375 0.05546875 0.06953125
0 0.86171875 0.78828125 0.05546875 0.06484375
0 0.91328125 0.76796875 0.06015625 0.05546875
0 0.9234375 0.82109375 0.06953125 0.0484375
0 0.9546875 0.77734375 0.040625 0.0453125
0 0.9796875 0.90625 0.040625 0.05078125
0 0.9796875 0.76953125 0.040625 0.09140625
0 0.2515625 0.82421875 0.03359375 0.03125