0 0.0171875 0.11640625 0.03359375 0.03125
0 0.0375 0.0828125 0.021875 0.0265625
0 0.06953125 0.0734375 0.02421875 0.0359375
0 0.16328125 0.0640625 0.021875 0.02421875
0 0.4828125 0.00859375 0.0265625 0.0171875
0 0.5984375 0.0828125 0.053125 0.03125
0 0.60546875 0.0484375 0.04296875 0.03125
0 0.59140625 0.11328125 0.03359375 0.03125
0 0.58515625 0.1515625 0.03125 0.0359375
0 0.4515625 0.11328125 0.02421875 0.02421875
0 0.484375 0.24296875 0.02421875 0.0265625
0 0.49765625 0.2953125 0.02890625 0.0359375
0 0.64453125 0.30390625 0.04296875 0.040625
0 0.63359375 0.25234375 0.06015625 0.03828125
0 0.7703125 0.26328125 0.0265625 0.03125
0 0.81640625 0.21484375 0.01953125 0.02890625
0 0.93359375 0.15625 0.03828125 0.0453125
0 0.9078125 0.078125 0.02890625 0.0453125
0 0.9 0.021875 0.040625 0.04296875
0 0.93984375 0.26328125 0.03125 0.03828125
0 0.9515625 0.3078125 0.02890625 0.02421875
0 0.96484375 0.375 0.0265625 0.0265625
0 0.9703125 0.40859375 0.021875 0.0265625
0 0.69609375 0.44140625 0.02421875 0.02421875
0 0.64453125 0.3640625 0.03125 0.0359375
0 0.6453125 0.396875 0.03828125 0.02890625
0 0.05546875 0.25703125 0.05078125 0.0671875
0 0.0734375 0.33046875 0.040625 0.0359375
0 0.08046875 0.36328125 0.040625 0.02890625
0 0.1 0.3859375 0.03828125 0.06015625
0 0.0640625 0.39453125 0.0265625 0.03828125
0 0.03828125 0.4078125 0.0265625 0.03125
0 0.03828125 0.4734375 0.03359375 0.03359375
0 0.15234375 0.55390625 0.02421875 0.02890625
0 0.015625 0.61171875 0.03125 0.03125
0 0.10546875 0.7703125 0.02890625 0.0265625
0 0.01328125 0.74609375 0.02421875 0.0265625
0 0.07109375 0.57578125 0.0171875 0.021875
0 0.18984375 0.84140625 0.03125 0.03125
0 0.1546875 0.865625 0.0359375 0.03828125
0 0.12109375 0.91015625 0.021875 0.02890625
0 0.09375 0.9125 0.0265625 0.02890625
0 0.49140625 0.890625 0.03359375 0.0265625
0 0.578125 0.8375 0.0265625 0.02421875
0 0.61796875 0.76171875 0.02890625 0.0265625
0 0.6703125 0.78359375 0.0265625 0.02421875
0 0.55078125 0.665625 0.0265625 0.0265625
0 0.50234375 0.69375 0.03125 0.02421875
0 0.46015625 0.56953125 0.0359375 0.03359375
0 0.5171875 0.53828125 0.02890625 0.0265625
0 0.6046875 0.490625 0.0265625 0.02890625
0 0.71875 0.58984375 0.03359375 0.03125
0 0.82109375 0.50390625 0.0359375 0.03359375
0 0.86796875 0.73828125 0.040625 0.0484375
0 0.73828125 0.7453125 0.0453125 0.0359375
0 0.80390625 0.85234375 0.02421875 0.02421875
0 0.76953125 0.88359375 0.0265625 0.0265625
0 0.74609375 0.87265625 0.02421875 0.0265625
0 0.634375 0.953125 0.03359375 0.0265625
0 0.77265625 0.084375 0.01953125 0.0171875
0 0.7234375 0.06484375 0.02421875 0.0265625
0 0.76328125 0.02890625 0.01953125 0.01953125
0 0.2234375 0.240625 0.040625 0.0359375
0 0.28984375 0.275 0.03359375 0.0265625
0 0.2953125 0.38828125 0.0359375 0.040625
0 0.33203125 0.6453125 0.0265625 0.021875
0 0.5171875 0.39921875 0.02890625 0.0265625
0 0.50703125 0.34765625 0.02890625 0.03828125