0 0.19609375 0.09765625 0.07421875 0.053125
0 0.2875 0.12890625 0.0796875 0.0625
0 0.34765625 0.0828125 0.08671875 0.084375
0 0.28359375 0.03515625 0.0625 0.06953125
0 0.3703125 0.02421875 0.05078125 0.0484375
0 0.4734375 0.0171875 0.0453125 0.03359375
0 0.56875 0.0453125 0.134375 0.090625
0 0.4234375 0.19609375 0.071875 0.06484375
0 0.4796875 0.203125 0.06015625 0.03828125
0 0.37265625 0.1765625 0.04296875 0.02890625
0 0.27890625 0.2234375 0.07421875 0.0796875
0 0.18359375 0.22734375 0.06484375 0.053125
0 0.3484375 0.3015625 0.053125 0.04296875
0 0.390625 0.3109375 0.05078125 0.04296875
0 0.27890625 0.3078125 0.0671875 0.06953125
0 0.2234375 0.36328125 0.0484375 0.04296875
0 0.1671875 0.353125 0.0484375 0.0484375
0 0.21171875 0.40234375 0.053125 0.0453125
0 0.2015625 0.44375 0.04296875 0.053125
0 0.14765625 0.47109375 0.06953125 0.0578125
0 0.0890625 0.4546875 0.0578125 0.0625
0 0.19453125 0.5015625 0.04296875 0.07421875
0 0.24140625 0.509375 0.0453125 0.0484375
0 0.2875 0.51328125 0.0625 0.04296875
0 0.35546875 0.4859375 0.04296875 0.0625
0 0.18359375 0.55859375 0.0359375 0.0484375
0 0.18359375 0.59765625 0.0453125 0.03828125
0 0.18515625 0.63671875 0.04296875 0.05546875
0 0.2203125 0.65 0.0453125 0.05546875
0 0.2546875 0.6546875 0.0359375 0.040625
0 0.30625 0.6609375 0.0796875 0.0453125
0 0.303125 0.70703125 0.06953125 0.05546875
0 0.1890625 0.79296875 0.07421875 0.07421875
0 0.11796875 0.821875 0.08203125 0.09375
0 0.0625 0.88828125 0.053125 0.0765625
0 0.0203125 0.8953125 0.040625 0.08203125
0 0.15859375 0.9265625 0.040625 0.0671875
0 0.26328125 0.89921875 0.07421875 0.05546875
0 0.2921875 0.978125 0.0484375 0.040625
0 0.35546875 0.93984375 0.053125 0.04296875
0 0.4078125 0.91796875 0.040625 0.04296875
0 0.48203125 0.8234375 0.040625 0.05078125
0 0.5671875 0.91015625 0.05546875 0.05078125
0 0.61328125 0.6578125 0.05078125 0.04296875
0 0.58203125 0.5765625 0.05078125 0.03828125
0 0.646875 0.52734375 0.05546875 0.053125
0 0.71875 0.5453125 0.0671875 0.053125
0 0.728125 0.6453125 0.04296875 0.0578125
0 0.6734375 0.67890625 0.06484375 0.04296875
0 0.63125 0.921875 0.03828125 0.0453125
0 0.696875 0.95703125 0.06484375 0.0484375
0 0.65625 0.984375 0.06484375 0.03125
0 0.86640625 0.96015625 0.06015625 0.06953125
0 0.91953125 0.97578125 0.06953125 0.0484375
0 0.9734375 0.9734375 0.053125 0.053125
0 0.96953125 0.8234375 0.0609375 0.0375
0 0.99140625 0.7671875 0.0171875 0.0765625
0 0.94921875 0.665625 0.0359375 0.0359375
0 0.98671875 0.68515625 0.0265625 0.03125
0 0.9796875 0.63828125 0.040625 0.040625
0 0.82578125 0.390625 0.05078125 0.04296875
0 0.83671875 0.415625 0.04296875 0.03828125
0 0.9828125 0.4265625 0.03359375 0.09140625
0 0.978125 0.33515625 0.04296875 0.0578125
0 0.66484375 0.390625 0.0765625 0.06484375
0 0.58984375 0.3796875 0.0453125 0.06484375
0 0.54453125 0.36171875 0.03828125 0.040625
0 0.509375 0.3578125 0.0453125 0.03828125
0 0.61875 0.25625 0.0359375 0.0265625
0 0.6625 0.2703125 0.05546875 0.040625
0 0.72109375 0.28125 0.071875 0.08203125
0 0.86328125 0.2921875 0.0484375 0.040625
0 0.9703125 0.19921875 0.05546875 0.03828125
0 0.6546875 0.2078125 0.0890625 0.09609375
0 0.7078125 0.1140625 0.05546875 0.0453125
0 0.74609375 0.1359375 0.03359375 0.02890625
0 0.7453125 0.1828125 0.03828125 0.040625
0 0.8140625 0.26328125 0.040625 0.04296875
0 0.77421875 0.30546875 0.0359375 0.0265625
0 0.7640625 0.38828125 0.05078125 0.040625
0 0.82578125 0.2234375 0.04296875 0.03359375
0 0.83203125 0.19453125 0.0359375 0.03359375
0 0.85703125 0.171875 0.0484375 0.0484375
0 0.89765625 0.1859375 0.053125 0.05546875
0 0.8703125 0.05390625 0.06015625 0.071875
0 0.915625 0.05390625 0.053125 0.06015625
0 0.96640625 0.01796875 0.040625 0.0359375