0 0.08203125 0.17890625 0.06953125 0.06484375
0 0.06875 0.2125 0.05078125 0.04296875
0 0.06875 0.24375 0.040625 0.040625
0 0.05859375 0.2828125 0.0484375 0.05546875
0 0.0515625 0.353125 0.040625 0.040625
0 0.0203125 0.4234375 0.040625 0.0625
0 0.03984375 0.4421875 0.0453125 0.03828125
0 0.03359375 0.5890625 0.0671875 0.0578125
0 0.0328125 0.62890625 0.06484375 0.05078125
0 0.3234375 0.09375 0.04296875 0.040625
0 0.375 0.07109375 0.0453125 0.04296875
0 0.3015625 0.21015625 0.0359375 0.0359375
0 0.2765625 0.29921875 0.04296875 0.05078125
0 0.33671875 0.2984375 0.0453125 0.040625
0 0.32421875 0.43359375 0.0484375 0.0484375
0 0.21640625 0.5328125 0.03359375 0.053125
0 0.36171875 0.96171875 0.08671875 0.07421875
0 0.38828125 0.725 0.03359375 0.0359375
0 0.27890625 0.703125 0.03125 0.02890625
0 0.4203125 0.73046875 0.05546875 0.0625
0 0.4375 0.6109375 0.0453125 0.04296875
0 0.4390625 0.571875 0.0578125 0.05078125
0 0.303125 0.5140625 0.03359375 0.040625
0 0.27734375 0.29921875 0.040625 0.0453125
0 0.41953125 0.0265625 0.0265625 0.03359375
0 0.5578125 0.05390625 0.0796875 0.0765625
0 0.603125 0.03125 0.06015625 0.05078125
0 0.6421875 0.02265625 0.0765625 0.0453125
0 0.6734375 0.03984375 0.05078125 0.0625
0 0.7140625 0.05078125 0.05078125 0.0796875
0 0.59765625 0.1 0.12734375 0.11796875
0 0.66796875 0.12890625 0.0796875 0.071875
0 0.72109375 0.13671875 0.0625 0.0578125
0 0.52421875 0.1453125 0.0578125 0.0625
0 0.56015625 0.16953125 0.084375 0.08671875
0 0.609375 0.2015625 0.1203125 0.07421875
0 0.5453125 0.25625 0.0625 0.10078125
0 0.63125 0.271875 0.11796875 0.115625
0 0.54296875 0.31484375 0.08203125 0.06015625
0 0.571875 0.33203125 0.0484375 0.040625
0 0.62265625 0.34140625 0.08203125 0.05546875
0 0.5796875 0.3921875 0.08203125 0.07421875
0 0.646875 0.39296875 0.08671875 0.09375
0 0.60703125 0.42890625 0.06484375 0.053125
0 0.58515625 0.4796875 0.12734375 0.115625
0 0.8921875 0.1453125 0.06015625 0.0578125
0 0.91015625 0.0578125 0.04296875 0.04296875
0 0.9828125 0.1234375 0.03359375 0.05546875
0 0.953125 0.22578125 0.06015625 0.06953125
0 0.9234375 0.33671875 0.06015625 0.06953125
0 0.81015625 0.384375 0.053125 0.0671875
0 0.90234375 0.4234375 0.0625 0.0671875
0 0.8265625 0.45546875 0.053125 0.06484375
0 0.8796875 0.484375 0.03828125 0.03828125
0 0.8546875 0.63203125 0.053125 0.06015625
0 0.84140625 0.7296875 0.0453125 0.053125
0 0.86328125 0.8796875 0.040625 0.053125
0 0.97578125 0.8953125 0.0484375 0.08671875
0 0.84375 0.9515625 0.040625 0.06953125
0 0.7984375 0.9359375 0.05078125 0.084375
0 0.54453125 0.5453125 0.053125 0.05078125
0 0.490625 0.58671875 0.053125 0.125
0 0.54296875 0.5921875 0.06953125 0.06953125
0 0.521875 0.64765625 0.1109375 0.06953125
0 0.53359375 0.68515625 0.09140625 0.06015625
0 0.50625 0.72265625 0.06484375 0.09375
0 0.55546875 0.75859375 0.03828125 0.05546875
0 0.53125 0.8390625 0.05546875 0.09609375
0 0.5796875 0.87109375 0.06953125 0.0796875
0 0.47265625 0.87265625 0.0765625 0.0671875
0 0.4828125 0.9203125 0.05546875 0.04296875
0 0.43359375 0.9046875 0.06015625 0.0578125
0 0.46484375 0.9484375 0.0578125 0.0578125
0 0.51796875 0.96484375 0.05078125 0.04296875
0 0.57109375 0.9625 0.05078125 0.06015625
0 0.459375 0.98046875 0.08671875 0.03828125
0 0.11640625 0.06484375 0.0578125 0.05546875
0 0.91328125 0.5765625 0.0453125 0.0359375