0 0.171875 0.13671875 0.040625 0.03125
0 0.22109375 0.0984375 0.0453125 0.03359375
0 0.040625 0.640625 0.04296875 0.040625
0 0.0265625 0.6890625 0.0453125 0.04296875
0 0.071875 0.6625 0.0484375 0.04296875
0 0.1234375 0.68984375 0.04296875 0.0578125
0 0.17578125 0.73046875 0.0453125 0.0359375
0 0.196875 0.834375 0.05546875 0.053125
0 0.02421875 0.9828125 0.04296875 0.03359375
0 0.1609375 0.9515625 0.03359375 0.03359375
0 0.2203125 0.96015625 0.053125 0.053125
0 0.1234375 0.86171875 0.02421875 0.02421875
0 0.0765625 0.821875 0.02890625 0.03359375
0 0.2875 0.51171875 0.0359375 0.0359375
0 0.38359375 0.42421875 0.0453125 0.040625
0 0.33515625 0.43515625 0.02890625 0.0265625
0 0.43984375 0.359375 0.03359375 0.03359375
0 0.4953125 0.33671875 0.03828125 0.04296875
0 0.5015625 0.390625 0.03359375 0.02890625
0 0.5171875 0.16796875 0.0484375 0.053125
0 0.5046875 0.0171875 0.04296875 0.03359375
0 0.45703125 0.03515625 0.02890625 0.02890625
0 0.5984375 0.115625 0.040625 0.03828125
0 0.66484375 0.1453125 0.03828125 0.03359375
0 0.62734375 0.14765625 0.03359375 0.03828125
0 0.7171875 0.09609375 0.0359375 0.03828125
0 0.69375 0.27890625 0.05078125 0.0453125
0 0.71171875 0.3171875 0.0359375 0.02890625
0 0.66015625 0.3390625 0.03359375 0.02890625
0 0.59609375 0.3125 0.03125 0.03359375
0 0.84140625 0.28515625 0.0265625 0.03359375
0 0.80390625 0.2515625 0.0359375 0.02890625
0 0.853125 0.22578125 0.03828125 0.040625
0 0.88203125 0.2234375 0.03125 0.02890625
0 0.91328125 0.26171875 0.040625 0.0359375
0 0.87734375 0.27421875 0.04296875 0.0359375
0 0.9890625 0.23203125 0.021875 0.03125
0 0.95078125 0.3859375 0.04296875 0.0359375
0 0.921875 0.4421875 0.04296875 0.04296875
0 0.859375 0.4484375 0.040625 0.0484375
0 0.834375 0.45546875 0.03359375 0.0359375
0 0.8078125 0.4703125 0.0484375 0.0453125
0 0.71171875 0.5203125 0.03125 0.03828125
0 0.6421875 0.51328125 0.0484375 0.04296875
0 0.51796875 0.56875 0.05546875 0.040625
0 0.44140625 0.57421875 0.05078125 0.03828125
0 0.35703125 0.71640625 0.03828125 0.04296875
0 0.53359375 0.75 0.03828125 0.0359375
0 0.5890625 0.921875 0.053125 0.0578125
0 0.58984375 0.97578125 0.04296875 0.040625
0 0.6609375 0.890625 0.03125 0.040625
0 0.6234375 0.85 0.02890625 0.04296875
0 0.6359375 0.7203125 0.0359375 0.02890625
0 0.56640625 0.6828125 0.03359375 0.03828125
0 0.8265625 0.88125 0.05078125 0.053125
0 0.82578125 0.8328125 0.05078125 0.0484375
0 0.8890625 0.834375 0.05546875 0.0578125
0 0.94921875 0.80625 0.05546875 0.05078125
0 0.89921875 0.88359375 0.053125 0.04296875
0 0.8421875 0.65390625 0.0453125 0.0359375
0 0.83046875 0.6046875 0.040625 0.0453125
0 0.62265625 0.6734375 0.02890625 0.02890625
0 0.884375 0.58515625 0.03828125 0.04296875
0 0.9640625 0.61328125 0.05078125 0.05078125
0 0.98515625 0.5640625 0.0296875 0.034375
0 0.9890625 0.0421875 0.021875 0.03828125
0 0.8171875 0.07109375 0.0265625 0.03828125
0 0.68984375 0.071875 0.040625 0.0484375
0 0.86640625 0.03359375 0.03828125 0.040625
0 0.85078125 0.0734375 0.03828125 0.02890625
0 0.7640625 0.0984375 0.040625 0.0484375
0 0.5484375 0.2171875 0.05078125 0.040625
0 0.4671875 0.2140625 0.040625 0.04296875
0 0.75234375 0.2609375 0.03125 0.02890625
0 0.5359375 0.32578125 0.040625 0.04296875
0 0.2984375 0.40625 0.0359375 0.02890625
0 0.7359375 0.6859375 0.03359375 0.03125
0 0.68359375 0.7015625 0.0265625 0.02890625
0 0.609375 0.72578125 0.02890625 0.02890625
0 0.98515625 0.74296875 0.0296875 0.0515625
0 0.66484375 0.8109375 0.03828125 0.06484375
0 0.1359375 0.5921875 0.021875 0.02890625