0 0.165625 0.96640625 0.03359375 0.053125
0 0.13125 0.81875 0.040625 0.03828125
0 0.13203125 0.7875 0.0578125 0.04296875
0 0.13359375 0.70078125 0.0484375 0.05546875
0 0.053125 0.603125 0.0359375 0.02890625
0 0.015625 0.4625 0.03125 0.06484375
0 0.12265625 0.4015625 0.0265625 0.0484375
0 0.06015625 0.4125 0.01953125 0.02421875
0 0.11171875 0.48671875 0.03828125 0.03359375
0 0.14453125 0.89296875 0.0265625 0.0453125
0 0.37890625 0.92890625 0.03359375 0.01953125
0 0.4046875 0.87890625 0.0359375 0.02421875
0 0.4625 0.85078125 0.021875 0.040625
0 0.2953125 0.775 0.03828125 0.03359375
0 0.22734375 0.4484375 0.0453125 0.03359375
0 0.259375 0.43984375 0.03359375 0.02890625
0 0.2921875 0.43359375 0.02890625 0.0265625
0 0.32421875 0.428125 0.0359375 0.02890625
0 0.3640625 0.4234375 0.0484375 0.03359375
0 0.42421875 0.4359375 0.0265625 0.021875
0 0.40390625 0.4625 0.03125 0.03125
0 0.38671875 0.5 0.03828125 0.0484375
0 0.3921875 0.58046875 0.04296875 0.03359375
0 0.49609375 0.53984375 0.0453125 0.03359375
0 0.49375 0.5734375 0.0453125 0.03828125
0 0.50390625 0.34609375 0.02890625 0.0265625
0 0.3421875 0.2125 0.0359375 0.02890625
0 0.38828125 0.16796875 0.021875 0.01953125
0 0.31484375 0.1203125 0.03828125 0.0484375
0 0.2046875 0.07109375 0.084375 0.04296875
0 0.20078125 0.0375 0.08203125 0.03828125
0 0.1203125 0.06484375 0.053125 0.07421875
0 0.01328125 0.05078125 0.0265625 0.053125
0 0.05859375 0.05390625 0.0625 0.10546875
0 0.15 0.19140625 0.05078125 0.03828125
0 0.46484375 0.38828125 0.0265625 0.0359375
0 0.41484375 0.103125 0.03125 0.02890625
0 0.459375 0.03125 0.02421875 0.040625
0 0.6 0.14765625 0.03828125 0.03125
0 0.6140625 0.08671875 0.03125 0.0359375
0 0.8140625 0.0828125 0.04296875 0.03125
0 0.7515625 0.228125 0.06953125 0.0484375
0 0.775 0.24765625 0.07421875 0.03359375
0 0.85078125 0.22734375 0.0796875 0.03828125
0 0.96875 0.1828125 0.05546875 0.0359375
0 0.96640625 0.5265625 0.0453125 0.0453125
0 0.97578125 0.61796875 0.040625 0.05546875
0 0.9078125 0.665625 0.040625 0.05078125
0 0.928125 0.709375 0.0625 0.05078125
0 0.9359375 0.74765625 0.04296875 0.0453125
0 0.97578125 0.7390625 0.04296875 0.021875