0 0.07109375 0.03359375 0.1421875 0.0671875
0 0.22734375 0.0625 0.13671875 0.11796875
0 0.1546875 0.21015625 0.053125 0.06015625
0 0.2046875 0.1921875 0.053125 0.053125
0 0.2140625 0.14765625 0.09140625 0.040625
0 0.21015625 0.115625 0.12265625 0.06484375
0 0.34140625 0.07421875 0.05546875 0.05078125
0 0.4 0.05546875 0.071875 0.0671875
0 0.53359375 0.0875 0.084375 0.0578125
0 0.853125 0.0875 0.0453125 0.040625
0 0.89921875 0.02421875 0.07421875 0.0484375
0 0.915625 0.0640625 0.06015625 0.05078125
0 0.071875 0.3453125 0.06953125 0.06015625
0 0.0265625 0.39921875 0.053125 0.0796875
0 0.09140625 0.38828125 0.071875 0.06484375
0 0.146875 0.390625 0.071875 0.0625
0 0.115625 0.421875 0.0765625 0.06015625
0 0.275 0.35234375 0.06015625 0.06015625
0 0.44921875 0.26171875 0.03828125 0.040625
0 0.53515625 0.22578125 0.05546875 0.05546875
0 0.57421875 0.2125 0.053125 0.0453125
0 0.6109375 0.20078125 0.05546875 0.053125
0 0.65 0.17421875 0.06953125 0.03828125
0 0.85078125 0.08515625 0.053125 0.0453125
0 0.95625 0.03828125 0.0875 0.0765625
0 0.83046875 0.1734375 0.0671875 0.0625
0 0.7640625 0.21015625 0.06953125 0.0578125
0 0.66796875 0.25390625 0.06953125 0.053125
0 0.578125 0.296875 0.06484375 0.0484375
0 0.44921875 0.26328125 0.053125 0.0578125
0 0.27265625 0.3546875 0.053125 0.06484375
0 0.1359375 0.46171875 0.08203125 0.0890625
0 0.05078125 0.56484375 0.09140625 0.11328125
0 0.115625 0.5359375 0.0796875 0.1109375
0 0.165625 0.5828125 0.0890625 0.08203125
0 0.1734375 0.6609375 0.0765625 0.0765625
0 0.025 0.88515625 0.05 0.0796875
0 0.12734375 0.765625 0.08671875 0.0796875
0 0.13125 0.828125 0.05078125 0.05546875
0 0.1921875 0.74375 0.05546875 0.06953125
0 0.234375 0.73203125 0.05078125 0.08203125
0 0.21171875 0.81484375 0.0625 0.06015625
0 0.16015625 0.9046875 0.07421875 0.05546875
0 0.171875 0.96171875 0.0484375 0.04296875
0 0.2640625 0.93125 0.071875 0.06015625
0 0.2796875 0.97578125 0.09375 0.0484375
0 0.36875 0.79296875 0.11328125 0.0890625
0 0.2921875 0.678125 0.09140625 0.0890625
0 0.2484375 0.54921875 0.03828125 0.0625
0 0.2796875 0.5625 0.04296875 0.0453125
0 0.36875 0.5375 0.0578125 0.0484375
0 0.41015625 0.4953125 0.071875 0.07421875
0 0.2984375 0.60078125 0.05078125 0.040625
0 0.35234375 0.58515625 0.0671875 0.03828125
0 0.38203125 0.6546875 0.084375 0.09609375
0 0.4328125 0.696875 0.07421875 0.0625
0 0.47578125 0.80859375 0.05078125 0.03828125
0 0.42578125 0.8640625 0.10078125 0.06484375
0 0.48671875 0.89921875 0.0484375 0.05078125
0 0.55390625 0.921875 0.0484375 0.0359375
0 0.5359375 0.82421875 0.08671875 0.0625
0 0.5953125 0.7921875 0.0625 0.040625
0 0.6140625 0.759375 0.04296875 0.03828125
0 0.6890625 0.7921875 0.09375 0.0984375
0 0.7078125 0.88359375 0.06953125 0.06015625
0 0.7828125 0.7921875 0.084375 0.084375
0 0.703125 0.671875 0.08671875 0.0625
0 0.7390625 0.7125 0.07421875 0.0484375
0 0.80625 0.6609375 0.125 0.115625
0 0.81875 0.75859375 0.0984375 0.0890625
0 0.5765625 0.59140625 0.06015625 0.06953125
0 0.540625 0.65 0.103125 0.10546875
0 0.5421875 0.725 0.08203125 0.0625
0 0.43125 0.57578125 0.06953125 0.04296875
0 0.49296875 0.5796875 0.05546875 0.0765625
0 0.303125 0.4171875 0.0984375 0.084375
0 0.38671875 0.3859375 0.10078125 0.115625
0 0.47109375 0.3609375 0.06953125 0.09375
0 0.73203125 0.359375 0.0484375 0.0484375
0 0.615625 0.4328125 0.05546875 0.040625
0 0.6359375 0.47734375 0.07421875 0.0796875
0 0.69609375 0.46640625 0.07421875 0.10546875
0 0.76328125 0.43046875 0.09375 0.07421875
0 0.8421875 0.2984375 0.0484375 0.03828125
0 0.94140625 0.24609375 0.04296875 0.04296875
0 0.92578125 0.3546875 0.07421875 0.09140625
0 0.87109375 0.353125 0.05078125 0.06953125
0 0.85703125 0.41796875 0.071875 0.09375
0 0.97734375 0.36796875 0.04296875 0.1203125
0 0.93984375 0.4375 0.103125 0.11796875
0 0.7984375 0.5109375 0.053125 0.0578125
0 0.73046875 0.56953125 0.04296875 0.06015625
0 0.72265625 0.50703125 0.05078125 0.0578125
0 0.77890625 0.540625 0.084375 0.0796875
0 0.88671875 0.4859375 0.06015625 0.053125
0 0.834375 0.5046875 0.0671875 0.084375
0 0.8640625 0.59765625 0.05546875 0.05546875
0 0.9171875 0.5890625 0.05546875 0.0453125
0 0.98046875 0.478125 0.03828125 0.09609375
0 0.9421875 0.51171875 0.115625 0.084375
0 0.9671875 0.6359375 0.053125 0.05546875
0 0.921875 0.634375 0.0578125 0.05546875
0 0.9515625 0.6734375 0.06015625 0.0484375
0 0.93046875 0.8734375 0.0453125 0.053125
0 0.97421875 0.95859375 0.0515625 0.0828125
0 0.02421875 0.95859375 0.0484375 0.0828125