0 0.0265625 0.02734375 0.053125 0.0546875
0 0.07421875 0.02890625 0.071875 0.0578125
0 0.02734375 0.084375 0.0546875 0.059375
0 0.04453125 0.06484375 0.071875 0.0453125
0 0.0734375 0.10234375 0.0578125 0.0453125
0 0.1109375 0.06640625 0.071875 0.0671875
0 0.05390625 0.1203125 0.0484375 0.0453125
0 0.18046875 0.0953125 0.04296875 0.0453125
0 0.21875 0.16484375 0.0453125 0.0453125
0 0.446875 0.0828125 0.06015625 0.06015625
0 0.365625 0.07421875 0.0625 0.0578125
0 0.51171875 0.03125 0.0796875 0.0625
0 0.63125 0.0640625 0.06484375 0.071875
0 0.6859375 0.18515625 0.06953125 0.071875
0 0.5875 0.2328125 0.0578125 0.0578125
0 0.5359375 0.2390625 0.06484375 0.0671875
0 0.490625 0.25625 0.0453125 0.04296875
0 0.43359375 0.228125 0.0578125 0.06953125
0 0.27734375 0.2046875 0.06015625 0.07421875
0 0.359375 0.2328125 0.1078125 0.071875
0 0.1078125 0.15 0.0578125 0.06953125
0 0.11171875 0.203125 0.0671875 0.10078125
0 0.18359375 0.1875 0.08203125 0.09375
0 0.13125 0.275 0.0796875 0.09140625
0 0.16484375 0.22265625 0.0625 0.0453125
0 0.178125 0.2546875 0.05078125 0.053125
0 0.2140625 0.2703125 0.0765625 0.084375
0 0.265625 0.290625 0.06015625 0.0625
0 0.265625 0.36875 0.0453125 0.03828125
0 0.32578125 0.3109375 0.14921875 0.1296875
0 0.46171875 0.34140625 0.12265625 0.11796875
0 0.52421875 0.37890625 0.06953125 0.08671875
0 0.55546875 0.3375 0.09140625 0.1078125
0 0.6234375 0.3109375 0.14453125 0.14921875
0 0.7140625 0.31484375 0.05546875 0.0671875
0 0.7765625 0.38671875 0.0765625 0.08671875
0 0.84375 0.33046875 0.0765625 0.0890625
0 0.92890625 0.428125 0.0765625 0.0765625
0 0.88125 0.4015625 0.0453125 0.0765625
0 0.821875 0.1234375 0.0625 0.06484375
0 0.87265625 0.109375 0.0484375 0.0578125
0 0.953125 0.14453125 0.04296875 0.04296875
0 0.9828125 0.10703125 0.03359375 0.040625
0 0.053125 0.546875 0.06953125 0.05546875
0 0.0921875 0.5796875 0.06953125 0.071875
0 0.14453125 0.56015625 0.06953125 0.071875
0 0.17421875 0.52265625 0.06953125 0.06484375
0 0.2234375 0.4703125 0.0671875 0.071875
0 0.2640625 0.4359375 0.08203125 0.06484375
0 0.29296875 0.384375 0.06015625 0.0625
0 0.36328125 0.38203125 0.0765625 0.08671875
0 0.334375 0.428125 0.08671875 0.0625
0 0.30078125 0.4640625 0.0765625 0.07421875
0 0.271875 0.5015625 0.06953125 0.07421875
0 0.2390625 0.5515625 0.0984375 0.0765625
0 0.2015625 0.58203125 0.0890625 0.08671875
0 0.17421875 0.61796875 0.08203125 0.08671875
0 0.1359375 0.6421875 0.06953125 0.0765625
0 0.10703125 0.6921875 0.0625 0.06015625
0 0.0328125 0.60703125 0.06484375 0.06484375
0 0.04453125 0.6421875 0.06953125 0.05546875
0 0.0578125 0.68984375 0.05078125 0.05078125
0 0.06484375 0.74765625 0.0625 0.06484375
0 0.11796875 0.7328125 0.06484375 0.071875
0 0.1 0.78125 0.06953125 0.08671875
0 0.15859375 0.78359375 0.06484375 0.0765625
0 0.209375 0.828125 0.06953125 0.08671875
0 0.2671875 0.75234375 0.071875 0.05546875
0 0.4078125 0.5421875 0.13671875 0.13671875
0 0.17890625 0.68359375 0.0984375 0.10546875
0 0.2546875 0.68125 0.09140625 0.10546875
0 0.375 0.66328125 0.06015625 0.06015625
0 0.1359375 0.8765625 0.0625 0.071875
0 0.103125 0.94453125 0.09375 0.103125
0 0.1625 0.93828125 0.071875 0.1234375
0 0.22734375 0.9359375 0.0796875 0.12734375
0 0.33984375 0.875 0.0578125 0.0578125
0 0.36171875 0.8265625 0.0625 0.05078125
0 0.4046875 0.88359375 0.05546875 0.0796875
0 0.4734375 0.896875 0.03828125 0.05078125
0 0.51953125 0.478125 0.06015625 0.05546875
0 0.51171875 0.521875 0.05078125 0.05078125
0 0.63671875 0.4625 0.0359375 0.03828125
0 0.725 0.5 0.071875 0.07421875
0 0.93984375 0.50859375 0.0671875 0.0765625
0 0.64296875 0.5453125 0.10546875 0.103125
0 0.5875 0.6140625 0.05078125 0.06484375
0 0.68046875 0.5953125 0.071875 0.06484375
0 0.69375 0.64453125 0.07421875 0.06484375
0 0.74609375 0.6234375 0.07421875 0.071875
0 0.78828125 0.5890625 0.0484375 0.040625
0 0.821875 0.603125 0.06484375 0.05546875
0 0.8421875 0.56953125 0.08671875 0.071875
0 0.8609375 0.52890625 0.06484375 0.06953125
0 0.90234375 0.525 0.04296875 0.0671875
0 0.98046875 0.3296875 0.03828125 0.0453125
0 0.9078125 0.06875 0.07421875 0.05078125
0 0.97421875 0.01875 0.0515625 0.0375
0 0.40234375 0.7328125 0.0890625 0.08671875
0 0.4015625 0.7984375 0.0671875 0.0578125
0 0.428125 0.8328125 0.08671875 0.06484375
0 0.459375 0.7765625 0.053125 0.071875
0 0.52265625 0.76796875 0.06953125 0.05546875
0 0.5375 0.71875 0.05546875 0.0625
0 0.47265625 0.6671875 0.040625 0.053125
0 0.64296875 0.71640625 0.06953125 0.08671875
0 0.70078125 0.71484375 0.071875 0.08203125
0 0.5984375 0.76171875 0.103125 0.07421875
0 0.61875 0.80390625 0.08671875 0.0796875
0 0.51171875 0.8609375 0.07421875 0.06015625
0 0.58671875 0.859375 0.08671875 0.0765625
0 0.51328125 0.896875 0.06015625 0.0578125
0 0.5578125 0.915625 0.06484375 0.05078125
0 0.6265625 0.9234375 0.10546875 0.11328125
0 0.67890625 0.8734375 0.053125 0.0453125
0 0.68046875 0.93515625 0.05546875 0.05078125
0 0.66953125 0.98046875 0.09375 0.03828125
0 0.77734375 0.91796875 0.05546875 0.0625
0 0.82578125 0.93125 0.071875 0.05546875
0 0.88125 0.9234375 0.0578125 0.053125
0 0.865625 0.96640625 0.134375 0.0671875