0 0.30546875 0.0734375 0.0484375 0.0484375
0 0.3421875 0.071875 0.0484375 0.05546875
0 0.53515625 0.09609375 0.08203125 0.09140625
0 0.5890625 0.084375 0.0578125 0.05546875
0 0.57421875 0.03359375 0.0671875 0.0671875
0 0.63203125 0.0203125 0.053125 0.040625
0 0.66015625 0.03828125 0.040625 0.04296875
0 0.6859375 0.053125 0.05546875 0.05078125
0 0.72578125 0.0296875 0.0796875 0.059375
0 0.41796875 0.02265625 0.0765625 0.0453125
0 0.1671875 0.66796875 0.09375 0.084375
0 0.22265625 0.50625 0.05078125 0.05078125
0 0.21015625 0.4515625 0.04296875 0.0453125
0 0.1625 0.48046875 0.04296875 0.04296875
0 0.29453125 0.3953125 0.0453125 0.04296875
0 0.33515625 0.3546875 0.06484375 0.0625
0 0.38203125 0.40859375 0.0625 0.06953125
0 0.35078125 0.45078125 0.0671875 0.0671875
0 0.4078125 0.3703125 0.05078125 0.0453125
0 0.49375 0.3265625 0.06484375 0.06015625
0 0.43359375 0.296875 0.09375 0.08203125
0 0.4 0.24140625 0.06953125 0.0625
0 0.475 0.225 0.08203125 0.09140625
0 0.4359375 0.19453125 0.08203125 0.06484375
0 0.4796875 0.1453125 0.0765625 0.07421875
0 0.70078125 0.19921875 0.0578125 0.06484375
0 0.740625 0.17578125 0.08203125 0.07421875
0 0.78984375 0.14921875 0.053125 0.05078125
0 0.75703125 0.13125 0.0484375 0.0453125
0 0.7015625 0.275 0.0796875 0.06953125
0 0.459375 0.57578125 0.071875 0.0671875
0 0.30390625 0.58671875 0.03125 0.02890625
0 0.4078125 0.63671875 0.0671875 0.06484375
0 0.43046875 0.7359375 0.0796875 0.06484375
0 0.15 0.74765625 0.053125 0.05078125
0 0.04296875 0.86328125 0.0859375 0.0796875
0 0.1109375 0.9 0.0453125 0.05546875
0 0.13125 0.91796875 0.03359375 0.04296875
0 0.14765625 0.93984375 0.0359375 0.04296875
0 0.39453125 0.915625 0.05078125 0.05546875
0 0.5671875 0.98203125 0.03828125 0.0359375
0 0.68046875 0.96015625 0.0578125 0.0578125
0 0.62265625 0.76328125 0.08203125 0.0796875
0 0.67890625 0.6578125 0.0765625 0.07421875
0 0.7078125 0.58984375 0.0625 0.0625
0 0.73828125 0.634375 0.0578125 0.053125
0 0.78984375 0.68359375 0.071875 0.06484375
0 0.765625 0.728125 0.06484375 0.0625
0 0.821875 0.76796875 0.05078125 0.06953125
0 0.76171875 0.78515625 0.08203125 0.06953125
0 0.759375 0.859375 0.10546875 0.084375
0 0.8421875 0.88359375 0.0625 0.053125
0 0.91953125 0.7859375 0.09140625 0.10078125
0 0.84375 0.71640625 0.0453125 0.04296875
0 0.85078125 0.66328125 0.0671875 0.05078125
0 0.771875 0.57578125 0.0765625 0.084375
0 0.7875 0.47734375 0.0578125 0.0484375
0 0.81953125 0.584375 0.0484375 0.06484375
0 0.86640625 0.615625 0.09140625 0.08203125
0 0.93046875 0.59609375 0.0796875 0.06953125
0 0.928125 0.5171875 0.06484375 0.06015625
0 0.86328125 0.5484375 0.05546875 0.06015625
0 0.83671875 0.50859375 0.0625 0.0671875
0 0.8609375 0.45703125 0.084375 0.0765625
0 0.7453125 0.43984375 0.05546875 0.0625
0 0.765625 0.390625 0.08203125 0.0671875
0 0.775 0.3484375 0.06015625 0.04296875
0 0.8375 0.35234375 0.0671875 0.06015625
0 0.86875 0.31953125 0.06484375 0.071875
0 0.95546875 0.33984375 0.0890625 0.0671875
0 0.9625 0.3921875 0.06484375 0.053125
0 0.9390625 0.42890625 0.06953125 0.071875
0 0.8953125 0.40390625 0.05078125 0.05546875
0 0.9625 0.28515625 0.07421875 0.06015625
0 0.89921875 0.22265625 0.06015625 0.0671875
0 0.9375 0.1828125 0.04296875 0.05078125
0 0.97265625 0.18515625 0.0453125 0.0484375
0 0.96640625 0.2328125 0.0671875 0.0484375
0 0.97109375 0.64765625 0.0578125 0.09375
0 0.0265625 0.79453125 0.053125 0.06015625
0 0.2953125 0.7234375 0.06015625 0.05546875
0 0.2859375 0.771875 0.03359375 0.040625
0 0.46640625 0.90625 0.03359375 0.03828125
0 0.33203125 0.7921875 0.05078125 0.03828125
0 0.70546875 0.75625 0.0671875 0.08203125
0 0.76328125 0.509375 0.0578125 0.0453125
0 0.05078125 0.01171875 0.0453125 0.0234375