0 0.08984375 0.04453125 0.1109375 0.0890625
0 0.1703125 0.01953125 0.16796875 0.03828125
0 0.26796875 0.1109375 0.0484375 0.040625
0 0.3859375 0.078125 0.05546875 0.03828125
0 0.43984375 0.06484375 0.0671875 0.0453125
0 0.775 0.03984375 0.11796875 0.0796875
0 0.88203125 0.00859375 0.0765625 0.0171875
0 0.9328125 0.04921875 0.115625 0.0984375
0 0.9234375 0.10703125 0.0890625 0.09375
0 0.93515625 0.165625 0.0765625 0.0765625
0 0.97109375 0.09375 0.0578125 0.06484375
0 0.97734375 0.13671875 0.04296875 0.0625
0 0.98046875 0.18359375 0.03828125 0.05546875
0 0.94140625 0.21171875 0.0796875 0.0765625
0 0.96015625 0.24609375 0.0796875 0.07421875
0 0.95859375 0.2984375 0.0828125 0.075
0 0.971875 0.37421875 0.05625 0.0765625
0 0.8328125 0.2765625 0.06953125 0.071875
0 0.81015625 0.171875 0.08203125 0.06484375
0 0.796875 0.09375 0.071875 0.0484375
0 0.80546875 0.12734375 0.0625 0.04296875
0 0.85078125 0.3546875 0.0796875 0.06484375
0 0.85546875 0.41015625 0.08203125 0.05546875
0 0.86640625 0.45546875 0.0890625 0.0625
0 0.85703125 0.50859375 0.0890625 0.0671875
0 0.396875 0.2078125 0.084375 0.05546875
0 0.13203125 0.4125 0.053125 0.05546875
0 0.03125 0.4859375 0.0625 0.053125
0 0.06484375 0.5328125 0.053125 0.0484375
0 0.12734375 0.4671875 0.06015625 0.071875
0 0.16484375 0.4546875 0.06015625 0.06484375
0 0.13828125 0.53828125 0.084375 0.084375
0 0.025 0.62578125 0.05 0.0859375
0 0.06953125 0.62265625 0.05078125 0.0671875
0 0.16796875 0.6765625 0.12265625 0.11328125
0 0.25 0.6703125 0.071875 0.1109375
0 0.3109375 0.6625 0.06015625 0.11328125
0 0.37265625 0.6625 0.09375 0.0890625
0 0.4375 0.64765625 0.06015625 0.08671875
0 0.49609375 0.66328125 0.06015625 0.10546875
0 0.91328125 0.5953125 0.071875 0.09140625
0 0.96484375 0.7171875 0.06015625 0.06484375
0 0.9828125 0.765625 0.03359375 0.0578125
0 0.81640625 0.7125 0.0578125 0.06015625
0 0.75703125 0.72578125 0.08671875 0.08671875
0 0.48828125 0.90390625 0.05078125 0.05078125
0 0.4484375 0.9234375 0.0484375 0.0578125
0 0.39921875 0.946875 0.0625 0.0484375
0 0.5453125 0.96484375 0.0890625 0.06953125
0 0.78359375 0.8453125 0.0890625 0.09140625
0 0.8546875 0.83671875 0.05078125 0.04296875
0 0.8734375 0.86875 0.08203125 0.04296875
0 0.9234375 0.91484375 0.0578125 0.053125
0 0.24609375 0.77421875 0.12734375 0.10546875
0 0.34609375 0.76328125 0.053125 0.0484375
0 0.38359375 0.48671875 0.040625 0.03359375
0 0.39921875 0.30390625 0.0453125 0.040625
0 0.02734375 0.83828125 0.0546875 0.0796875
0 0.07109375 0.88125 0.06015625 0.0578125
0 0.12890625 0.88359375 0.071875 0.05546875
0 0.146875 0.92421875 0.05546875 0.05546875
0 0.1390625 0.96171875 0.06484375 0.0625
0 0.015625 0.90234375 0.03125 0.05078125
0 0.0359375 0.93125 0.071875 0.05546875
0 0.0765625 0.94140625 0.0625 0.05078125
0 0.0953125 0.97109375 0.040625 0.05078125
0 0.665625 0.10234375 0.0453125 0.040625
0 0.6578125 0.1359375 0.04296875 0.03828125
0 0.646875 0.2203125 0.07421875 0.0765625
0 0.6546875 0.1734375 0.0578125 0.0484375
0 0.4859375 0.5625 0.0359375 0.0359375
0 0.728125 0.5265625 0.06953125 0.06015625
0 0.6515625 0.275 0.09609375 0.08671875
0 0.66953125 0.33515625 0.06015625 0.0578125
0 0.71640625 0.3140625 0.0453125 0.0578125
0 0.7453125 0.47265625 0.05546875 0.04296875
0 0.7640625 0.53125 0.05078125 0.0578125
0 0.6625 0.90859375 0.0484375 0.04296875
0 0.69453125 0.87890625 0.03828125 0.05546875
0 0.71484375 0.4046875 0.06484375 0.0484375