0 0.0203125 0.05390625 0.040625 0.0796875
0 0.06015625 0.04921875 0.0625 0.0625
0 0.13125 0.0640625 0.103125 0.11328125
0 0.165625 0.01796875 0.09609375 0.0359375
0 0.20546875 0.06484375 0.084375 0.0671875
0 0.1765625 0.14921875 0.0765625 0.06953125
0 0.05546875 0.13828125 0.1109375 0.0796875
0 0.0828125 0.11640625 0.09609375 0.08203125
0 0.24765625 0.11640625 0.08671875 0.0890625
0 0.3328125 0.0828125 0.09375 0.0796875
0 0.3953125 0.0640625 0.07421875 0.084375
0 0.459375 0.0375 0.0890625 0.07421875
0 0.54921875 0.02421875 0.103125 0.0484375
0 0.0359375 0.33046875 0.071875 0.1515625
0 0.025 0.21328125 0.05 0.1484375
0 0.165625 0.475 0.178125 0.13203125
0 0.46015625 0.35234375 0.084375 0.0671875
0 0.57578125 0.3234375 0.06953125 0.053125
0 0.78515625 0.30390625 0.06015625 0.06953125
0 0.828125 0.27734375 0.0671875 0.07421875
0 0.87734375 0.271875 0.0578125 0.06015625
0 0.92578125 0.2640625 0.0484375 0.04296875
0 0.90625 0.4890625 0.11796875 0.103125
0 0.8375 0.5203125 0.05546875 0.06015625
0 0.96875 0.27890625 0.0625 0.09140625
0 0.459375 0.5421875 0.06015625 0.06484375
0 0.63828125 0.53125 0.05546875 0.0484375
0 0.7078125 0.5140625 0.08671875 0.07421875
0 0.2765625 0.74375 0.09140625 0.115625
0 0.02421875 0.6078125 0.0484375 0.06015625
0 0.1515625 0.56484375 0.1109375 0.06953125
0 0.078125 0.7640625 0.08203125 0.103125
0 0.11328125 0.8609375 0.06953125 0.08203125
0 0.3171875 0.8921875 0.06484375 0.06484375
0 0.36640625 0.96640625 0.17578125 0.0671875
0 0.49609375 0.8328125 0.0578125 0.0625
0 0.51171875 0.66796875 0.05546875 0.07421875
0 0.6515625 0.65234375 0.05078125 0.06953125
0 0.78359375 0.7203125 0.09375 0.115625
0 0.88828125 0.65 0.1390625 0.14453125
0 0.97734375 0.91953125 0.04296875 0.09609375
0 0.93046875 0.91796875 0.0625 0.08671875
0 0.875 0.92890625 0.053125 0.06953125
0 0.8125 0.93125 0.08203125 0.08671875
0 0.571875 0.65625 0.06484375 0.09375
0 0.56875 0.72265625 0.08671875 0.05546875
0 0.478125 0.71171875 0.0625 0.06015625
0 0.56484375 0.7671875 0.08671875 0.05546875
0 0.4953125 0.76953125 0.0671875 0.09375
0 0.5359375 0.953125 0.084375 0.09375
0 0.62109375 0.9390625 0.09609375 0.1078125
0 0.71171875 0.92890625 0.103125 0.11328125
0 0.98046875 0.97578125 0.03828125 0.0484375
0 0.3125 0.81015625 0.0671875 0.071875
0 0.94609375 0.0171875 0.08203125 0.03359375
0 0.5203125 0.53984375 0.03828125 0.03828125
0 0.63671875 0.2984375 0.0359375 0.0359375
0 0.7046875 0.2953125 0.03359375 0.0484375
0 0.72734375 0.3234375 0.03828125 0.0265625
0 0.73671875 0.2875 0.03828125 0.0265625