0 0.44921875 0.09140625 0.15625 0.14453125
0 0.55859375 0.07421875 0.07421875 0.06484375
0 0.69453125 0.078125 0.071875 0.053125
0 0.728125 0.04921875 0.0671875 0.07421875
0 0.7640625 0.1 0.06953125 0.06953125
0 0.6140625 0.203125 0.0625 0.0625
0 0.6140625 0.2546875 0.0625 0.0578125
0 0.66796875 0.27734375 0.05546875 0.06484375
0 0.69609375 0.2015625 0.0625 0.07421875
0 0.734375 0.2234375 0.07421875 0.06484375
0 0.15234375 0.3609375 0.05078125 0.0359375
0 0.1421875 0.38125 0.03828125 0.03828125
0 0.05546875 0.55390625 0.1109375 0.11796875
0 0.0203125 0.6109375 0.040625 0.04296875
0 0.05859375 0.71171875 0.1171875 0.0921875
0 0.07109375 0.78828125 0.13203125 0.09609375
0 0.15625 0.87890625 0.05078125 0.0578125
0 0.78359375 0.53828125 0.08203125 0.0796875
0 0.95078125 0.52265625 0.0671875 0.0765625
0 0.428125 0.81875 0.053125 0.06015625
0 0.46484375 0.83046875 0.0484375 0.0484375
0 0.5015625 0.8109375 0.05078125 0.06015625
0 0.5484375 0.80546875 0.0484375 0.05078125
0 0.58671875 0.803125 0.03828125 0.05546875
0 0.63359375 0.8078125 0.0671875 0.05546875
0 0.66796875 0.79296875 0.05546875 0.0484375
0 0.70546875 0.78515625 0.06484375 0.06484375
0 0.7453125 0.7828125 0.0578125 0.071875
0 0.7859375 0.77265625 0.040625 0.06015625
0 0.94921875 0.66484375 0.06953125 0.0796875
0 0.971875 0.86796875 0.05625 0.0640625
0 0.96875 0.9421875 0.0625 0.1078125
0 0.01171875 0.5328125 0.0234375 0.053125