0 0.046875 0.2859375 0.0671875 0.05078125
0 0.02265625 0.3234375 0.0453125 0.05078125
0 0.02265625 0.375 0.0453125 0.05546875
0 0.0796875 0.3953125 0.053125 0.05078125
0 0.09609375 0.3125 0.03359375 0.04296875
0 0.0625 0.3390625 0.040625 0.05078125
0 0.0796875 0.453125 0.071875 0.0671875
0 0.02421875 0.5015625 0.0484375 0.05078125
0 0.05859375 0.540625 0.03828125 0.040625
0 0.01171875 0.56328125 0.0234375 0.0484375
0 0.1453125 0.70078125 0.0453125 0.0484375
0 0.17578125 0.6265625 0.05546875 0.0578125
0 0.12890625 0.59609375 0.0484375 0.053125
0 0.10078125 0.56484375 0.05078125 0.0484375
0 0.12890625 0.4890625 0.03828125 0.0453125
0 0.08203125 0.51171875 0.05078125 0.04296875
0 0.14921875 0.54921875 0.03828125 0.03125
0 0.17421875 0.571875 0.040625 0.04296875
0 0.16796875 0.53359375 0.02890625 0.0359375
0 0.19921875 0.53359375 0.04296875 0.05546875
0 0.22578125 0.5875 0.053125 0.0484375
0 0.25390625 0.54453125 0.0453125 0.04296875
0 0.1671875 0.44609375 0.05078125 0.04296875
0 0.2015625 0.47109375 0.0484375 0.0625
0 0.240625 0.46875 0.03828125 0.0484375
0 0.22265625 0.37890625 0.03828125 0.04296875
0 0.1453125 0.35 0.040625 0.0453125
0 0.1703125 0.39921875 0.053125 0.040625
0 0.125 0.43046875 0.053125 0.06015625
0 0.02890625 0.42890625 0.05546875 0.03828125
0 0.19375 0.31015625 0.05546875 0.053125
0 0.14296875 0.28984375 0.05078125 0.053125
0 0.17578125 0.25703125 0.053125 0.05078125
0 0.18515625 0.225 0.06015625 0.06015625
0 0.23203125 0.1828125 0.0484375 0.05078125
0 0.18515625 0.1734375 0.05078125 0.0453125
0 0.265625 0.2796875 0.0578125 0.0671875
0 0.26328125 0.35703125 0.06484375 0.0625
0 0.3078125 0.29296875 0.0359375 0.05546875
0 0.31015625 0.2171875 0.04296875 0.0453125
0 0.2171875 0.134375 0.04296875 0.0453125
0 0.171875 0.103125 0.0359375 0.040625
0 0.18046875 0.05625 0.03359375 0.03125
0 0.20703125 0.01953125 0.03359375 0.03828125
0 0.1609375 0.03359375 0.0265625 0.040625
0 0.2640625 0.11640625 0.0484375 0.0484375
0 0.32109375 0.021875 0.0453125 0.03359375
0 0.3375 0.0796875 0.0484375 0.040625
0 0.290625 0.084375 0.04296875 0.03828125
0 0.38359375 0.0609375 0.0484375 0.0484375
0 0.40859375 0.03359375 0.04296875 0.0359375
0 0.3703125 0.025 0.0484375 0.03125
0 0.375 0.13671875 0.03828125 0.03359375
0 0.31640625 0.16953125 0.04296875 0.040625
0 0.2703125 0.2203125 0.0453125 0.04296875
0 0.353125 0.24296875 0.040625 0.0359375
0 0.37265625 0.1875 0.040625 0.053125
0 0.4125 0.1578125 0.03828125 0.03828125
0 0.42421875 0.11796875 0.03828125 0.0359375
0 0.39765625 0.10703125 0.0484375 0.03359375
0 0.4328125 0.078125 0.04296875 0.03828125
0 0.47265625 0.05390625 0.0625 0.0578125
0 0.47578125 0.1140625 0.05546875 0.05546875
0 0.52265625 0.0890625 0.06015625 0.05546875
0 0.5640625 0.0734375 0.05546875 0.05546875
0 0.553125 0.02265625 0.09375 0.0453125
0 0.6578125 0.05078125 0.04296875 0.040625
0 0.66015625 0.109375 0.05546875 0.0484375
0 0.6234375 0.134375 0.06953125 0.0484375
0 0.60234375 0.17421875 0.0484375 0.04296875
0 0.5609375 0.14296875 0.05546875 0.04296875
0 0.55546875 0.19375 0.053125 0.06015625
0 0.4828125 0.178125 0.08203125 0.07421875
0 0.41484375 0.23046875 0.0453125 0.0484375
0 0.45546875 0.26328125 0.05078125 0.053125
0 0.3921875 0.2796875 0.0578125 0.053125
0 0.3484375 0.31015625 0.053125 0.05078125
0 0.30625 0.4 0.0484375 0.0484375
0 0.3453125 0.38203125 0.071875 0.07421875
0 0.39453125 0.36171875 0.0671875 0.06484375
0 0.41953125 0.3234375 0.053125 0.05078125
0 0.46015625 0.31953125 0.0484375 0.053125
0 0.4484375 0.390625 0.0578125 0.0578125
0 0.49296875 0.3640625 0.0453125 0.0578125
0 0.54296875 0.33984375 0.06484375 0.06015625
0 0.4953125 0.28828125 0.03828125 0.06015625
0 0.540625 0.25390625 0.07421875 0.06015625
0 0.6 0.22734375 0.04296875 0.0578125
0 0.65390625 0.23203125 0.05078125 0.0484375
0 0.6109375 0.28125 0.06484375 0.0484375
0 0.64296875 0.3109375 0.0453125 0.0578125
0 0.68515625 0.32109375 0.05078125 0.04296875
0 0.7078125 0.34375 0.03359375 0.05546875
0 0.7453125 0.353125 0.05078125 0.0625
0 0.7640625 0.29296875 0.03828125 0.0453125
0 0.71484375 0.2453125 0.04296875 0.0453125
0 0.7078125 0.1984375 0.0484375 0.0484375
0 0.6515625 0.18125 0.05546875 0.0453125
0 0.71015625 0.15390625 0.03828125 0.03359375
0 0.75390625 0.1765625 0.0484375 0.05078125
0 0.7359375 0.115625 0.07421875 0.06015625
0 0.76328125 0.0625 0.08203125 0.053125
0 0.8015625 0.1109375 0.04296875 0.0359375
0 0.82421875 0.0625 0.05078125 0.0578125
0 0.86796875 0.09140625 0.0359375 0.053125
0 0.91328125 0.10078125 0.0265625 0.04296875
0 0.8171875 0.1515625 0.0484375 0.0453125
0 0.8734375 0.14453125 0.04296875 0.040625
0 0.91484375 0.17421875 0.02421875 0.0765625
0 0.84609375 0.19375 0.0453125 0.0484375
0 0.80625 0.19453125 0.05078125 0.04296875
0 0.79296875 0.23828125 0.053125 0.0578125
0 0.86875 0.23828125 0.053125 0.0453125
0 0.8375 0.26796875 0.0359375 0.03359375
0 0.8609375 0.2859375 0.03828125 0.0484375
0 0.928125 0.23828125 0.03828125 0.0484375
0 0.959375 0.26953125 0.03828125 0.040625
0 0.9390625 0.16953125 0.05078125 0.040625
0 0.9828125 0.2015625 0.03359375 0.07421875
0 0.978125 0.12734375 0.04296875 0.0625
0 0.9421875 0.01796875 0.06484375 0.0359375
0 0.86328125 0.0140625 0.0546875 0.028125
0 0.96484375 0.0640625 0.06953125 0.05078125
0 0.90390625 0.30625 0.0359375 0.0359375
0 0.87890625 0.3375 0.04296875 0.04296875
0 0.83515625 0.31015625 0.03828125 0.04296875
0 0.8078125 0.3640625 0.05078125 0.0578125
0 0.78359375 0.43515625 0.0453125 0.0453125
0 0.6875 0.39296875 0.0625 0.05546875
0 0.59375 0.37890625 0.0578125 0.06484375
0 0.6234375 0.40859375 0.0484375 0.0484375
0 0.67578125 0.44453125 0.06484375 0.05546875
0 0.6453125 0.478125 0.040625 0.05078125
0 0.61328125 0.4625 0.040625 0.05078125
0 0.5734375 0.43125 0.053125 0.0359375
0 0.51171875 0.45078125 0.0453125 0.0671875
0 0.5578125 0.49375 0.05078125 0.03828125
0 0.603125 0.50703125 0.053125 0.040625
0 0.65625 0.51796875 0.040625 0.03125
0 0.4390625 0.47734375 0.053125 0.0453125
0 0.40859375 0.421875 0.04296875 0.04296875
0 0.3640625 0.48671875 0.05546875 0.06484375
0 0.30546875 0.44609375 0.04296875 0.04296875
0 0.2390625 0.4171875 0.040625 0.0359375
0 0.290625 0.48671875 0.05078125 0.040625
0 0.2765625 0.51953125 0.040625 0.040625
0 0.32421875 0.5171875 0.0359375 0.0453125
0 0.2609375 0.61328125 0.04296875 0.0453125
0 0.2859375 0.58203125 0.04296875 0.04296875
0 0.1515625 0.7390625 0.053125 0.06484375
0 0.08984375 0.7234375 0.053125 0.053125
0 0.06953125 0.76796875 0.071875 0.071875
0 0.03359375 0.8109375 0.0671875 0.06015625
0 0.025 0.85859375 0.05 0.0640625
0 0.0171875 0.92578125 0.03359375 0.06484375
0 0.02421875 0.978125 0.0484375 0.04296875
0 0.0734375 0.9734375 0.0671875 0.05078125
0 0.10546875 0.93515625 0.09375 0.06484375
0 0.17890625 0.975 0.06484375 0.0453125
0 0.1734375 0.93046875 0.05078125 0.0453125
0 0.24140625 0.9171875 0.08671875 0.0890625
0 0.1078125 0.86796875 0.05078125 0.04296875
0 0.171875 0.8765625 0.06484375 0.05078125
0 0.11328125 0.8125 0.0625 0.0625
0 0.196875 0.79921875 0.040625 0.040625
0 0.16328125 0.8390625 0.06484375 0.04296875
0 0.24296875 0.84375 0.0984375 0.0796875
0 0.321875 0.84609375 0.084375 0.0796875
0 0.375 0.8453125 0.04296875 0.0578125
0 0.45703125 0.8125 0.0453125 0.0484375
0 0.4984375 0.80078125 0.040625 0.0484375
0 0.5421875 0.7921875 0.053125 0.08203125
0 0.61640625 0.7640625 0.07421875 0.09609375
0 0.49609375 0.734375 0.0625 0.07421875
0 0.4203125 0.79453125 0.04296875 0.05546875
0 0.4421875 0.7609375 0.053125 0.053125
0 0.30625 0.7609375 0.0765625 0.0578125
0 0.3484375 0.728125 0.0484375 0.06015625
0 0.3921875 0.74140625 0.05078125 0.06015625
0 0.259375 0.71875 0.053125 0.05546875
0 0.28828125 0.6765625 0.02890625 0.03828125
0 0.303125 0.7078125 0.04296875 0.0484375
0 0.3296875 0.67578125 0.0625 0.06015625
0 0.359375 0.64921875 0.05546875 0.0578125
0 0.2046875 0.696875 0.0671875 0.06015625
0 0.24296875 0.6625 0.040625 0.03828125
0 0.209375 0.65390625 0.03828125 0.040625
0 0.4234375 0.66015625 0.06484375 0.06953125
0 0.52265625 0.671875 0.06015625 0.05078125
0 0.584375 0.6609375 0.0359375 0.0453125
0 0.6265625 0.6828125 0.06484375 0.0578125
0 0.70078125 0.70078125 0.0578125 0.053125
0 0.7640625 0.71484375 0.053125 0.0453125
0 0.74296875 0.671875 0.05078125 0.053125
0 0.69609375 0.65234375 0.07421875 0.05546875
0 0.6859375 0.6109375 0.05546875 0.0453125
0 0.62890625 0.61875 0.05546875 0.06484375
0 0.53984375 0.6234375 0.07421875 0.05546875
0 0.58046875 0.5765625 0.053125 0.07421875
0 0.43984375 0.61171875 0.05546875 0.053125
0 0.35703125 0.5921875 0.06953125 0.05546875
0 0.38359375 0.5671875 0.05546875 0.0578125
0 0.446875 0.5625 0.06484375 0.0484375
0 0.4109375 0.5140625 0.0484375 0.040625
0 0.51953125 0.55078125 0.071875 0.06953125
0 0.6609375 0.5578125 0.06484375 0.05546875
0 0.7140625 0.55390625 0.0578125 0.06015625
0 0.75703125 0.6078125 0.0671875 0.06015625
0 0.7953125 0.578125 0.06484375 0.06015625
0 0.85234375 0.60703125 0.053125 0.0484375
0 0.86171875 0.665625 0.0484375 0.04296875
0 0.8390625 0.63828125 0.0625 0.05078125
0 0.8125 0.6875 0.06015625 0.06015625
0 0.928125 0.61875 0.053125 0.06953125
0 0.7921875 0.521875 0.0359375 0.0484375
0 0.74296875 0.49140625 0.06484375 0.05546875
0 0.765625 0.5140625 0.05078125 0.05546875
0 0.796875 0.46875 0.04296875 0.040625
0 0.75703125 0.446875 0.053125 0.03828125
0 0.84765625 0.4703125 0.06015625 0.053125
0 0.96875 0.7859375 0.0625 0.0453125
0 0.93046875 0.80859375 0.0625 0.040625
0 0.896875 0.83984375 0.0625 0.05078125
0 0.93515625 0.85703125 0.05078125 0.0625
0 0.978125 0.86875 0.04296875 0.0453125
0 0.89296875 0.88671875 0.07421875 0.05546875
0 0.803125 0.87734375 0.09140625 0.06015625
0 0.76953125 0.92578125 0.08203125 0.0625
0 0.721875 0.971875 0.0625 0.05625
0 0.7765625 0.9734375 0.05546875 0.053125
0 0.82109375 0.9734375 0.0484375 0.053125
0 0.83203125 0.915625 0.0484375 0.05078125
0 0.8765625 0.9328125 0.06484375 0.05078125
0 0.91953125 0.97421875 0.0578125 0.0515625
0 0.97734375 0.98046875 0.0453125 0.03828125
0 0.9671875 0.95078125 0.0578125 0.040625
0 0.97578125 0.91484375 0.0484375 0.04296875
0 0.86640625 0.98046875 0.040625 0.03828125
0 0.7296875 0.28515625 0.0484375 0.03359375
0 0.65234375 0.0171875 0.06484375 0.03359375
0 0.6234375 0.0765625 0.06484375 0.05546875
0 0.9046875 0.05546875 0.0484375 0.0453125
0 0.86875 0.37109375 0.05546875 0.05546875
0 0.803125 0.3078125 0.05078125 0.0484375
0 0.75859375 0.41015625 0.06015625 0.05078125
0 0.69609375 0.49375 0.05078125 0.04296875
0 0.57578125 0.7203125 0.05546875 0.03828125
0 0.5265625 0.71171875 0.03828125 0.03125
0 0.4859375 0.66328125 0.0453125 0.05078125
0 0.48828125 0.6109375 0.040625 0.05078125
0 0.79453125 0.6453125 0.05546875 0.0484375
0 0.01796875 0.76171875 0.0359375 0.03828125
0 0.12890625 0.98203125 0.0625 0.0359375