0 0.32578125 0.12109375 0.0671875 0.0625
0 0.32421875 0.07109375 0.0578125 0.0484375
0 0.2796875 0.07109375 0.0359375 0.0359375
0 0.34140625 0.040625 0.0453125 0.03828125
0 0.35 0.0140625 0.053125 0.028125
0 0.43125 0.02890625 0.0484375 0.0484375
0 0.49609375 0.021875 0.0890625 0.04296875
0 0.68515625 0.06640625 0.0359375 0.0359375
0 0.55625 0.0515625 0.04296875 0.03125
0 0.96015625 0.11796875 0.04296875 0.05546875
0 0.90859375 0.1234375 0.05078125 0.0625
0 0.91953125 0.2296875 0.04296875 0.05078125
0 0.8578125 0.25 0.0625 0.07421875
0 0.16796875 0.1703125 0.01953125 0.03828125
0 0.22734375 0.19609375 0.05078125 0.0359375
0 0.18515625 0.209375 0.03359375 0.02890625
0 0.2515625 0.23046875 0.02890625 0.03359375
0 0.2015625 0.23203125 0.03828125 0.03359375
0 0.2296875 0.25390625 0.0484375 0.06484375
0 0.15859375 0.271875 0.0453125 0.0578125
0 0.203125 0.33671875 0.0359375 0.0359375
0 0.12734375 0.321875 0.053125 0.0484375
0 0.1359375 0.35703125 0.0453125 0.02890625
0 0.0140625 0.3578125 0.028125 0.0625
0 0.24140625 0.40625 0.040625 0.05078125
0 0.2640625 0.484375 0.0453125 0.0359375
0 0.2546875 0.446875 0.0359375 0.04296875
0 0.303125 0.3953125 0.040625 0.05546875
0 0.3265625 0.328125 0.0359375 0.03828125
0 0.3453125 0.3796875 0.03359375 0.03359375
0 0.353125 0.4421875 0.0265625 0.02890625
0 0.31640625 0.46484375 0.053125 0.071875
0 0.2671875 0.3484375 0.03125 0.0359375
0 0.3609375 0.48671875 0.04296875 0.0453125
0 0.4265625 0.353125 0.03828125 0.03828125
0 0.4078125 0.46484375 0.03828125 0.0265625
0 0.4359375 0.428125 0.0359375 0.03828125
0 0.4890625 0.41484375 0.03359375 0.02421875
0 0.47265625 0.43125 0.04296875 0.040625
0 0.4484375 0.490625 0.053125 0.04296875
0 0.41796875 0.52421875 0.040625 0.0359375
0 0.484375 0.56484375 0.0484375 0.0484375
0 0.51953125 0.5171875 0.06015625 0.053125
0 0.5875 0.4390625 0.03359375 0.03828125
0 0.68046875 0.4828125 0.03125 0.03125
0 0.6890625 0.521875 0.03828125 0.0359375
0 0.6453125 0.55625 0.02890625 0.02890625
0 0.6109375 0.5625 0.0453125 0.03828125
0 0.6109375 0.5953125 0.05546875 0.040625
0 0.63203125 0.64921875 0.04296875 0.0484375
0 0.709375 0.60703125 0.0453125 0.0359375
0 0.7078125 0.6421875 0.0625 0.03359375
0 0.803125 0.63359375 0.0671875 0.071875
0 0.8796875 0.5875 0.021875 0.021875
0 0.853125 0.63125 0.02890625 0.03359375
0 0.88125 0.6359375 0.03359375 0.02421875
0 0.8859375 0.665625 0.04296875 0.0359375
0 0.12109375 0.42890625 0.02890625 0.03359375
0 0.1421875 0.39453125 0.02890625 0.0265625
0 0.93125 0.74375 0.06953125 0.0796875
0 0.921875 0.81484375 0.05078125 0.0484375
0 0.9875 0.803125 0.025 0.053125
0 0.303125 0.225 0.040625 0.0265625
0 0.69609375 0.69609375 0.0265625 0.02890625
0 0.01171875 0.76796875 0.0234375 0.0484375
0 0.00859375 0.70078125 0.0171875 0.0359375
0 0.0609375 0.73671875 0.04296875 0.040625
0 0.0625 0.79453125 0.0578125 0.05078125
0 0.10078125 0.86640625 0.05078125 0.0359375
0 0.15625 0.8390625 0.05546875 0.0765625
0 0.23046875 0.81953125 0.053125 0.04296875
0 0.2859375 0.86171875 0.03125 0.03359375
0 0.37265625 0.9234375 0.05078125 0.03828125
0 0.3375 0.92890625 0.04296875 0.03125
0 0.321875 0.9515625 0.053125 0.03828125
0 0.303125 0.828125 0.02421875 0.03359375
0 0.6234375 0.77265625 0.02421875 0.03359375
0 0.14921875 0.7296875 0.05078125 0.0625
0 0.3921875 0.98671875 0.03828125 0.0265625
0 0.0921875 0.26171875 0.03828125 0.03359375
0 0.24140625 0.05546875 0.03125 0.05546875
0 0.25234375 0.01796875 0.03828125 0.02890625
0 0.19140625 0.4015625 0.02890625 0.0265625
0 0.24609375 0.921875 0.0359375 0.05546875
0 0.7703125 0.5375 0.03828125 0.05078125
0 0.5921875 0.11328125 0.01953125 0.021875
0 0.61640625 0.13125 0.021875 0.0265625
0 0.634375 0.08984375 0.03359375 0.03125
0 0.36796875 0.8734375 0.053125 0.05078125
0 0.5890625 0.98671875 0.04296875 0.0265625
0 0.75625 0.18359375 0.03828125 0.03359375
0 0.81640625 0.20078125 0.0359375 0.03359375
0 0.0203125 0.2125 0.040625 0.04296875
0 0.54921875 0.10234375 0.03359375 0.02890625