0 0.2828125 0.96171875 0.09609375 0.0765625
0 0.3390625 0.94921875 0.05546875 0.06484375
0 0.37734375 0.86640625 0.12265625 0.13203125
0 0.49140625 0.7390625 0.0578125 0.0671875
0 0.5765625 0.6453125 0.10078125 0.11328125
0 0.6515625 0.58203125 0.1515625 0.11796875
0 0.68515625 0.5265625 0.125 0.1203125
0 0.7234375 0.49765625 0.06484375 0.0984375
0 0.75703125 0.4515625 0.09140625 0.08203125
0 0.78984375 0.41328125 0.11328125 0.10078125
0 0.84140625 0.3609375 0.1203125 0.134375
0 0.890625 0.2921875 0.1078125 0.11796875
0 0.94609375 0.2390625 0.10546875 0.146875
0 0.8578125 0.4890625 0.0484375 0.053125
0 0.8609375 0.55625 0.084375 0.08203125
0 0.8734375 0.7875 0.06953125 0.07421875
0 0.90234375 0.87734375 0.05546875 0.06484375
0 0.9 0.9625 0.09609375 0.07421875
0 0.475 0.8703125 0.05078125 0.05078125
0 0.525 0.91796875 0.12734375 0.10078125
0 0.5515625 0.96484375 0.11328125 0.06953125
0 0.0109375 0.97734375 0.021875 0.040625
0 0.89453125 0.64453125 0.03359375 0.0453125