0 0.02890625 0.0875 0.0578125 0.11796875
0 0.1203125 0.06640625 0.1609375 0.13203125
0 0.15 0.1703125 0.06953125 0.071875
0 0.0765625 0.165625 0.084375 0.08671875
0 0.0375 0.234375 0.07421875 0.071875
0 0.0265625 0.3015625 0.053125 0.06953125
0 0.1046875 0.3546875 0.09375 0.1109375
0 0.02890625 0.3796875 0.0578125 0.09140625
0 0.07421875 0.4515625 0.0625 0.09140625
0 0.0359375 0.53515625 0.071875 0.19453125
0 0.08515625 0.52890625 0.0671875 0.06953125
0 0.1421875 0.57109375 0.0765625 0.09609375
0 0.1 0.63671875 0.084375 0.12734375
0 0.13125 0.70546875 0.11796875 0.071875
0 0.06640625 0.75703125 0.08203125 0.09140625
0 0.14296875 0.796875 0.146875 0.11796875
0 0.03125 0.91796875 0.0625 0.053125
0 0.04296875 0.9640625 0.0859375 0.065625
0 0.1765625 0.96875 0.0765625 0.06015625
0 0.23046875 0.9203125 0.09609375 0.0890625
0 0.28359375 0.97109375 0.125 0.0578125
0 0.290625 0.87265625 0.053125 0.053125
0 0.28359375 0.79921875 0.11328125 0.08671875
0 0.228125 0.73828125 0.09140625 0.09609375
0 0.23046875 0.6359375 0.09375 0.08203125
0 0.2796875 0.6921875 0.0984375 0.0625
0 0.28125 0.7328125 0.0265625 0.040625
0 0.3109375 0.7390625 0.06953125 0.0578125
0 0.365625 0.765625 0.07421875 0.0578125
0 0.42578125 0.7140625 0.08203125 0.06484375
0 0.38125 0.66796875 0.115625 0.13203125
0 0.31484375 0.89296875 0.04296875 0.03828125
0 0.38125 0.87734375 0.0359375 0.04296875
0 0.35234375 0.9171875 0.053125 0.0765625
0 0.359375 0.821875 0.053125 0.07421875
0 0.40859375 0.8390625 0.06484375 0.071875
0 0.40234375 0.8921875 0.0484375 0.03828125
0 0.41015625 0.9390625 0.0578125 0.0796875
0 0.390625 0.9734375 0.0984375 0.053125
0 0.46015625 0.96015625 0.08203125 0.06015625
0 0.4671875 0.896875 0.06484375 0.0625
0 0.43125 0.77421875 0.0765625 0.0578125
0 0.45078125 0.8140625 0.0578125 0.053125
0 0.5046875 0.80546875 0.05546875 0.0359375
0 0.50859375 0.83515625 0.06015625 0.05546875
0 0.50703125 0.875 0.040625 0.0484375
0 0.54921875 0.8375 0.0453125 0.053125
0 0.578125 0.81875 0.04296875 0.0484375
0 0.60234375 0.79921875 0.03828125 0.03359375
0 0.61640625 0.7859375 0.03828125 0.0359375
0 0.63671875 0.76796875 0.0453125 0.03828125
0 0.66796875 0.74609375 0.053125 0.03828125
0 0.75234375 0.75625 0.0359375 0.05546875
0 0.771875 0.61640625 0.0484375 0.05078125
0 0.50625 0.56484375 0.0453125 0.0453125
0 0.459375 0.55859375 0.0796875 0.09609375
0 0.35 0.54921875 0.09375 0.0796875
0 0.21015625 0.53125 0.07421875 0.0796875
0 0.2796875 0.51328125 0.071875 0.0890625
0 0.18046875 0.4625 0.09375 0.0625
0 0.15859375 0.390625 0.06484375 0.05078125
0 0.1984375 0.35703125 0.05078125 0.0578125
0 0.140625 0.2484375 0.0671875 0.0625
0 0.1875 0.240625 0.07421875 0.0671875
0 0.1703125 0.3015625 0.05078125 0.071875
0 0.2390625 0.28125 0.0765625 0.07421875
0 0.27265625 0.2140625 0.12265625 0.1203125
0 0.290625 0.3265625 0.06015625 0.0796875
0 0.25 0.34375 0.05078125 0.071875
0 0.21171875 0.40234375 0.0484375 0.06484375
0 0.27265625 0.4390625 0.084375 0.0671875
0 0.38671875 0.49765625 0.11796875 0.13203125
0 0.4328125 0.446875 0.1203125 0.084375
0 0.36171875 0.3375 0.0890625 0.07421875
0 0.35546875 0.27890625 0.084375 0.04296875
0 0.41796875 0.328125 0.06015625 0.08203125
0 0.3484375 0.1859375 0.071875 0.0796875
0 0.39765625 0.146875 0.053125 0.06484375
0 0.35078125 0.10703125 0.05546875 0.06953125
0 0.328125 0.0578125 0.05078125 0.0453125
0 0.26953125 0.02421875 0.06015625 0.0484375
0 0.3171875 0.01953125 0.053125 0.03828125
0 0.35078125 0.0203125 0.06953125 0.040625
0 0.47265625 0.0265625 0.06953125 0.053125
0 0.4078125 0.0671875 0.0984375 0.07421875
0 0.44375 0.1234375 0.084375 0.06484375
0 0.49140625 0.05859375 0.08203125 0.06484375
0 0.56015625 0.11328125 0.13671875 0.1609375
0 0.45703125 0.196875 0.0796875 0.07421875
0 0.49296875 0.25 0.0984375 0.06015625
0 0.49140625 0.29921875 0.08671875 0.06484375
0 0.55078125 0.209375 0.0765625 0.053125
0 0.58203125 0.26328125 0.06953125 0.0765625
0 0.6421875 0.2140625 0.071875 0.084375
0 0.709375 0.1875 0.03359375 0.03359375
0 0.8609375 0.1609375 0.03125 0.03359375
0 0.9 0.07109375 0.1109375 0.1078125
0 0.96875 0.02421875 0.0625 0.0484375
0 0.96953125 0.07109375 0.0609375 0.0953125
0 0.9875 0.16015625 0.025 0.0453125
0 0.9203125 0.1921875 0.05078125 0.06015625
0 0.88359375 0.2171875 0.03828125 0.0578125
0 0.8390625 0.25390625 0.04296875 0.053125
0 0.79296875 0.28828125 0.03828125 0.0453125
0 0.775 0.3921875 0.084375 0.08671875
0 0.68125 0.30546875 0.0625 0.10546875
0 0.64921875 0.32578125 0.06484375 0.053125
0 0.6046875 0.30546875 0.06015625 0.07421875
0 0.66796875 0.3703125 0.0484375 0.0671875
0 0.61640625 0.38203125 0.08671875 0.1078125
0 0.5609375 0.41953125 0.0625 0.05078125
0 0.5796875 0.4828125 0.09609375 0.09609375
0 0.65390625 0.44375 0.08203125 0.071875
0 0.6703125 0.49765625 0.08671875 0.06015625
0 0.50390625 0.49765625 0.06015625 0.0796875
0 0.5484375 0.53515625 0.06484375 0.05546875
0 0.82421875 0.54296875 0.03359375 0.03359375
0 0.853125 0.55546875 0.03125 0.04296875
0 0.92578125 0.51796875 0.04296875 0.0484375
0 0.7921875 0.6578125 0.04296875 0.03828125
0 0.83671875 0.69140625 0.084375 0.08671875
0 0.91953125 0.70078125 0.040625 0.05546875
0 0.86328125 0.740625 0.06015625 0.05546875
0 0.81015625 0.7984375 0.06484375 0.08671875
0 0.87890625 0.85234375 0.0796875 0.0796875
0 0.984375 0.7953125 0.03125 0.04296875
0 0.89453125 0.928125 0.040625 0.0359375
0 0.765625 0.9265625 0.0796875 0.05078125
0 0.6609375 0.89765625 0.06484375 0.053125
0 0.6890625 0.94921875 0.0625 0.05078125
0 0.6703125 0.97734375 0.08203125 0.0453125
0 0.60703125 0.984375 0.05546875 0.03125
0 0.85234375 0.984375 0.06015625 0.03125
0 0.96953125 0.27421875 0.0609375 0.1015625
0 0.93515625 0.34609375 0.0765625 0.0765625
0 0.9796875 0.35234375 0.040625 0.08671875
0 0.21015625 0.83203125 0.06953125 0.084375