0 0.1109375 0.09609375 0.06484375 0.07421875
0 0.05390625 0.0375 0.1078125 0.07421875
0 0.046875 0.10078125 0.07421875 0.0671875
0 0.33984375 0.11171875 0.1296875 0.1296875
0 0.41953125 0.06953125 0.06953125 0.05546875
0 0.4828125 0.03359375 0.1109375 0.0671875
0 0.559375 0.0296875 0.08125 0.059375
0 0.21640625 0.10078125 0.0359375 0.0453125
0 0.24296875 0.1109375 0.06015625 0.05078125
0 0.2640625 0.08046875 0.053125 0.04296875
0 0.95078125 0.0984375 0.0984375 0.1203125
0 0.91328125 0.22578125 0.0625 0.06015625
0 0.9171875 0.1765625 0.0484375 0.08203125
0 0.58515625 0.1078125 0.0671875 0.0765625
0 0.53359375 0.109375 0.08671875 0.08671875
0 0.0328125 0.46640625 0.06484375 0.0578125
0 0.0359375 0.5375 0.071875 0.1078125
0 0.11171875 0.49140625 0.084375 0.10078125
0 0.0515625 0.5171875 0.05078125 0.0484375
0 0.18046875 0.50859375 0.10078125 0.12265625
0 0.3703125 0.24140625 0.0765625 0.10078125
0 0.3234375 0.275 0.0796875 0.0671875
0 0.2984375 0.3890625 0.11328125 0.06484375
0 0.30859375 0.33046875 0.1109375 0.07421875
0 0.39453125 0.4109375 0.084375 0.0765625
0 0.47578125 0.41796875 0.08671875 0.0796875
0 0.4890625 0.240625 0.1203125 0.10078125
0 0.50390625 0.1671875 0.0796875 0.0578125
0 0.55546875 0.209375 0.08203125 0.10546875
0 0.61640625 0.1859375 0.084375 0.0796875
0 0.7203125 0.18984375 0.13671875 0.1078125
0 0.9109375 0.2796875 0.0671875 0.08203125
0 0.8265625 0.2234375 0.09609375 0.09609375
0 0.87265625 0.31015625 0.053125 0.0671875
0 0.8140625 0.2984375 0.0796875 0.071875
0 0.6625 0.24140625 0.05546875 0.07421875
0 0.60078125 0.234375 0.09609375 0.09375
0 0.68125 0.31875 0.05078125 0.053125
0 0.77734375 0.37109375 0.12265625 0.1078125
0 0.7015625 0.259375 0.0765625 0.071875
0 0.75703125 0.2765625 0.0796875 0.06484375
0 0.2671875 0.4578125 0.09140625 0.084375
0 0.3390625 0.46015625 0.07421875 0.09140625
0 0.40390625 0.459375 0.0453125 0.05546875
0 0.47734375 0.4640625 0.05078125 0.053125
0 0.7296875 0.41484375 0.07421875 0.053125
0 0.8546875 0.4625 0.0671875 0.05078125
0 0.94375 0.44453125 0.053125 0.084375
0 0.96484375 0.45546875 0.06953125 0.103125
0 0.9375 0.546875 0.09140625 0.09140625
0 0.83671875 0.53125 0.125 0.1078125
0 0.803125 0.625 0.09609375 0.10078125
0 0.92578125 0.615625 0.09609375 0.11328125
0 0.90390625 0.69140625 0.09375 0.09375
0 0.81640625 0.72734375 0.0578125 0.0625
0 0.96171875 0.7640625 0.0671875 0.0625
0 0.87109375 0.73671875 0.05078125 0.053125
0 0.8796875 0.78828125 0.05546875 0.0484375
0 0.91484375 0.7546875 0.04296875 0.053125
0 0.7953125 0.9109375 0.0625 0.09140625
0 0.75 0.915625 0.084375 0.09375
0 0.6625 0.95390625 0.103125 0.0921875
0 0.75390625 0.97421875 0.0859375 0.0515625
0 0.5734375 0.971875 0.053125 0.05625
0 0.20390625 0.97421875 0.1046875 0.0515625
0 0.025 0.90625 0.05 0.115625
0 0.0921875 0.65859375 0.03828125 0.040625
0 0.12890625 0.61171875 0.0453125 0.053125
0 0.1625 0.6609375 0.0453125 0.0671875
0 0.19609375 0.6515625 0.03828125 0.05546875
0 0.2359375 0.66015625 0.0484375 0.0625
0 0.26953125 0.65234375 0.04296875 0.04296875
0 0.23671875 0.7171875 0.084375 0.08203125
0 0.21640625 0.5890625 0.0578125 0.053125
0 0.2171875 0.5375 0.0578125 0.0453125
0 0.2609375 0.5375 0.05078125 0.09609375
0 0.303125 0.53125 0.053125 0.0890625
0 0.34375 0.53984375 0.06953125 0.0984375
0 0.38125 0.52421875 0.0484375 0.06484375
0 0.4359375 0.51171875 0.09609375 0.06953125
0 0.459375 0.5609375 0.06015625 0.08203125
0 0.4015625 0.56484375 0.06953125 0.0578125
0 0.35234375 0.59375 0.053125 0.06015625
0 0.4265625 0.61640625 0.09609375 0.10078125
0 0.2953125 0.6734375 0.0453125 0.0484375
0 0.3390625 0.65625 0.0578125 0.07421875
0 0.39921875 0.66953125 0.0625 0.0625
0 0.50390625 0.69453125 0.09609375 0.0578125
0 0.43984375 0.68515625 0.05078125 0.05546875
0 0.34140625 0.7078125 0.0453125 0.0578125
0 0.303125 0.7203125 0.0671875 0.0671875
0 0.3734375 0.7359375 0.0671875 0.053125
0 0.4578125 0.74765625 0.10546875 0.09140625
0 0.5171875 0.734375 0.0625 0.05546875
0 0.55078125 0.771875 0.06484375 0.06953125
0 0.59609375 0.77265625 0.053125 0.0453125
0 0.6359375 0.7859375 0.0484375 0.053125
0 0.43046875 0.80546875 0.0671875 0.06015625
0 0.475 0.79921875 0.0578125 0.053125
0 0.30546875 0.7671875 0.06953125 0.0578125
0 0.02890625 0.77734375 0.0578125 0.05546875
0 0.07109375 0.76171875 0.0578125 0.05546875
0 0.09609375 0.80078125 0.05546875 0.06015625
0 0.0359375 0.81484375 0.05078125 0.0578125
0 0.08046875 0.85 0.0453125 0.0671875
0 0.13359375 0.8296875 0.08671875 0.12265625
0 0.203125 0.8265625 0.071875 0.0890625
0 0.25 0.8140625 0.040625 0.04296875
0 0.2859375 0.80078125 0.0484375 0.05546875
0 0.34140625 0.83515625 0.06484375 0.06953125
0 0.2453125 0.87890625 0.0796875 0.084375
0 0.28515625 0.85546875 0.0578125 0.07421875
0 0.334375 0.87890625 0.0484375 0.0484375
0 0.31875 0.915625 0.0671875 0.0671875
0 0.3453125 0.9515625 0.08203125 0.09140625
0 0.28828125 0.96171875 0.08671875 0.07421875
0 0.1765625 0.9203125 0.09609375 0.0890625
0 0.4390625 0.89296875 0.09375 0.09140625
0 0.56640625 0.5515625 0.0578125 0.06484375
0 0.615625 0.5484375 0.07421875 0.06484375