0 0.1609375 0.28515625 0.0453125 0.03828125
0 0.22265625 0.25390625 0.05078125 0.05078125
0 0.2671875 0.259375 0.0484375 0.05078125
0 0.303125 0.2390625 0.0484375 0.05546875
0 0.35546875 0.22578125 0.040625 0.0484375
0 0.41328125 0.21875 0.04296875 0.04296875
0 0.51953125 0.2390625 0.040625 0.040625
0 0.03515625 0.44375 0.0578125 0.0578125
0 0.03125 0.4890625 0.0625 0.0578125
0 0.025 0.71796875 0.05 0.0484375
0 0.0921875 0.83984375 0.05078125 0.05078125
0 0.28828125 0.77890625 0.06015625 0.0671875
0 0.271875 0.703125 0.071875 0.07421875
0 0.22109375 0.64765625 0.0484375 0.05546875
0 0.1578125 0.66484375 0.040625 0.0453125
0 0.27734375 0.87890625 0.040625 0.0359375
0 0.609375 0.91953125 0.0625 0.0671875
0 0.66796875 0.9578125 0.0265625 0.02890625
0 0.71640625 0.94453125 0.0265625 0.0265625
0 0.62890625 0.97265625 0.02421875 0.021875
0 0.5 0.96015625 0.03125 0.02890625
0 0.5375 0.99140625 0.02421875 0.0171875
0 0.646875 0.7796875 0.06015625 0.06015625
0 0.62890625 0.71484375 0.03359375 0.02890625
0 0.61171875 0.6828125 0.03359375 0.0453125
0 0.5015625 0.65 0.0984375 0.10078125
0 0.3609375 0.7015625 0.03125 0.02890625
0 0.2390625 0.91328125 0.0484375 0.0359375
0 0.4796875 0.5734375 0.0796875 0.08671875
0 0.46484375 0.50625 0.08671875 0.084375
0 0.4390625 0.4546875 0.084375 0.0796875
0 0.24765625 0.4796875 0.02890625 0.02890625
0 0.56875 0.40390625 0.08671875 0.08203125
0 0.75234375 0.4796875 0.06015625 0.06015625
0 0.94921875 0.92890625 0.10078125 0.11328125
0 0.94609375 0.81953125 0.1078125 0.10546875
0 0.93984375 0.7453125 0.11328125 0.0765625
0 0.921875 0.69453125 0.09609375 0.084375
0 0.83203125 0.6625 0.04296875 0.0484375
0 0.91328125 0.57578125 0.06953125 0.0484375
0 0.91484375 0.6359375 0.09375 0.06953125
0 0.8328125 0.33515625 0.05546875 0.053125
0 0.9640625 0.26328125 0.03359375 0.03828125
0 0.8171875 0.19921875 0.03828125 0.03359375
0 0.95390625 0.0140625 0.0296875 0.028125
0 0.9828125 0.01796875 0.02890625 0.03125
0 0.6765625 0.0875 0.071875 0.06953125
0 0.73828125 0.0140625 0.0515625 0.028125
0 0.50859375 0.18046875 0.0359375 0.03359375
0 0.134375 0.984375 0.053125 0.03125
0 0.1890625 0.9890625 0.0359375 0.021875
0 0.04921875 0.2921875 0.0453125 0.04296875
0 0.1234375 0.275 0.03359375 0.040625
0 0.31484375 0.40625 0.01953125 0.02421875
0 0.296875 0.4640625 0.0265625 0.0265625
0 0.50234375 0.9578125 0.03359375 0.0359375
0 0.42890625 0.6390625 0.02890625 0.03359375
0 0.4078125 0.5734375 0.03359375 0.03828125
0 0.38125 0.50390625 0.0265625 0.02890625