0 0.1141826923076923 0.03245192307692308 0.03365384615384615 0.020432692307692308
0 0.11298076923076923 0.06129807692307692 0.026442307692307692 0.02283653846153846
0 0.11177884615384616 0.07932692307692307 0.028846153846153848 0.018028846153846152
0 0.11298076923076923 0.11658653846153846 0.036057692307692304 0.038461538461538464
0 0.10817307692307693 0.16346153846153846 0.026442307692307692 0.03365384615384615
0 0.109375 0.2091346153846154 0.028846153846153848 0.040865384615384616
0 0.10817307692307693 0.25240384615384615 0.03125 0.03125
0 0.109375 0.29086538461538464 0.028846153846153848 0.02283653846153846
0 0.10576923076923077 0.31009615384615385 0.036057692307692304 0.015625
0 0.11538461538461539 0.33774038461538464 0.02283653846153846 0.018028846153846152
0 0.109375 0.3557692307692308 0.028846153846153848 0.013221153846153846
0 0.02283653846153846 0.38341346153846156 0.02283653846153846 0.015625
0 0.234375 0.040865384615384616 0.013221153846153846 0.018028846153846152
0 0.2247596153846154 0.06370192307692307 0.013221153846153846 0.015625
0 0.21995192307692307 0.08413461538461539 0.010817307692307692 0.015625
0 0.2403846153846154 0.390625 0.020432692307692308 0.015625
0 0.24158653846153846 0.375 0.013221153846153846 0.015625
0 0.18990384615384615 0.030048076923076924 0.007211538461538462 0.010817307692307692
0 0.19110576923076922 0.06129807692307692 0.008413461538461538 0.008413461538461538
0 0.24639423076923078 0.34975961538461536 0.020432692307692308 0.025240384615384616
0 0.24519230769230768 0.33052884615384615 0.018028846153846152 0.020432692307692308
0 0.24278846153846154 0.31009615384615385 0.018028846153846152 0.020432692307692308
0 0.24278846153846154 0.2824519230769231 0.018028846153846152 0.010817307692307692
0 0.23798076923076922 0.24879807692307693 0.015625 0.020432692307692308
0 0.234375 0.22716346153846154 0.018028846153846152 0.013221153846153846
0 0.23798076923076922 0.21033653846153846 0.020432692307692308 0.015625
0 0.23798076923076922 0.19471153846153846 0.020432692307692308 0.015625
0 0.23918269230769232 0.15985576923076922 0.02283653846153846 0.018028846153846152
0 0.23798076923076922 0.17908653846153846 0.020432692307692308 0.015625
0 0.23076923076923078 0.1310096153846154 0.015625 0.013221153846153846
0 0.23197115384615385 0.11658653846153846 0.013221153846153846 0.018028846153846152
0 0.2403846153846154 0.0985576923076923 0.015625 0.018028846153846152
0 0.24158653846153846 0.08173076923076923 0.018028846153846152 0.015625
0 0.14423076923076922 0.3798076923076923 0.013221153846153846 0.015625
0 0.14182692307692307 0.359375 0.013221153846153846 0.015625
0 0.14423076923076922 0.3401442307692308 0.013221153846153846 0.013221153846153846
0 0.14302884615384615 0.32091346153846156 0.010817307692307692 0.010817307692307692
0 0.14302884615384615 0.30528846153846156 0.007211538461538462 0.010817307692307692
0 0.14423076923076922 0.2848557692307692 0.013221153846153846 0.010817307692307692
0 0.14182692307692307 0.27283653846153844 0.008413461538461538 0.013221153846153846
0 0.13942307692307693 0.25841346153846156 0.013221153846153846 0.010817307692307692
0 0.14302884615384615 0.24639423076923078 0.010817307692307692 0.010817307692307692
0 0.14302884615384615 0.23317307692307693 0.010817307692307692 0.010817307692307692
0 0.14302884615384615 0.22235576923076922 0.010817307692307692 0.010817307692307692
0 0.14302884615384615 0.21153846153846154 0.010817307692307692 0.008413461538461538
0 0.14182692307692307 0.1935096153846154 0.013221153846153846 0.013221153846153846
0 0.14182692307692307 0.16947115384615385 0.008413461538461538 0.010817307692307692
0 0.14423076923076922 0.14783653846153846 0.013221153846153846 0.015625
0 0.14423076923076922 0.12740384615384615 0.013221153846153846 0.015625
0 0.17427884615384615 0.11057692307692307 0.015625 0.018028846153846152
0 0.18028846153846154 0.13341346153846154 0.008413461538461538 0.013221153846153846
0 0.18509615384615385 0.22355769230769232 0.008413461538461538 0.013221153846153846
0 0.19591346153846154 0.22355769230769232 0.013221153846153846 0.015625
0 0.21514423076923078 0.24158653846153846 0.015625 0.015625
0 0.15625 0.11177884615384616 0.010817307692307692 0.015625
0 0.13942307692307693 0.10697115384615384 0.013221153846153846 0.010817307692307692
0 0.14302884615384615 0.09254807692307693 0.010817307692307692 0.013221153846153846
0 0.15504807692307693 0.08413461538461539 0.013221153846153846 0.010817307692307692
0 0.16826923076923078 0.08413461538461539 0.010817307692307692 0.010817307692307692
0 0.17908653846153846 0.08533653846153846 0.010817307692307692 0.008413461538461538
0 0.18990384615384615 0.0829326923076923 0.010817307692307692 0.013221153846153846
0 0.1971153846153846 0.11177884615384616 0.010817307692307692 0.015625
0 0.2127403846153846 0.13221153846153846 0.010817307692307692 0.010817307692307692
0 0.21033653846153846 0.030048076923076924 0.015625 0.015625
0 0.15384615384615385 0.0625 0.015625 0.013221153846153846
0 0.1778846153846154 0.0625 0.013221153846153846 0.010817307692307692
0 0.1658653846153846 0.052884615384615384 0.010817307692307692 0.010817307692307692
0 0.15745192307692307 0.006009615384615385 0.013221153846153846 0.010817307692307692
0 0.171875 0.04326923076923077 0.010817307692307692 0.013221153846153846
0 0.15504807692307693 0.042067307692307696 0.013221153846153846 0.010817307692307692
0 0.16346153846153846 0.028846153846153848 0.015625 0.013221153846153846
0 0.17668269230769232 0.016826923076923076 0.010817307692307692 0.010817307692307692
0 0.3004807692307692 0.006009615384615385 0.009615384615384616 0.010817307692307692
0 0.296875 0.018028846153846152 0.013221153846153846 0.008413461538461538
0 0.296875 0.030048076923076924 0.013221153846153846 0.010817307692307692
0 0.29447115384615385 0.04447115384615385 0.013221153846153846 0.008413461538461538
0 0.2956730769230769 0.057692307692307696 0.010817307692307692 0.010817307692307692
0 0.29447115384615385 0.07692307692307693 0.010817307692307692 0.013221153846153846
0 0.2956730769230769 0.09254807692307693 0.010817307692307692 0.013221153846153846
0 0.3233173076923077 0.06850961538461539 0.015625 0.010817307692307692
0 0.3473557692307692 0.0673076923076923 0.013221153846153846 0.008413461538461538
0 0.3641826923076923 0.07091346153846154 0.015625 0.010817307692307692
0 0.42427884615384615 0.057692307692307696 0.010817307692307692 0.010817307692307692
0 0.47115384615384615 0.046875 0.008413461538461538 0.013221153846153846
0 0.484375 0.04447115384615385 0.013221153846153846 0.013221153846153846
0 0.5144230769230769 0.036057692307692304 0.015625 0.013221153846153846
0 0.5877403846153846 0.18870192307692307 0.018028846153846152 0.018028846153846152
0 0.6021634615384616 0.16947115384615385 0.010817307692307692 0.013221153846153846
0 0.7560096153846154 0.14543269230769232 0.015625 0.015625
0 0.2980769230769231 0.4567307692307692 0.010817307692307692 0.013221153846153846
0 0.2980769230769231 0.4735576923076923 0.010817307692307692 0.010817307692307692
0 0.2956730769230769 0.5024038461538461 0.010817307692307692 0.018028846153846152
0 0.30528846153846156 0.5264423076923077 0.025240384615384616 0.018028846153846152
0 0.29447115384615385 0.546875 0.008413461538461538 0.008413461538461538
0 0.29447115384615385 0.5625 0.013221153846153846 0.013221153846153846
0 0.296875 0.5793269230769231 0.008413461538461538 0.008413461538461538
0 0.2956730769230769 0.5925480769230769 0.010817307692307692 0.013221153846153846
0 0.3076923076923077 0.59375 0.010817307692307692 0.010817307692307692
0 0.2932692307692308 0.625 0.013221153846153846 0.020432692307692308
0 0.2920673076923077 0.6574519230769231 0.010817307692307692 0.018028846153846152
0 0.28966346153846156 0.7091346153846154 0.010817307692307692 0.013221153846153846
0 0.2932692307692308 0.7307692307692307 0.008413461538461538 0.010817307692307692
0 0.2932692307692308 0.7596153846153846 0.008413461538461538 0.010817307692307692
0 0.2920673076923077 0.7824519230769231 0.010817307692307692 0.010817307692307692
0 0.2932692307692308 0.796875 0.008413461538461538 0.013221153846153846
0 0.2932692307692308 0.8269230769230769 0.008413461538461538 0.004807692307692308
0 0.28966346153846156 0.8377403846153846 0.007211538461538462 0.008413461538461538
0 0.29086538461538464 0.8641826923076923 0.013221153846153846 0.010817307692307692
0 0.2920673076923077 0.9122596153846154 0.010817307692307692 0.008413461538461538
0 0.35096153846153844 0.3737980769230769 0.013221153846153846 0.013221153846153846
0 0.9483173076923077 0.08052884615384616 0.013221153846153846 0.015625
0 0.9867788461538461 0.19591346153846154 0.013221153846153846 0.013221153846153846
0 0.9819711538461539 0.23557692307692307 0.018028846153846152 0.015625
0 0.9783653846153846 0.2860576923076923 0.015625 0.013221153846153846
0 0.7596153846153846 0.41947115384615385 0.015625 0.015625
0 0.7211538461538461 0.8100961538461539 0.026442307692307692 0.025240384615384616
0 0.7319711538461539 0.7764423076923077 0.018028846153846152 0.015625
0 0.7451923076923077 0.7584134615384616 0.013221153846153846 0.018028846153846152
0 0.7463942307692307 0.7764423076923077 0.015625 0.013221153846153846
0 0.765625 0.7716346153846154 0.018028846153846152 0.015625
0 0.7764423076923077 0.7451923076923077 0.018028846153846152 0.02283653846153846
0 0.7944711538461539 0.734375 0.018028846153846152 0.013221153846153846
0 0.8016826923076923 0.7211538461538461 0.018028846153846152 0.013221153846153846
0 0.8269230769230769 0.6875 0.013221153846153846 0.013221153846153846
0 0.8473557692307693 0.7007211538461539 0.018028846153846152 0.018028846153846152
0 0.8449519230769231 0.6814903846153846 0.013221153846153846 0.015625
0 0.8629807692307693 0.6514423076923077 0.013221153846153846 0.013221153846153846
0 0.8665865384615384 0.6742788461538461 0.015625 0.020432692307692308
0 0.8774038461538461 0.6514423076923077 0.015625 0.018028846153846152
0 0.7776442307692307 0.5805288461538461 0.015625 0.018028846153846152
0 0.7992788461538461 0.5877403846153846 0.02283653846153846 0.018028846153846152
0 0.8185096153846154 0.5889423076923077 0.015625 0.015625
0 0.8545673076923077 0.5997596153846154 0.015625 0.020432692307692308
0 0.8762019230769231 0.6057692307692307 0.02283653846153846 0.013221153846153846
0 0.8966346153846154 0.5961538461538461 0.013221153846153846 0.015625
0 0.9026442307692307 0.6117788461538461 0.018028846153846152 0.015625
0 0.9146634615384616 0.6274038461538461 0.018028846153846152 0.010817307692307692
0 0.9158653846153846 0.546875 0.015625 0.018028846153846152
0 0.9158653846153846 0.5661057692307693 0.010817307692307692 0.015625
0 0.9170673076923077 0.5865384615384616 0.018028846153846152 0.015625
0 0.9651442307692307 0.5925480769230769 0.015625 0.018028846153846152
0 0.9266826923076923 0.6550480769230769 0.020432692307692308 0.018028846153846152
0 0.9314903846153846 0.6862980769230769 0.015625 0.025240384615384616
0 0.9038461538461539 0.7139423076923077 0.025240384615384616 0.013221153846153846
0 0.7800480769230769 0.8798076923076923 0.015625 0.020432692307692308
0 0.8040865384615384 0.8125 0.013221153846153846 0.015625
0 0.8125 0.7896634615384616 0.015625 0.020432692307692308
0 0.8269230769230769 0.7415865384615384 0.018028846153846152 0.018028846153846152
0 0.9855769230769231 0.6935096153846154 0.015625 0.013221153846153846
0 0.9711538461538461 0.6766826923076923 0.018028846153846152 0.015625
0 0.9326923076923077 0.5444711538461539 0.018028846153846152 0.018028846153846152
0 0.9314903846153846 0.5661057692307693 0.020432692307692308 0.015625
0 0.9350961538461539 0.8125 0.013221153846153846 0.015625
0 0.8149038461538461 0.9855769230769231 0.018028846153846152 0.010817307692307692
0 0.9495192307692307 0.9122596153846154 0.020432692307692308 0.018028846153846152
0 0.6706730769230769 0.8233173076923077 0.018028846153846152 0.020432692307692308
0 0.6538461538461539 0.8665865384615384 0.010817307692307692 0.015625
0 0.6370192307692307 0.9242788461538461 0.013221153846153846 0.015625
0 0.6490384615384616 0.9266826923076923 0.008413461538461538 0.020432692307692308
0 0.6646634615384616 0.9242788461538461 0.018028846153846152 0.010817307692307692
0 0.6442307692307693 0.9483173076923077 0.018028846153846152 0.018028846153846152
0 0.640625 0.9663461538461539 0.020432692307692308 0.013221153846153846
0 0.6153846153846154 0.9230769230769231 0.013221153846153846 0.018028846153846152
0 0.6466346153846154 0.8978365384615384 0.013221153846153846 0.015625
0 0.6574519230769231 0.8846153846153846 0.013221153846153846 0.018028846153846152
0 0.6935096153846154 0.8545673076923077 0.018028846153846152 0.015625
0 0.6730769230769231 0.90625 0.013221153846153846 0.020432692307692308
0 0.984375 0.6370192307692307 0.018028846153846152 0.018028846153846152
0 0.9867788461538461 0.9615384615384616 0.008413461538461538 0.013221153846153846
0 0.9543269230769231 0.8930288461538461 0.010817307692307692 0.010817307692307692
0 0.96875 0.9375 0.013221153846153846 0.013221153846153846
0 0.9699519230769231 0.9783653846153846 0.010817307692307692 0.007211538461538462
0 0.9555288461538461 0.8401442307692307 0.013221153846153846 0.013221153846153846
0 0.9651442307692307 0.8665865384615384 0.010817307692307692 0.010817307692307692
0 0.9735576923076923 0.8822115384615384 0.008413461538461538 0.015625
0 0.9819711538461539 0.8149038461538461 0.008413461538461538 0.013221153846153846
0 0.9387019230769231 0.7944711538461539 0.013221153846153846 0.010817307692307692
0 0.9326923076923077 0.7235576923076923 0.008413461538461538 0.013221153846153846
0 0.9519230769230769 0.7199519230769231 0.020432692307692308 0.015625
0 0.29447115384615385 0.9375 0.010817307692307692 0.010817307692307692
0 0.29447115384615385 0.953125 0.010817307692307692 0.013221153846153846
0 0.29086538461538464 0.9663461538461539 0.008413461538461538 0.008413461538461538
0 0.29447115384615385 0.9747596153846154 0.010817307692307692 0.008413461538461538
0 0.29447115384615385 0.9891826923076923 0.010817307692307692 0.013221153846153846
0 0.5228365384615384 0.6790865384615384 0.018028846153846152 0.020432692307692308
0 0.5408653846153846 0.7620192307692307 0.018028846153846152 0.015625
0 0.5745192307692307 0.28966346153846156 0.008413461538461538 0.010817307692307692
0 0.5673076923076923 0.30528846153846156 0.008413461538461538 0.010817307692307692
0 0.5588942307692307 0.3173076923076923 0.008413461538461538 0.013221153846153846
0 0.5685096153846154 0.3401442307692308 0.010817307692307692 0.013221153846153846
0 0.24158653846153846 0.49038461538461536 0.010817307692307692 0.015625
0 0.23677884615384615 0.9014423076923077 0.008413461538461538 0.010817307692307692
0 0.23798076923076922 0.8894230769230769 0.010817307692307692 0.008413461538461538
0 0.23798076923076922 0.8762019230769231 0.010817307692307692 0.013221153846153846
0 0.23317307692307693 0.8028846153846154 0.015625 0.015625