0 0.14182692307692307 0.003605769230769231 0.008413461538461538 0.007211538461538462
0 0.16706730769230768 0.014423076923076924 0.008413461538461538 0.010817307692307692
0 0.15985576923076922 0.025240384615384616 0.008413461538461538 0.008413461538461538
0 0.13942307692307693 0.037259615384615384 0.013221153846153846 0.010817307692307692
0 0.11778846153846154 0.040865384615384616 0.007211538461538462 0.008413461538461538
0 0.1141826923076923 0.051682692307692304 0.010817307692307692 0.008413461538461538
0 0.23677884615384615 0.004807692307692308 0.008413461538461538 0.008413461538461538
0 0.21153846153846154 0.020432692307692308 0.008413461538461538 0.008413461538461538
0 0.1875 0.03365384615384615 0.010817307692307692 0.008413461538461538
0 0.16466346153846154 0.046875 0.008413461538461538 0.008413461538461538
0 0.14182692307692307 0.06370192307692307 0.008413461538461538 0.010817307692307692
0 0.09375 0.06490384615384616 0.010817307692307692 0.008413461538461538
0 0.051682692307692304 0.06129807692307692 0.008413461538461538 0.013221153846153846
0 0.0673076923076923 0.0829326923076923 0.008413461538461538 0.008413461538461538
0 0.07451923076923077 0.07211538461538461 0.008413461538461538 0.008413461538461538
0 0.078125 0.10336538461538461 0.010817307692307692 0.013221153846153846
0 0.09134615384615384 0.09615384615384616 0.010817307692307692 0.010817307692307692
0 0.10576923076923077 0.0889423076923077 0.008413461538461538 0.007211538461538462
0 0.11658653846153846 0.08052884615384616 0.010817307692307692 0.010817307692307692
0 0.18028846153846154 0.01201923076923077 0.008413461538461538 0.007211538461538462
0 0.07091346153846154 0.04807692307692308 0.010817307692307692 0.010817307692307692
0 0.02283653846153846 0.078125 0.008413461538461538 0.010817307692307692
0 0.04447115384615385 0.0985576923076923 0.025240384615384616 0.015625
0 0.06370192307692307 0.11658653846153846 0.007211538461538462 0.007211538461538462
0 0.04567307692307692 0.12259615384615384 0.015625 0.015625
0 0.9879807692307693 0.8653846153846154 0.020432692307692308 0.013221153846153846
0 0.9735576923076923 0.8449519230769231 0.018028846153846152 0.018028846153846152
0 0.9903846153846154 0.8461538461538461 0.015625 0.020432692307692308
0 0.9771634615384616 0.8257211538461539 0.02283653846153846 0.015625
0 0.9495192307692307 0.9735576923076923 0.010817307692307692 0.010817307692307692
0 0.9555288461538461 0.9855769230769231 0.007211538461538462 0.010817307692307692
0 0.9447115384615384 0.9567307692307693 0.010817307692307692 0.008413461538461538
0 0.9423076923076923 0.9435096153846154 0.007211538461538462 0.008413461538461538
0 0.8173076923076923 0.984375 0.013221153846153846 0.008413461538461538
0 0.8137019230769231 0.96875 0.010817307692307692 0.013221153846153846
0 0.8161057692307693 0.9495192307692307 0.010817307692307692 0.010817307692307692
0 0.8149038461538461 0.9302884615384616 0.008413461538461538 0.013221153846153846
0 0.8305288461538461 0.9302884615384616 0.010817307692307692 0.008413461538461538
0 0.8497596153846154 0.9302884615384616 0.010817307692307692 0.008413461538461538
0 0.8810096153846154 0.9326923076923077 0.013221153846153846 0.018028846153846152
0 0.9290865384615384 0.8990384615384616 0.010817307692307692 0.008413461538461538
0 0.9326923076923077 0.9146634615384616 0.008413461538461538 0.013221153846153846
0 0.9254807692307693 0.9290865384615384 0.008413461538461538 0.010817307692307692
0 0.8858173076923077 0.8990384615384616 0.010817307692307692 0.008413461538461538
0 0.9158653846153846 0.9206730769230769 0.010817307692307692 0.008413461538461538
0 0.9387019230769231 0.7692307692307693 0.013221153846153846 0.015625
0 0.9194711538461539 0.7800480769230769 0.010817307692307692 0.010817307692307692
0 0.90625 0.7776442307692307 0.010817307692307692 0.010817307692307692
0 0.9050480769230769 0.765625 0.013221153846153846 0.008413461538461538
0 0.9387019230769231 0.7536057692307693 0.013221153846153846 0.010817307692307692
0 0.9278846153846154 0.7451923076923077 0.013221153846153846 0.013221153846153846
0 0.9242788461538461 0.7283653846153846 0.010817307692307692 0.010817307692307692
0 0.9050480769230769 0.6586538461538461 0.008413461538461538 0.010817307692307692
0 0.8701923076923077 0.6478365384615384 0.010817307692307692 0.010817307692307692
0 0.875 0.6646634615384616 0.010817307692307692 0.018028846153846152
0 0.9158653846153846 0.6899038461538461 0.010817307692307692 0.010817307692307692
0 0.9194711538461539 0.7079326923076923 0.008413461538461538 0.015625
0 0.8413461538461539 0.3112980769230769 0.010817307692307692 0.013221153846153846
0 0.7944711538461539 0.3389423076923077 0.015625 0.010817307692307692
0 0.78125 0.3473557692307692 0.008413461538461538 0.008413461538461538
0 0.7680288461538461 0.35697115384615385 0.008413461538461538 0.010817307692307692
0 0.7584134615384616 0.3629807692307692 0.008413461538461538 0.013221153846153846
0 0.9110576923076923 0.8701923076923077 0.010817307692307692 0.015625
0 0.8834134615384616 0.8557692307692307 0.013221153846153846 0.013221153846153846
0 0.8762019230769231 0.8665865384615384 0.008413461538461538 0.010817307692307692
0 0.8653846153846154 0.8762019230769231 0.013221153846153846 0.013221153846153846
0 0.8413461538461539 0.8846153846153846 0.015625 0.013221153846153846
0 0.7752403846153846 0.9350961538461539 0.02283653846153846 0.02283653846153846
0 0.7848557692307693 0.9819711538461539 0.010817307692307692 0.008413461538461538
0 0.7223557692307693 0.06490384615384616 0.010817307692307692 0.013221153846153846
0 0.7451923076923077 0.0625 0.008413461538461538 0.008413461538461538
0 0.7560096153846154 0.054086538461538464 0.007211538461538462 0.008413461538461538
0 0.8052884615384616 0.13942307692307693 0.010817307692307692 0.013221153846153846
0 0.8149038461538461 0.13221153846153846 0.008413461538461538 0.010817307692307692
0 0.84375 0.1141826923076923 0.010817307692307692 0.010817307692307692
0 0.7788461538461539 0.15144230769230768 0.013221153846153846 0.010817307692307692
0 0.7680288461538461 0.17307692307692307 0.013221153846153846 0.013221153846153846
0 0.8173076923076923 0.17548076923076922 0.008413461538461538 0.008413461538461538
0 0.7055288461538461 0.23918269230769232 0.013221153846153846 0.013221153846153846
0 0.7283653846153846 0.2283653846153846 0.010817307692307692 0.007211538461538462
0 0.7439903846153846 0.19591346153846154 0.010817307692307692 0.008413461538461538
0 0.7680288461538461 0.19471153846153846 0.008413461538461538 0.010817307692307692
0 0.7451923076923077 0.22115384615384615 0.008413461538461538 0.008413461538461538
0 0.6899038461538461 0.24759615384615385 0.010817307692307692 0.008413461538461538
0 0.6802884615384616 0.2608173076923077 0.013221153846153846 0.018028846153846152
0 0.6947115384615384 0.26322115384615385 0.010817307692307692 0.013221153846153846
0 0.7127403846153846 0.25 0.010817307692307692 0.008413461538461538
0 0.6670673076923077 0.26322115384615385 0.008413461538461538 0.013221153846153846
0 0.65625 0.27403846153846156 0.010817307692307692 0.010817307692307692
0 0.6622596153846154 0.2860576923076923 0.008413461538461538 0.008413461538461538
0 0.6189903846153846 0.29086538461538464 0.008413461538461538 0.008413461538461538
0 0.5396634615384616 0.31971153846153844 0.007211538461538462 0.008413461538461538
0 0.5552884615384616 0.32211538461538464 0.010817307692307692 0.008413461538461538
0 0.5733173076923077 0.32211538461538464 0.007211538461538462 0.008413461538461538
0 0.5961538461538461 0.32211538461538464 0.010817307692307692 0.008413461538461538
0 0.5372596153846154 0.34134615384615385 0.007211538461538462 0.007211538461538462
0 0.5576923076923077 0.33653846153846156 0.007211538461538462 0.007211538461538462
0 0.45552884615384615 0.3894230769230769 0.010817307692307692 0.008413461538461538
0 0.7211538461538461 0.38341346153846156 0.008413461538461538 0.010817307692307692
0 0.6153846153846154 0.45552884615384615 0.008413461538461538 0.010817307692307692
0 0.43149038461538464 0.5745192307692307 0.015625 0.018028846153846152
0 0.40024038461538464 0.6009615384615384 0.010817307692307692 0.018028846153846152
0 0.41947115384615385 0.5997596153846154 0.010817307692307692 0.010817307692307692
0 0.4182692307692308 0.6334134615384616 0.007211538461538462 0.013221153846153846
0 0.4266826923076923 0.6262019230769231 0.010817307692307692 0.013221153846153846
0 0.421875 0.6550480769230769 0.010817307692307692 0.008413461538461538
0 0.40625 0.6622596153846154 0.007211538461538462 0.008413461538461538
0 0.3389423076923077 0.6694711538461539 0.010817307692307692 0.010817307692307692
0 0.35336538461538464 0.6622596153846154 0.008413461538461538 0.008413461538461538
0 0.6730769230769231 0.6490384615384616 0.018028846153846152 0.018028846153846152
0 0.6730769230769231 0.6177884615384616 0.018028846153846152 0.010817307692307692
0 0.8137019230769231 0.2608173076923077 0.010817307692307692 0.013221153846153846
0 0.9338942307692307 0.24759615384615385 0.007211538461538462 0.008413461538461538
0 0.6887019230769231 0.4074519230769231 0.008413461538461538 0.008413461538461538
0 0.7427884615384616 0.3713942307692308 0.004807692307692308 0.008413461538461538
0 0.8822115384615384 0.6911057692307693 0.007211538461538462 0.008413461538461538
0 0.8882211538461539 0.7115384615384616 0.007211538461538462 0.008413461538461538
0 0.9038461538461539 0.6370192307692307 0.007211538461538462 0.008413461538461538
0 0.8665865384615384 0.6370192307692307 0.010817307692307692 0.008413461538461538
0 0.8641826923076923 0.6262019230769231 0.007211538461538462 0.013221153846153846
0 0.8269230769230769 0.6358173076923077 0.008413461538461538 0.010817307692307692
0 0.31009615384615385 0.04447115384615385 0.010817307692307692 0.013221153846153846
0 0.33413461538461536 0.10216346153846154 0.010817307692307692 0.010817307692307692
0 0.3425480769230769 0.11538461538461539 0.008413461538461538 0.008413461538461538
0 0.359375 0.140625 0.010817307692307692 0.010817307692307692
0 0.33052884615384615 0.1875 0.020432692307692308 0.015625
0 0.31490384615384615 0.203125 0.008413461538461538 0.008413461538461538
0 0.30528846153846156 0.20552884615384615 0.010817307692307692 0.010817307692307692
0 0.3401442307692308 0.22956730769230768 0.008413461538461538 0.008413461538461538
0 0.35096153846153844 0.21995192307692307 0.008413461538461538 0.010817307692307692
0 0.3605769230769231 0.23317307692307693 0.008413461538461538 0.007211538461538462
0 0.28125 0.07932692307692307 0.008413461538461538 0.008413461538461538
0 0.28846153846153844 0.07451923076923077 0.004807692307692308 0.008413461538461538
0 0.3088942307692308 0.10096153846153846 0.008413461538461538 0.013221153846153846
0 0.2932692307692308 0.09615384615384616 0.008413461538461538 0.007211538461538462
0 0.24639423076923078 0.1045673076923077 0.015625 0.010817307692307692
0 0.2704326923076923 0.11057692307692307 0.008413461538461538 0.008413461538461538
0 0.2548076923076923 0.08173076923076923 0.013221153846153846 0.015625
0 0.24639423076923078 0.125 0.007211538461538462 0.010817307692307692
0 0.23317307692307693 0.12980769230769232 0.007211538461538462 0.007211538461538462
0 0.21875 0.11778846153846154 0.013221153846153846 0.010817307692307692
0 0.24158653846153846 0.07211538461538461 0.008413461538461538 0.008413461538461538
0 0.2620192307692308 0.05889423076923077 0.007211538461538462 0.004807692307692308
0 0.23076923076923078 0.07932692307692307 0.007211538461538462 0.004807692307692308
0 0.21394230769230768 0.09014423076923077 0.008413461538461538 0.008413461538461538
0 0.002403846153846154 0.12139423076923077 0.004807692307692308 0.009615384615384616
0 0.025240384615384616 0.1045673076923077 0.008413461538461538 0.010817307692307692
0 0.02403846153846154 0.140625 0.010817307692307692 0.010817307692307692
0 0.29086538461538464 0.21514423076923078 0.008413461538461538 0.010817307692307692
0 0.2764423076923077 0.21995192307692307 0.008413461538461538 0.010817307692307692
0 0.2692307692307692 0.22596153846153846 0.010817307692307692 0.010817307692307692
0 0.25841346153846156 0.23557692307692307 0.010817307692307692 0.007211538461538462
0 0.23197115384615385 0.25240384615384615 0.008413461538461538 0.008413461538461538
0 0.22115384615384615 0.25841346153846156 0.013221153846153846 0.013221153846153846
0 0.19831730769230768 0.27163461538461536 0.008413461538461538 0.010817307692307692
0 0.2091346153846154 0.265625 0.008413461538461538 0.008413461538461538
0 0.22355769230769232 0.13581730769230768 0.008413461538461538 0.007211538461538462
0 0.21153846153846154 0.14302884615384615 0.008413461538461538 0.007211538461538462
0 0.20192307692307693 0.15144230769230768 0.007211538461538462 0.007211538461538462
0 0.18990384615384615 0.15865384615384615 0.007211538461538462 0.007211538461538462
0 0.20552884615384615 0.09615384615384616 0.008413461538461538 0.007211538461538462
0 0.18629807692307693 0.10576923076923077 0.010817307692307692 0.008413461538461538
0 0.17067307692307693 0.11658653846153846 0.013221153846153846 0.010817307692307692
0 0.15144230769230768 0.12740384615384615 0.010817307692307692 0.010817307692307692
0 0.13942307692307693 0.13581730769230768 0.008413461538461538 0.007211538461538462
0 0.11057692307692307 0.1502403846153846 0.013221153846153846 0.015625
0 0.14423076923076922 0.1622596153846154 0.008413461538461538 0.008413461538461538
0 0.15504807692307693 0.15745192307692307 0.008413461538461538 0.008413461538461538
0 0.16105769230769232 0.1466346153846154 0.010817307692307692 0.008413461538461538
0 0.1778846153846154 0.1658653846153846 0.008413461538461538 0.010817307692307692
0 0.16466346153846154 0.17307692307692307 0.008413461538461538 0.008413461538461538
0 0.15504807692307693 0.18269230769230768 0.008413461538461538 0.008413461538461538
0 0.14302884615384615 0.18870192307692307 0.010817307692307692 0.008413461538461538
0 0.12980769230769232 0.19591346153846154 0.010817307692307692 0.008413461538461538
0 0.11658653846153846 0.20552884615384615 0.008413461538461538 0.010817307692307692
0 0.12860576923076922 0.17548076923076922 0.008413461538461538 0.008413461538461538
0 0.07572115384615384 0.17548076923076922 0.010817307692307692 0.008413461538461538
0 0.06009615384615385 0.18509615384615385 0.007211538461538462 0.008413461538461538
0 0.08052884615384616 0.19230769230769232 0.015625 0.010817307692307692
0 0.07451923076923077 0.2091346153846154 0.008413461538461538 0.008413461538461538
0 0.1045673076923077 0.2127403846153846 0.010817307692307692 0.010817307692307692
0 0.1045673076923077 0.22235576923076922 0.007211538461538462 0.007211538461538462
0 0.09134615384615384 0.21875 0.010817307692307692 0.008413461538461538
0 0.08533653846153846 0.22596153846153846 0.013221153846153846 0.010817307692307692
0 0.08653846153846154 0.23798076923076922 0.010817307692307692 0.007211538461538462
0 0.09014423076923077 0.2548076923076923 0.008413461538461538 0.008413461538461538
0 0.0625 0.22115384615384615 0.010817307692307692 0.008413461538461538
0 0.07451923076923077 0.25841346153846156 0.018028846153846152 0.013221153846153846
0 0.2956730769230769 0.33052884615384615 0.020432692307692308 0.020432692307692308
0 0.3245192307692308 0.30649038461538464 0.013221153846153846 0.008413461538461538
0 0.30649038461538464 0.25 0.008413461538461538 0.008413461538461538
0 0.3173076923076923 0.2439903846153846 0.008413461538461538 0.007211538461538462
0 0.2692307692307692 0.3137019230769231 0.015625 0.015625
0 0.22355769230769232 0.31971153846153844 0.013221153846153846 0.013221153846153846
0 0.20552884615384615 0.3161057692307692 0.013221153846153846 0.010817307692307692
0 0.1875 0.33052884615384615 0.010817307692307692 0.008413461538461538
0 0.18629807692307693 0.3425480769230769 0.010817307692307692 0.008413461538461538
0 0.1875 0.35336538461538464 0.010817307692307692 0.008413461538461538
0 0.19591346153846154 0.39302884615384615 0.008413461538461538 0.007211538461538462
0 0.21875 0.4254807692307692 0.013221153846153846 0.013221153846153846
0 0.23918269230769232 0.35096153846153844 0.008413461538461538 0.008413461538461538
0 0.23197115384615385 0.3425480769230769 0.008413461538461538 0.008413461538461538
0 0.39663461538461536 0.3173076923076923 0.013221153846153846 0.013221153846153846
0 0.3870192307692308 0.33653846153846156 0.008413461538461538 0.007211538461538462
0 0.23557692307692307 0.4831730769230769 0.010817307692307692 0.010817307692307692
0 0.24278846153846154 0.5012019230769231 0.013221153846153846 0.010817307692307692
0 0.24639423076923078 0.5120192307692307 0.007211538461538462 0.007211538461538462
0 0.24879807692307693 0.5240384615384616 0.010817307692307692 0.010817307692307692
0 0.25600961538461536 0.5480769230769231 0.010817307692307692 0.010817307692307692
0 0.25721153846153844 0.5709134615384616 0.013221153846153846 0.015625
0 0.24879807692307693 0.5913461538461539 0.007211538461538462 0.010817307692307692
0 0.26322115384615385 0.6081730769230769 0.013221153846153846 0.013221153846153846
0 0.2764423076923077 0.5961538461538461 0.013221153846153846 0.010817307692307692
0 0.2920673076923077 0.5889423076923077 0.010817307692307692 0.010817307692307692
0 0.3076923076923077 0.5769230769230769 0.007211538461538462 0.008413461538461538
0 0.3125 0.5661057692307693 0.007211538461538462 0.007211538461538462
0 0.3088942307692308 0.5480769230769231 0.008413461538461538 0.007211538461538462
0 0.33052884615384615 0.5625 0.010817307692307692 0.010817307692307692
0 0.34134615384615385 0.5588942307692307 0.007211538461538462 0.008413461538461538
0 0.35216346153846156 0.5516826923076923 0.007211538461538462 0.008413461538461538
0 0.19831730769230768 0.4855769230769231 0.008413461538461538 0.010817307692307692
0 0.203125 0.5012019230769231 0.008413461538461538 0.007211538461538462
0 0.21033653846153846 0.5180288461538461 0.010817307692307692 0.013221153846153846
0 0.21394230769230768 0.5372596153846154 0.013221153846153846 0.010817307692307692
0 0.20673076923076922 0.59375 0.013221153846153846 0.010817307692307692
0 0.20072115384615385 0.6129807692307693 0.008413461538461538 0.008413461538461538
0 0.19110576923076922 0.6262019230769231 0.008413461538461538 0.008413461538461538
0 0.15504807692307693 0.640625 0.013221153846153846 0.010817307692307692
0 0.15865384615384615 0.6298076923076923 0.010817307692307692 0.010817307692307692
0 0.16346153846153846 0.6165865384615384 0.010817307692307692 0.008413461538461538
0 0.1502403846153846 0.6141826923076923 0.010817307692307692 0.010817307692307692
0 0.1622596153846154 0.6009615384615384 0.013221153846153846 0.008413461538461538
0 0.1658653846153846 0.5877403846153846 0.010817307692307692 0.008413461538461538
0 0.1658653846153846 0.5709134615384616 0.010817307692307692 0.010817307692307692
0 0.15985576923076922 0.5588942307692307 0.008413461538461538 0.008413461538461538
0 0.15144230769230768 0.546875 0.008413461538461538 0.008413461538461538
0 0.15745192307692307 0.5240384615384616 0.008413461538461538 0.010817307692307692
0 0.16706730769230768 0.5132211538461539 0.008413461538461538 0.008413461538461538
0 0.17668269230769232 0.5048076923076923 0.007211538461538462 0.008413461538461538
0 0.18028846153846154 0.4891826923076923 0.008413461538461538 0.008413461538461538
0 0.375 0.5384615384615384 0.007211538461538462 0.008413461538461538
0 0.14302884615384615 0.6033653846153846 0.010817307692307692 0.008413461538461538
0 0.1310096153846154 0.6033653846153846 0.008413461538461538 0.008413461538461538
0 0.14783653846153846 0.5865384615384616 0.007211538461538462 0.010817307692307692
0 0.14903846153846154 0.5733173076923077 0.008413461538461538 0.007211538461538462
0 0.10096153846153846 0.5564903846153846 0.008413461538461538 0.008413461538461538
0 0.09014423076923077 0.5564903846153846 0.008413461538461538 0.008413461538461538
0 0.09615384615384616 0.5348557692307693 0.007211538461538462 0.007211538461538462
0 0.10576923076923077 0.5384615384615384 0.008413461538461538 0.008413461538461538
0 0.12620192307692307 0.5673076923076923 0.008413461538461538 0.008413461538461538
0 0.15865384615384615 0.7980769230769231 0.010817307692307692 0.010817307692307692
0 0.14423076923076922 0.8016826923076923 0.008413461538461538 0.008413461538461538
0 0.12860576923076922 0.8076923076923077 0.008413461538461538 0.007211538461538462
0 0.09615384615384616 0.8353365384615384 0.010817307692307692 0.013221153846153846
0 0.08413461538461539 0.8569711538461539 0.007211538461538462 0.010817307692307692
0 0.07692307692307693 0.8713942307692307 0.004807692307692308 0.008413461538461538
0 0.16826923076923078 0.7644230769230769 0.010817307692307692 0.010817307692307692
0 0.17668269230769232 0.7584134615384616 0.007211538461538462 0.007211538461538462
0 0.18990384615384615 0.7512019230769231 0.007211538461538462 0.007211538461538462
0 0.1971153846153846 0.7475961538461539 0.007211538461538462 0.008413461538461538
0 0.20552884615384615 0.7427884615384616 0.010817307692307692 0.008413461538461538
0 0.22235576923076922 0.7355769230769231 0.007211538461538462 0.007211538461538462
0 0.22956730769230768 0.7307692307692307 0.008413461538461538 0.007211538461538462
0 0.016826923076923076 0.2127403846153846 0.010817307692307692 0.010817307692307692
0 0.004807692307692308 0.2668269230769231 0.009615384615384616 0.010817307692307692
0 0.008413461538461538 0.28125 0.008413461538461538 0.008413461538461538
0 0.0625 0.3076923076923077 0.008413461538461538 0.010817307692307692
0 0.051682692307692304 0.3125 0.008413461538461538 0.010817307692307692
0 0.008413461538461538 0.3389423076923077 0.010817307692307692 0.010817307692307692
0 0.02403846153846154 0.3485576923076923 0.010817307692307692 0.010817307692307692
0 0.03365384615384615 0.6478365384615384 0.008413461538461538 0.007211538461538462
0 0.04567307692307692 0.65625 0.007211538461538462 0.010817307692307692
0 0.05889423076923077 0.671875 0.008413461538461538 0.007211538461538462
0 0.0673076923076923 0.6514423076923077 0.008413461538461538 0.008413461538461538
0 0.009615384615384616 0.3004807692307692 0.007211538461538462 0.007211538461538462
0 0.02283653846153846 0.26802884615384615 0.008413461538461538 0.008413461538461538
0 0.046875 0.6875 0.004807692307692308 0.007211538461538462
0 0.039663461538461536 0.9350961538461539 0.010817307692307692 0.013221153846153846
0 0.03365384615384615 0.9495192307692307 0.008413461538461538 0.007211538461538462
0 0.026442307692307692 0.9771634615384616 0.007211538461538462 0.008413461538461538
0 0.05889423076923077 0.9122596153846154 0.008413461538461538 0.008413461538461538
0 0.014423076923076924 0.7475961538461539 0.007211538461538462 0.008413461538461538
0 0.12860576923076922 0.8401442307692307 0.02283653846153846 0.02283653846153846
0 0.12980769230769232 0.8882211538461539 0.010817307692307692 0.020432692307692308
0 0.2536057692307692 0.38221153846153844 0.015625 0.015625
0 0.4699519230769231 0.6225961538461539 0.010817307692307692 0.015625
0 0.9026442307692307 0.265625 0.013221153846153846 0.008413461538461538
0 0.9759615384615384 0.3161057692307692 0.010817307692307692 0.010817307692307692
0 0.96875 0.3389423076923077 0.013221153846153846 0.010817307692307692
0 0.9627403846153846 0.3581730769230769 0.015625 0.013221153846153846
0 0.9387019230769231 0.3076923076923077 0.013221153846153846 0.015625
0 0.9290865384615384 0.33052884615384615 0.015625 0.018028846153846152
0 0.9254807692307693 0.48677884615384615 0.013221153846153846 0.018028846153846152