0 0.9651442307692307 0.6057692307692307 0.020432692307692308 0.018028846153846152
0 0.953125 0.5697115384615384 0.008413461538461538 0.008413461538461538
0 0.9507211538461539 0.5492788461538461 0.008413461538461538 0.008413461538461538
0 0.9507211538461539 0.5336538461538461 0.013221153846153846 0.008413461538461538
0 0.9483173076923077 0.515625 0.013221153846153846 0.018028846153846152
0 0.9459134615384616 0.49399038461538464 0.02283653846153846 0.010817307692307692
0 0.9483173076923077 0.47596153846153844 0.018028846153846152 0.010817307692307692
0 0.9459134615384616 0.45913461538461536 0.008413461538461538 0.008413461538461538
0 0.9567307692307693 0.4519230769230769 0.013221153846153846 0.010817307692307692
0 0.9483173076923077 0.4387019230769231 0.008413461538461538 0.008413461538461538
0 0.9375 0.2644230769230769 0.028846153846153848 0.025240384615384616
0 0.9447115384615384 0.3125 0.015625 0.010817307692307692
0 0.9495192307692307 0.3293269230769231 0.010817307692307692 0.008413461538461538
0 0.9507211538461539 0.3473557692307692 0.013221153846153846 0.008413461538461538
0 0.9483173076923077 0.36658653846153844 0.013221153846153846 0.010817307692307692
0 0.9495192307692307 0.38341346153846156 0.010817307692307692 0.007211538461538462
0 0.9495192307692307 0.40024038461538464 0.015625 0.015625
0 0.9519230769230769 0.4170673076923077 0.010817307692307692 0.008413461538461538
0 0.5264423076923077 0.171875 0.018028846153846152 0.015625
0 0.5685096153846154 0.1141826923076923 0.015625 0.020432692307692308
0 0.5853365384615384 0.1045673076923077 0.018028846153846152 0.015625
0 0.21153846153846154 0.7235576923076923 0.013221153846153846 0.010817307692307692
0 0.12259615384615384 0.9014423076923077 0.007211538461538462 0.010817307692307692
0 0.12860576923076922 0.8605769230769231 0.018028846153846152 0.018028846153846152
0 0.06850961538461539 0.8774038461538461 0.015625 0.015625
0 0.0625 0.8341346153846154 0.010817307692307692 0.010817307692307692
0 0.02403846153846154 0.8725961538461539 0.015625 0.015625
0 0.08774038461538461 0.8966346153846154 0.013221153846153846 0.018028846153846152
0 0.0625 0.9146634615384616 0.015625 0.018028846153846152
0 0.47596153846153844 0.6502403846153846 0.010817307692307692 0.020432692307692308
0 0.5444711538461539 0.7980769230769231 0.018028846153846152 0.020432692307692308
0 0.5012019230769231 0.6370192307692307 0.010817307692307692 0.013221153846153846
0 0.13942307692307693 0.6057692307692307 0.013221153846153846 0.013221153846153846
0 0.2091346153846154 0.5901442307692307 0.008413461538461538 0.013221153846153846
0 0.5300480769230769 0.6658653846153846 0.010817307692307692 0.010817307692307692
0 0.1502403846153846 0.9098557692307693 0.020432692307692308 0.018028846153846152
0 0.16826923076923078 0.8990384615384616 0.015625 0.013221153846153846
0 0.9795673076923077 0.984375 0.008413461538461538 0.013221153846153846
0 0.9699519230769231 0.875 0.010817307692307692 0.010817307692307692
0 0.8305288461538461 0.9002403846153846 0.013221153846153846 0.015625
0 0.640625 0.6009615384615384 0.020432692307692308 0.018028846153846152
0 0.6634615384615384 0.5204326923076923 0.015625 0.018028846153846152
0 0.6694711538461539 0.46875 0.018028846153846152 0.026442307692307692
0 0.5192307692307693 0.5985576923076923 0.015625 0.010817307692307692
0 0.5805288461538461 0.6286057692307693 0.013221153846153846 0.013221153846153846
0 0.4831730769230769 0.6081730769230769 0.025240384615384616 0.02283653846153846
0 0.5396634615384616 0.5396634615384616 0.010817307692307692 0.010817307692307692
0 0.5324519230769231 0.5769230769230769 0.010817307692307692 0.013221153846153846
0 0.5516826923076923 0.5973557692307693 0.013221153846153846 0.018028846153846152
0 0.5877403846153846 0.6514423076923077 0.018028846153846152 0.015625
0 0.4699519230769231 0.765625 0.015625 0.013221153846153846
0 0.5709134615384616 0.7896634615384616 0.010817307692307692 0.015625
0 0.5757211538461539 0.8605769230769231 0.015625 0.013221153846153846
0 0.8990384615384616 0.6081730769230769 0.008413461538461538 0.013221153846153846
0 0.8569711538461539 0.5949519230769231 0.010817307692307692 0.013221153846153846