0 0.056490384615384616 0.08052884615384616 0.013221153846153846 0.015625
0 0.1201923076923077 0.15264423076923078 0.010817307692307692 0.018028846153846152
0 0.09495192307692307 0.19591346153846154 0.013221153846153846 0.013221153846153846
0 0.09014423076923077 0.23557692307692307 0.018028846153846152 0.015625
0 0.08653846153846154 0.2860576923076923 0.015625 0.013221153846153846
0 0.006009615384615385 0.5949519230769231 0.010817307692307692 0.015625
0 0.010817307692307692 0.6117788461538461 0.018028846153846152 0.015625
0 0.02283653846153846 0.6274038461538461 0.018028846153846152 0.010817307692307692
0 0.02403846153846154 0.546875 0.015625 0.018028846153846152
0 0.02403846153846154 0.5661057692307693 0.010817307692307692 0.015625
0 0.025240384615384616 0.5865384615384616 0.018028846153846152 0.015625
0 0.0733173076923077 0.5925480769230769 0.015625 0.018028846153846152
0 0.03485576923076923 0.6550480769230769 0.020432692307692308 0.018028846153846152
0 0.039663461538461536 0.6862980769230769 0.015625 0.025240384615384616
0 0.013221153846153846 0.7139423076923077 0.026442307692307692 0.014423076923076924
0 0.09375 0.6935096153846154 0.015625 0.013221153846153846
0 0.07932692307692307 0.6766826923076923 0.018028846153846152 0.015625
0 0.040865384615384616 0.5444711538461539 0.018028846153846152 0.018028846153846152
0 0.039663461538461536 0.5661057692307693 0.020432692307692308 0.015625
0 0.11778846153846154 0.5036057692307693 0.015625 0.015625
0 0.12860576923076922 0.49038461538461536 0.013221153846153846 0.015625
0 0.11177884615384616 0.5240384615384616 0.015625 0.020432692307692308
0 0.1310096153846154 0.5252403846153846 0.018028846153846152 0.02283653846153846
0 0.13942307692307693 0.5084134615384616 0.02283653846153846 0.015625
0 0.1141826923076923 0.5444711538461539 0.020432692307692308 0.015625
0 0.13221153846153846 0.5444711538461539 0.015625 0.018028846153846152
0 0.04326923076923077 0.8125 0.013221153846153846 0.015625
0 0.057692307692307696 0.9122596153846154 0.020432692307692308 0.018028846153846152
0 0.09254807692307693 0.6370192307692307 0.018028846153846152 0.018028846153846152
0 0.09495192307692307 0.9615384615384616 0.008413461538461538 0.013221153846153846
0 0.1346153846153846 0.8545673076923077 0.018028846153846152 0.015625
0 0.0625 0.8930288461538461 0.010817307692307692 0.010817307692307692
0 0.07692307692307693 0.9375 0.013221153846153846 0.013221153846153846
0 0.078125 0.9783653846153846 0.010817307692307692 0.007211538461538462
0 0.13822115384615385 0.8088942307692307 0.010817307692307692 0.013221153846153846
0 0.14423076923076922 0.8221153846153846 0.013221153846153846 0.013221153846153846
0 0.0625 0.8401442307692307 0.013221153846153846 0.013221153846153846
0 0.0733173076923077 0.8665865384615384 0.010817307692307692 0.010817307692307692
0 0.08052884615384616 0.8822115384615384 0.008413461538461538 0.015625
0 0.11899038461538461 0.875 0.013221153846153846 0.010817307692307692
0 0.13341346153846154 0.8774038461538461 0.008413461538461538 0.010817307692307692
0 0.09014423076923077 0.8149038461538461 0.008413461538461538 0.013221153846153846
0 0.046875 0.7944711538461539 0.013221153846153846 0.010817307692307692
0 0.040865384615384616 0.7235576923076923 0.008413461538461538 0.013221153846153846
0 0.06009615384615385 0.7199519230769231 0.020432692307692308 0.015625