0 0.8858173076923077 0.46634615384615385 0.010817307692307692 0.008413461538461538
0 0.8701923076923077 0.46274038461538464 0.010817307692307692 0.010817307692307692
0 0.8786057692307693 0.453125 0.008413461538461538 0.008413461538461538
0 0.8798076923076923 0.4411057692307692 0.007211538461538462 0.008413461538461538
0 0.8858173076923077 0.42788461538461536 0.007211538461538462 0.013221153846153846
0 0.890625 0.4014423076923077 0.007211538461538462 0.008413461538461538
0 0.8918269230769231 0.390625 0.008413461538461538 0.007211538461538462
0 0.8990384615384616 0.36778846153846156 0.008413461538461538 0.010817307692307692
0 0.8978365384615384 0.3545673076923077 0.007211538461538462 0.010817307692307692
0 0.8389423076923077 0.453125 0.010817307692307692 0.008413461538461538
0 0.8305288461538461 0.453125 0.007211538461538462 0.008413461538461538
0 0.8389423076923077 0.30528846153846156 0.010817307692307692 0.010817307692307692
0 0.8605769230769231 0.30528846153846156 0.008413461538461538 0.010817307692307692
0 0.8185096153846154 0.44350961538461536 0.010817307692307692 0.008413461538461538
0 0.8305288461538461 0.4338942307692308 0.008413461538461538 0.010817307692307692
0 0.8305288461538461 0.4206730769230769 0.008413461538461538 0.008413461538461538
0 0.7980769230769231 0.3317307692307692 0.010817307692307692 0.010817307692307692
0 0.78125 0.3401442307692308 0.008413461538461538 0.008413461538461538
0 0.7692307692307693 0.3485576923076923 0.007211538461538462 0.008413461538461538
0 0.7596153846153846 0.3581730769230769 0.007211538461538462 0.008413461538461538
0 0.8677884615384616 0.28365384615384615 0.010817307692307692 0.008413461538461538
0 0.8798076923076923 0.27524038461538464 0.007211538461538462 0.008413461538461538
0 0.8966346153846154 0.2980769230769231 0.008413461538461538 0.010817307692307692
0 0.9050480769230769 0.2620192307692308 0.008413461538461538 0.010817307692307692
0 0.9194711538461539 0.26802884615384615 0.008413461538461538 0.008413461538461538
0 0.9194711538461539 0.25600961538461536 0.010817307692307692 0.010817307692307692
0 0.9290865384615384 0.24519230769230768 0.007211538461538462 0.008413461538461538
0 0.9326923076923077 0.2620192307692308 0.008413461538461538 0.010817307692307692
0 0.9338942307692307 0.2764423076923077 0.007211538461538462 0.007211538461538462
0 0.9447115384615384 0.2692307692307692 0.010817307692307692 0.007211538461538462
0 0.9411057692307693 0.23918269230769232 0.008413461538461538 0.008413461538461538
0 0.96875 0.24158653846153846 0.008413461538461538 0.008413461538461538
0 0.9783653846153846 0.23197115384615385 0.007211538461538462 0.008413461538461538
0 0.9891826923076923 0.2127403846153846 0.008413461538461538 0.010817307692307692
0 0.9086538461538461 0.29447115384615385 0.010817307692307692 0.008413461538461538
0 0.8834134615384616 0.28966346153846156 0.010817307692307692 0.007211538461538462
0 0.8762019230769231 0.29927884615384615 0.008413461538461538 0.008413461538461538
0 0.9014423076923077 0.31490384615384615 0.007211538461538462 0.008413461538461538
0 0.9122596153846154 0.3088942307692308 0.008413461538461538 0.008413461538461538
0 0.9242788461538461 0.31490384615384615 0.007211538461538462 0.008413461538461538
0 0.9194711538461539 0.296875 0.007211538461538462 0.008413461538461538
0 0.9350961538461539 0.3088942307692308 0.008413461538461538 0.008413461538461538
0 0.9459134615384616 0.3161057692307692 0.008413461538461538 0.010817307692307692
0 0.9579326923076923 0.3112980769230769 0.007211538461538462 0.008413461538461538
0 0.9471153846153846 0.3004807692307692 0.010817307692307692 0.010817307692307692
0 0.9447115384615384 0.2860576923076923 0.007211538461538462 0.008413461538461538
0 0.96875 0.28846153846153844 0.008413461538461538 0.008413461538461538
0 0.9459134615384616 0.2536057692307692 0.008413461538461538 0.007211538461538462
0 0.9579326923076923 0.2608173076923077 0.010817307692307692 0.008413461538461538
0 0.9711538461538461 0.27163461538461536 0.008413461538461538 0.010817307692307692
0 0.9831730769230769 0.2800480769230769 0.010817307692307692 0.010817307692307692
0 0.9807692307692307 0.2608173076923077 0.010817307692307692 0.008413461538461538
0 0.9819711538461539 0.24879807692307693 0.008413461538461538 0.010817307692307692
0 0.9711538461538461 0.30288461538461536 0.008413461538461538 0.010817307692307692
0 0.984375 0.29447115384615385 0.008413461538461538 0.008413461538461538
0 0.984375 0.3112980769230769 0.004807692307692308 0.008413461538461538
0 0.9879807692307693 0.3269230769230769 0.007211538461538462 0.008413461538461538
0 0.9879807692307693 0.34134615384615385 0.010817307692307692 0.007211538461538462
0 0.9939903846153846 0.28846153846153844 0.007211538461538462 0.008413461538461538
0 0.96875 0.35697115384615385 0.008413461538461538 0.007211538461538462
0 0.9711538461538461 0.36658653846153844 0.008413461538461538 0.008413461538461538
0 0.7331730769230769 0.36899038461538464 0.007211538461538462 0.008413461538461538
0 0.7235576923076923 0.3737980769230769 0.008413461538461538 0.008413461538461538
0 0.9639423076923077 0.40384615384615385 0.013221153846153846 0.015625
0 0.9807692307692307 0.39783653846153844 0.010817307692307692 0.010817307692307692
0 0.9579326923076923 0.4423076923076923 0.010817307692307692 0.010817307692307692
0 0.9519230769230769 0.46274038461538464 0.007211538461538462 0.010817307692307692
0 0.9555288461538461 0.4795673076923077 0.008413461538461538 0.008413461538461538
0 0.9447115384615384 0.4831730769230769 0.010817307692307692 0.010817307692307692
0 0.9471153846153846 0.4951923076923077 0.007211538461538462 0.008413461538461538
0 0.9459134615384616 0.5084134615384616 0.008413461538461538 0.008413461538461538
0 0.9375 0.4951923076923077 0.010817307692307692 0.008413461538461538
0 0.9783653846153846 0.41346153846153844 0.010817307692307692 0.010817307692307692
0 0.9903846153846154 0.42788461538461536 0.010817307692307692 0.013221153846153846
0 0.9699519230769231 0.38341346153846156 0.010817307692307692 0.008413461538461538
0 0.9759615384615384 0.3473557692307692 0.010817307692307692 0.008413461538461538
0 0.9014423076923077 0.5444711538461539 0.008413461538461538 0.010817307692307692
0 0.8762019230769231 0.5480769230769231 0.013221153846153846 0.015625
0 0.8473557692307693 0.5564903846153846 0.008413461538461538 0.008413461538461538
0 0.7475961538461539 0.36177884615384615 0.008413461538461538 0.010817307692307692
0 0.9603365384615384 0.33052884615384615 0.010817307692307692 0.008413461538461538
0 0.9675480769230769 0.5504807692307693 0.010817307692307692 0.010817307692307692
0 0.7920673076923077 0.5084134615384616 0.010817307692307692 0.013221153846153846
0 0.8040865384615384 0.515625 0.013221153846153846 0.013221153846153846
0 0.9338942307692307 0.45552884615384615 0.010817307692307692 0.013221153846153846
0 0.9867788461538461 0.578125 0.018028846153846152 0.010817307692307692
0 0.9735576923076923 0.5913461538461539 0.015625 0.015625
0 0.9891826923076923 0.5925480769230769 0.013221153846153846 0.008413461538461538
0 0.9915865384615384 0.6033653846153846 0.010817307692307692 0.008413461538461538
0 0.9855769230769231 0.6322115384615384 0.010817307692307692 0.007211538461538462
0 0.8774038461538461 0.6117788461538461 0.010817307692307692 0.010817307692307692
0 0.8894230769230769 0.6105769230769231 0.008413461538461538 0.008413461538461538
0 0.8990384615384616 0.6021634615384616 0.008413461538461538 0.010817307692307692
0 0.9639423076923077 0.6105769230769231 0.008413461538461538 0.008413461538461538
0 0.9759615384615384 0.6177884615384616 0.010817307692307692 0.010817307692307692
0 0.9471153846153846 0.6262019230769231 0.015625 0.013221153846153846
0 0.9555288461538461 0.6430288461538461 0.013221153846153846 0.010817307692307692
0 0.9338942307692307 0.6346153846153846 0.010817307692307692 0.008413461538461538
0 0.9399038461538461 0.6514423076923077 0.010817307692307692 0.010817307692307692
0 0.9194711538461539 0.6418269230769231 0.010817307692307692 0.008413461538461538
0 0.9074519230769231 0.6514423076923077 0.008413461538461538 0.008413461538461538
0 0.9014423076923077 0.6586538461538461 0.010817307692307692 0.010817307692307692
0 0.8882211538461539 0.6622596153846154 0.010817307692307692 0.013221153846153846
0 0.9002403846153846 0.6754807692307693 0.010817307692307692 0.008413461538461538
0 0.9050480769230769 0.6875 0.013221153846153846 0.010817307692307692
0 0.9122596153846154 0.6730769230769231 0.013221153846153846 0.008413461538461538
0 0.921875 0.6634615384615384 0.010817307692307692 0.010817307692307692
0 0.9675480769230769 0.6838942307692307 0.015625 0.010817307692307692
0 0.9759615384615384 0.6947115384615384 0.010817307692307692 0.010817307692307692
0 0.9819711538461539 0.7067307692307693 0.013221153846153846 0.008413461538461538
0 0.9639423076923077 0.7019230769230769 0.013221153846153846 0.010817307692307692
0 0.9507211538461539 0.7103365384615384 0.013221153846153846 0.010817307692307692
0 0.9302884615384616 0.7163461538461539 0.013221153846153846 0.008413461538461538
0 0.9350961538461539 0.7271634615384616 0.013221153846153846 0.008413461538461538
0 0.9783653846153846 0.7512019230769231 0.010817307692307692 0.010817307692307692
0 0.9699519230769231 0.7572115384615384 0.010817307692307692 0.013221153846153846
0 0.9399038461538461 0.7596153846153846 0.010817307692307692 0.010817307692307692
0 0.9543269230769231 0.7584134615384616 0.010817307692307692 0.008413461538461538
0 0.9519230769230769 0.7728365384615384 0.010817307692307692 0.008413461538461538
0 0.9555288461538461 0.7860576923076923 0.010817307692307692 0.008413461538461538
0 0.9266826923076923 0.8245192307692307 0.010817307692307692 0.013221153846153846
0 0.984375 0.7668269230769231 0.008413461538461538 0.010817307692307692
0 0.9134615384615384 0.7908653846153846 0.010817307692307692 0.008413461538461538
0 0.9026442307692307 0.7764423076923077 0.008413461538461538 0.010817307692307692
0 0.8966346153846154 0.765625 0.008413461538461538 0.008413461538461538
0 0.8846153846153846 0.7788461538461539 0.008413461538461538 0.008413461538461538
0 0.8834134615384616 0.7487980769230769 0.015625 0.010817307692307692
0 0.8737980769230769 0.7355769230769231 0.013221153846153846 0.010817307692307692
0 0.8665865384615384 0.7175480769230769 0.010817307692307692 0.010817307692307692
0 0.8581730769230769 0.6995192307692307 0.008413461538461538 0.010817307692307692
0 0.8485576923076923 0.6838942307692307 0.010817307692307692 0.010817307692307692
0 0.671875 0.7403846153846154 0.015625 0.020432692307692308
0 0.7019230769230769 0.7211538461538461 0.010817307692307692 0.013221153846153846
0 0.7163461538461539 0.7127403846153846 0.013221153846153846 0.010817307692307692
0 0.6838942307692307 0.734375 0.010817307692307692 0.013221153846153846
0 0.7283653846153846 0.7067307692307693 0.010817307692307692 0.008413461538461538
0 0.7415865384615384 0.6959134615384616 0.018028846153846152 0.013221153846153846
0 0.7596153846153846 0.6862980769230769 0.010817307692307692 0.010817307692307692
0 0.7728365384615384 0.6778846153846154 0.013221153846153846 0.013221153846153846
0 0.7860576923076923 0.6694711538461539 0.013221153846153846 0.013221153846153846
0 0.7956730769230769 0.6634615384615384 0.010817307692307692 0.015625
0 0.8100961538461539 0.6550480769230769 0.010817307692307692 0.008413461538461538
0 0.9447115384615384 0.8485576923076923 0.010817307692307692 0.010817307692307692
0 0.9182692307692307 0.8954326923076923 0.025240384615384616 0.025240384615384616
0 0.8834134615384616 0.9098557692307693 0.010817307692307692 0.013221153846153846
0 0.8557692307692307 0.9254807692307693 0.008413461538461538 0.008413461538461538
0 0.9771634615384616 0.8533653846153846 0.013221153846153846 0.013221153846153846
0 0.9855769230769231 0.9567307692307693 0.010817307692307692 0.008413461538461538
0 0.9435096153846154 0.953125 0.008413461538461538 0.013221153846153846
0 0.9591346153846154 0.9747596153846154 0.008413461538461538 0.008413461538461538
0 0.9663461538461539 0.9639423076923077 0.008413461538461538 0.008413461538461538
0 0.9831730769230769 0.9879807692307693 0.010817307692307692 0.010817307692307692
0 0.9627403846153846 0.9399038461538461 0.010817307692307692 0.010817307692307692
0 0.6346153846153846 0.7608173076923077 0.008413461538461538 0.013221153846153846
0 0.6262019230769231 0.7704326923076923 0.008413461538461538 0.008413461538461538
0 0.6165865384615384 0.7788461538461539 0.007211538461538462 0.008413461538461538
0 0.5913461538461539 0.7932692307692307 0.010817307692307692 0.008413461538461538
0 0.5805288461538461 0.8016826923076923 0.010817307692307692 0.008413461538461538
0 0.5685096153846154 0.8076923076923077 0.007211538461538462 0.010817307692307692
0 0.5564903846153846 0.8125 0.008413461538461538 0.008413461538461538
0 0.5444711538461539 0.8221153846153846 0.010817307692307692 0.008413461538461538
0 0.5324519230769231 0.8305288461538461 0.010817307692307692 0.010817307692307692
0 0.5204326923076923 0.8365384615384616 0.008413461538461538 0.007211538461538462
0 0.5084134615384616 0.8449519230769231 0.008413461538461538 0.008413461538461538
0 0.4963942307692308 0.8521634615384616 0.010817307692307692 0.007211538461538462
0 0.4807692307692308 0.8605769230769231 0.010817307692307692 0.008413461538461538
0 0.48677884615384615 0.8713942307692307 0.008413461538461538 0.008413461538461538
0 0.49158653846153844 0.8786057692307693 0.007211538461538462 0.008413461538461538
0 0.5060096153846154 0.8858173076923077 0.007211538461538462 0.007211538461538462
0 0.5060096153846154 0.9014423076923077 0.010817307692307692 0.008413461538461538
0 0.515625 0.9110576923076923 0.008413461538461538 0.007211538461538462
0 0.5228365384615384 0.921875 0.008413461538461538 0.010817307692307692
0 0.5324519230769231 0.9326923076923077 0.010817307692307692 0.004807692307692308
0 0.9146634615384616 0.9699519230769231 0.008413461538461538 0.010817307692307692
0 0.9362980769230769 0.9903846153846154 0.025240384615384616 0.015625
0 0.890625 0.9807692307692307 0.010817307692307692 0.010817307692307692
0 0.9819711538461539 0.15384615384615385 0.008413461538461538 0.007211538461538462
0 0.9447115384615384 0.1778846153846154 0.010817307692307692 0.008413461538461538
0 0.8689903846153846 0.1502403846153846 0.013221153846153846 0.010817307692307692
0 0.8834134615384616 0.14543269230769232 0.018028846153846152 0.015625
0 0.5096153846153846 0.010817307692307692 0.015625 0.013221153846153846
0 0.5480769230769231 0.016826923076923076 0.028846153846153848 0.020432692307692308
0 0.5276442307692307 0.026442307692307692 0.025240384615384616 0.018028846153846152
0 0.5036057692307693 0.037259615384615384 0.025240384615384616 0.020432692307692308
0 0.47836538461538464 0.052884615384615384 0.020432692307692308 0.015625
0 0.46033653846153844 0.036057692307692304 0.015625 0.013221153846153846
0 0.45552884615384615 0.06370192307692307 0.020432692307692308 0.020432692307692308
0 0.40865384615384615 0.06009615384615385 0.020432692307692308 0.015625
0 0.41947115384615385 0.07451923076923077 0.015625 0.008413461538461538
0 0.4254807692307692 0.09014423076923077 0.013221153846153846 0.013221153846153846
0 0.4050480769230769 0.09134615384615384 0.018028846153846152 0.015625
0 0.37259615384615385 0.08533653846153846 0.025240384615384616 0.018028846153846152
0 0.3798076923076923 0.109375 0.025240384615384616 0.025240384615384616
0 0.41225961538461536 0.109375 0.013221153846153846 0.010817307692307692
0 0.3545673076923077 0.12139423076923077 0.020432692307692308 0.02283653846153846
0 0.4110576923076923 0.13341346153846154 0.015625 0.015625
0 0.43149038461538464 0.11057692307692307 0.010817307692307692 0.008413461538461538
0 0.4483173076923077 0.10576923076923077 0.013221153846153846 0.013221153846153846
0 0.4375 0.12139423076923077 0.008413461538461538 0.008413461538461538
0 0.4807692307692308 0.1141826923076923 0.015625 0.010817307692307692
0 0.5 0.109375 0.018028846153846152 0.015625
0 0.5168269230769231 0.10817307692307693 0.015625 0.018028846153846152
0 0.5576923076923077 0.078125 0.015625 0.015625
0 0.5685096153846154 0.0625 0.020432692307692308 0.018028846153846152
0 0.5721153846153846 0.078125 0.013221153846153846 0.010817307692307692
0 0.5889423076923077 0.0673076923076923 0.015625 0.018028846153846152
0 0.6009615384615384 0.052884615384615384 0.018028846153846152 0.010817307692307692
0 0.6382211538461539 0.09975961538461539 0.020432692307692308 0.020432692307692308
0 0.6298076923076923 0.15384615384615385 0.020432692307692308 0.015625
0 0.6442307692307693 0.2091346153846154 0.02283653846153846 0.018028846153846152
0 0.6454326923076923 0.2283653846153846 0.015625 0.015625
0 0.6610576923076923 0.2439903846153846 0.015625 0.015625
0 0.671875 0.25961538461538464 0.020432692307692308 0.015625
0 0.6887019230769231 0.28846153846153844 0.013221153846153846 0.013221153846153846
0 0.5625 0.15144230769230768 0.010817307692307692 0.010817307692307692
0 0.5769230769230769 0.17307692307692307 0.008413461538461538 0.008413461538461538
0 0.5853365384615384 0.19110576923076922 0.013221153846153846 0.013221153846153846
0 0.5985576923076923 0.203125 0.010817307692307692 0.013221153846153846
0 0.5961538461538461 0.22115384615384615 0.010817307692307692 0.008413461538461538
0 0.5841346153846154 0.22596153846153846 0.010817307692307692 0.010817307692307692
0 0.5625 0.234375 0.008413461538461538 0.008413461538461538
0 0.6201923076923077 0.2548076923076923 0.010817307692307692 0.008413461538461538
0 0.609375 0.2608173076923077 0.010817307692307692 0.008413461538461538
0 0.5973557692307693 0.265625 0.013221153846153846 0.008413461538461538
0 0.5805288461538461 0.26802884615384615 0.008413461538461538 0.008413461538461538
0 0.5685096153846154 0.27524038461538464 0.010817307692307692 0.008413461538461538
0 0.5637019230769231 0.25961538461538464 0.010817307692307692 0.010817307692307692
0 0.578125 0.25721153846153844 0.010817307692307692 0.008413461538461538
0 0.5925480769230769 0.2512019230769231 0.008413461538461538 0.010817307692307692
0 0.6009615384615384 0.24639423076923078 0.008413461538461538 0.010817307692307692
0 0.6129807692307693 0.24158653846153846 0.008413461538461538 0.007211538461538462
0 0.5769230769230769 0.24158653846153846 0.008413461538461538 0.010817307692307692
0 0.6081730769230769 0.22956730769230768 0.008413461538461538 0.008413461538461538
0 0.6189903846153846 0.2247596153846154 0.008413461538461538 0.008413461538461538
0 0.6105769230769231 0.21153846153846154 0.013221153846153846 0.008413461538461538
0 0.78125 0.20192307692307693 0.018028846153846152 0.015625
0 0.7644230769230769 0.21875 0.015625 0.013221153846153846
0 0.7439903846153846 0.22716346153846154 0.015625 0.008413461538461538
0 0.7055288461538461 0.3245192307692308 0.015625 0.013221153846153846
0 0.6610576923076923 0.3581730769230769 0.010817307692307692 0.008413461538461538
0 0.5612980769230769 0.3004807692307692 0.013221153846153846 0.010817307692307692
0 0.5757211538461539 0.3125 0.010817307692307692 0.010817307692307692
0 0.5865384615384616 0.3269230769230769 0.010817307692307692 0.018028846153846152
0 0.5997596153846154 0.3389423076923077 0.010817307692307692 0.010817307692307692
0 0.6213942307692307 0.3701923076923077 0.02283653846153846 0.020432692307692308
0 0.6430288461538461 0.296875 0.010817307692307692 0.013221153846153846
0 0.5192307692307693 0.19471153846153846 0.015625 0.010817307692307692
0 0.5288461538461539 0.21394230769230768 0.008413461538461538 0.013221153846153846
0 0.4963942307692308 0.17427884615384615 0.010817307692307692 0.010817307692307692
0 0.32211538461538464 0.18629807692307693 0.018028846153846152 0.020432692307692308
0 0.4831730769230769 0.13942307692307693 0.010817307692307692 0.008413461538461538
0 0.47475961538461536 0.14423076923076922 0.008413461538461538 0.008413461538461538
0 0.5540865384615384 0.19951923076923078 0.013221153846153846 0.010817307692307692
0 0.5637019230769231 0.2127403846153846 0.010817307692307692 0.010817307692307692
0 0.5516826923076923 0.2283653846153846 0.008413461538461538 0.010817307692307692
0 0.3112980769230769 0.15384615384615385 0.02283653846153846 0.020432692307692308
0 0.30649038461538464 0.13221153846153846 0.018028846153846152 0.010817307692307692
0 0.2608173076923077 0.16346153846153846 0.018028846153846152 0.015625
0 0.2668269230769231 0.18629807692307693 0.020432692307692308 0.020432692307692308
0 0.2848557692307692 0.1658653846153846 0.015625 0.015625
0 0.24278846153846154 0.203125 0.026442307692307692 0.02283653846153846
0 0.2403846153846154 0.17908653846153846 0.015625 0.010817307692307692
0 0.22355769230769232 0.22355769230769232 0.018028846153846152 0.02283653846153846
0 0.38221153846153844 0.1466346153846154 0.015625 0.018028846153846152
0 0.20192307692307693 0.23677884615384615 0.020432692307692308 0.02283653846153846
0 0.17908653846153846 0.2548076923076923 0.015625 0.018028846153846152
0 0.1502403846153846 0.24639423076923078 0.015625 0.010817307692307692
0 0.17548076923076922 0.23317307692307693 0.008413461538461538 0.010817307692307692
0 0.21153846153846154 0.1935096153846154 0.008413461538461538 0.008413461538461538
0 0.39663461538461536 0.23317307692307693 0.018028846153846152 0.015625
0 0.41225961538461536 0.20552884615384615 0.004807692307692308 0.007211538461538462
0 0.45552884615384615 0.3016826923076923 0.015625 0.018028846153846152
0 0.44471153846153844 0.27524038461538464 0.015625 0.018028846153846152
0 0.4699519230769231 0.27283653846153844 0.010817307692307692 0.008413461538461538
0 0.46153846153846156 0.25961538461538464 0.008413461538461538 0.010817307692307692
0 0.4795673076923077 0.29927884615384615 0.013221153846153846 0.013221153846153846
0 0.4495192307692308 0.18389423076923078 0.010817307692307692 0.010817307692307692
0 0.4326923076923077 0.1875 0.008413461538461538 0.010817307692307692
0 0.4795673076923077 0.18629807692307693 0.008413461538461538 0.010817307692307692
0 0.4855769230769231 0.19951923076923078 0.010817307692307692 0.010817307692307692
0 0.4891826923076923 0.21153846153846154 0.008413461538461538 0.004807692307692308
0 0.4951923076923077 0.2247596153846154 0.008413461538461538 0.008413461538461538
0 0.5 0.23918269230769232 0.008413461538461538 0.008413461538461538
0 0.5036057692307693 0.2536057692307692 0.007211538461538462 0.007211538461538462
0 0.49158653846153844 0.25721153846153844 0.013221153846153846 0.008413461538461538
0 0.4338942307692308 0.21033653846153846 0.007211538461538462 0.010817307692307692
0 0.5072115384615384 0.13701923076923078 0.004807692307692308 0.004807692307692308
0 0.5180288461538461 0.1466346153846154 0.013221153846153846 0.008413461538461538
0 0.47716346153846156 0.234375 0.013221153846153846 0.008413461538461538
0 0.49038461538461536 0.28966346153846156 0.010817307692307692 0.010817307692307692
0 0.5408653846153846 0.2848557692307692 0.008413461538461538 0.010817307692307692
0 0.3762019230769231 0.36899038461538464 0.013221153846153846 0.013221153846153846
0 0.3858173076923077 0.3641826923076923 0.010817307692307692 0.015625
0 0.33052884615384615 0.30649038461538464 0.010817307692307692 0.013221153846153846
0 0.34975961538461536 0.3894230769230769 0.015625 0.013221153846153846
0 0.296875 0.4254807692307692 0.018028846153846152 0.018028846153846152
0 0.26322115384615385 0.44350961538461536 0.013221153846153846 0.013221153846153846
0 0.609375 0.38341346153846156 0.010817307692307692 0.010817307692307692
0 0.5949519230769231 0.3942307692307692 0.008413461538461538 0.013221153846153846
0 0.7584134615384616 0.2764423076923077 0.020432692307692308 0.018028846153846152
0 0.7764423076923077 0.26322115384615385 0.013221153846153846 0.013221153846153846
0 0.671875 0.3485576923076923 0.010817307692307692 0.015625
0 0.5817307692307693 0.4050480769230769 0.010817307692307692 0.013221153846153846
0 0.5721153846153846 0.41346153846153844 0.008413461538461538 0.010817307692307692
0 0.5516826923076923 0.4206730769230769 0.018028846153846152 0.018028846153846152
0 0.5360576923076923 0.43028846153846156 0.013221153846153846 0.013221153846153846
0 0.5264423076923077 0.4375 0.013221153846153846 0.015625
0 0.515625 0.44471153846153844 0.013221153846153846 0.015625
0 0.5024038461538461 0.4519230769230769 0.013221153846153846 0.010817307692307692
0 0.49399038461538464 0.46153846153846156 0.010817307692307692 0.013221153846153846
0 0.4483173076923077 0.4879807692307692 0.013221153846153846 0.010817307692307692
0 0.43149038461538464 0.4987980769230769 0.010817307692307692 0.010817307692307692
0 0.41466346153846156 0.5084134615384616 0.013221153846153846 0.013221153846153846
0 0.3942307692307692 0.5240384615384616 0.008413461538461538 0.010817307692307692
0 0.3798076923076923 0.5276442307692307 0.010817307692307692 0.010817307692307692
0 0.3701923076923077 0.5384615384615384 0.010817307692307692 0.008413461538461538
0 0.3581730769230769 0.5444711538461539 0.008413461538461538 0.008413461538461538
0 0.3485576923076923 0.5504807692307693 0.010817307692307692 0.015625
0 0.140625 0.29447115384615385 0.010817307692307692 0.010817307692307692
0 0.15504807692307693 0.3125 0.008413461538461538 0.008413461538461538
0 0.16346153846153846 0.3269230769230769 0.010817307692307692 0.008413461538461538
0 0.17307692307692307 0.34975961538461536 0.013221153846153846 0.010817307692307692
0 0.1875 0.3605769230769231 0.008413461538461538 0.008413461538461538
0 0.19951923076923078 0.3858173076923077 0.010817307692307692 0.010817307692307692
0 0.15264423076923078 0.2860576923076923 0.008413461538461538 0.013221153846153846
0 0.16826923076923078 0.29086538461538464 0.010817307692307692 0.013221153846153846
0 0.18269230769230768 0.296875 0.008413461538461538 0.013221153846153846
0 0.19471153846153846 0.30288461538461536 0.007211538461538462 0.010817307692307692
0 0.21995192307692307 0.31971153846153844 0.010817307692307692 0.008413461538461538
0 0.2283653846153846 0.3269230769230769 0.010817307692307692 0.008413461538461538
0 0.24879807692307693 0.3557692307692308 0.015625 0.018028846153846152
0 0.23317307692307693 0.359375 0.010817307692307692 0.010817307692307692
0 0.22596153846153846 0.3701923076923077 0.010817307692307692 0.010817307692307692
0 0.22355769230769232 0.3894230769230769 0.008413461538461538 0.013221153846153846
0 0.2512019230769231 0.46153846153846156 0.010817307692307692 0.008413461538461538
0 0.25721153846153844 0.47716346153846156 0.008413461538461538 0.008413461538461538
0 0.265625 0.4879807692307692 0.008413461538461538 0.007211538461538462
0 0.3317307692307692 0.5564903846153846 0.015625 0.013221153846153846
0 0.28966346153846156 0.3161057692307692 0.010817307692307692 0.010817307692307692
0 0.2776442307692308 0.3076923076923077 0.010817307692307692 0.010817307692307692
0 0.21634615384615385 0.29447115384615385 0.008413461538461538 0.008413461538461538
0 0.20552884615384615 0.2860576923076923 0.008413461538461538 0.008413461538461538
0 0.19471153846153846 0.27884615384615385 0.010817307692307692 0.008413461538461538
0 0.21634615384615385 0.25961538461538464 0.008413461538461538 0.010817307692307692
0 0.22596153846153846 0.25240384615384615 0.007211538461538462 0.008413461538461538
0 0.23677884615384615 0.25961538461538464 0.008413461538461538 0.007211538461538462
0 0.24759615384615385 0.27163461538461536 0.008413461538461538 0.007211538461538462
0 0.2860576923076923 0.21995192307692307 0.013221153846153846 0.010817307692307692
0 0.33533653846153844 0.27283653846153844 0.008413461538461538 0.008413461538461538
0 0.33052884615384615 0.25961538461538464 0.010817307692307692 0.010817307692307692
0 0.4098557692307692 0.4651442307692308 0.008413461538461538 0.010817307692307692
0 0.2932692307692308 0.53125 0.008413461538461538 0.013221153846153846
0 0.30528846153846156 0.5432692307692307 0.010817307692307692 0.008413461538461538
0 0.46634615384615385 0.41466346153846156 0.008413461538461538 0.008413461538461538
0 0.5336538461538461 0.38341346153846156 0.008413461538461538 0.008413461538461538
0 0.515625 0.40625 0.008413461538461538 0.007211538461538462
0 0.5132211538461539 0.3473557692307692 0.008413461538461538 0.008413461538461538
0 0.5048076923076923 0.27884615384615385 0.008413461538461538 0.008413461538461538
0 0.4411057692307692 0.22596153846153846 0.008413461538461538 0.010817307692307692
0 0.34615384615384615 0.18028846153846154 0.010817307692307692 0.008413461538461538
0 0.38100961538461536 0.16105769230769232 0.008413461538461538 0.010817307692307692
0 0.5949519230769231 0.3605769230769231 0.008413461538461538 0.013221153846153846
0 0.5853365384615384 0.38221153846153844 0.008413461538461538 0.010817307692307692
0 0.37740384615384615 0.6033653846153846 0.015625 0.018028846153846152
0 0.3954326923076923 0.5913461538461539 0.010817307692307692 0.010817307692307692
0 0.4230769230769231 0.5733173076923077 0.008413461538461538 0.010817307692307692
0 0.45552884615384615 0.5540865384615384 0.013221153846153846 0.013221153846153846
0 0.4723557692307692 0.5444711538461539 0.010817307692307692 0.010817307692307692
0 0.48677884615384615 0.5348557692307693 0.013221153846153846 0.010817307692307692
0 0.5012019230769231 0.5216346153846154 0.010817307692307692 0.015625
0 0.515625 0.5132211538461539 0.013221153846153846 0.013221153846153846
0 0.5444711538461539 0.49399038461538464 0.008413461538461538 0.015625
0 0.5637019230769231 0.484375 0.010817307692307692 0.013221153846153846
0 0.5841346153846154 0.4735576923076923 0.010817307692307692 0.013221153846153846
0 0.36177884615384615 0.6334134615384616 0.010817307692307692 0.008413461538461538
0 0.375 0.6478365384615384 0.010817307692307692 0.010817307692307692
0 0.38341346153846156 0.6646634615384616 0.013221153846153846 0.018028846153846152
0 0.6141826923076923 0.4567307692307692 0.010817307692307692 0.013221153846153846
0 0.41346153846153844 0.7151442307692307 0.010817307692307692 0.015625
0 0.4230769230769231 0.7307692307692307 0.008413461538461538 0.010817307692307692
0 0.4326923076923077 0.7475961538461539 0.013221153846153846 0.013221153846153846
0 0.4423076923076923 0.765625 0.010817307692307692 0.013221153846153846
0 0.45552884615384615 0.78125 0.010817307692307692 0.013221153846153846
0 0.4699519230769231 0.8040865384615384 0.010817307692307692 0.013221153846153846
0 0.49158653846153844 0.7932692307692307 0.007211538461538462 0.013221153846153846
0 0.5060096153846154 0.7848557692307693 0.010817307692307692 0.010817307692307692
0 0.5192307692307693 0.7800480769230769 0.010817307692307692 0.010817307692307692
0 0.5408653846153846 0.7596153846153846 0.013221153846153846 0.010817307692307692
0 0.5721153846153846 0.7427884615384616 0.013221153846153846 0.013221153846153846
0 0.5913461538461539 0.7307692307692307 0.015625 0.015625
0 0.6117788461538461 0.7223557692307693 0.010817307692307692 0.010817307692307692
0 0.6490384615384616 0.42908653846153844 0.013221153846153846 0.015625
0 0.7055288461538461 0.46634615384615385 0.007211538461538462 0.013221153846153846
0 0.7127403846153846 0.484375 0.010817307692307692 0.013221153846153846
0 0.7379807692307693 0.5084134615384616 0.010817307692307692 0.015625
0 0.7475961538461539 0.6322115384615384 0.013221153846153846 0.010817307692307692
0 0.7283653846153846 0.6430288461538461 0.015625 0.010817307692307692
0 0.7127403846153846 0.6514423076923077 0.010817307692307692 0.010817307692307692
0 0.6971153846153846 0.6634615384615384 0.015625 0.010817307692307692
0 0.6658653846153846 0.6875 0.010817307692307692 0.013221153846153846
0 0.5420673076923077 0.9459134615384616 0.010817307692307692 0.013221153846153846
0 0.5528846153846154 0.9615384615384616 0.015625 0.018028846153846152
0 0.4387019230769231 0.9831730769230769 0.013221153846153846 0.010817307692307692
0 0.4326923076923077 0.9723557692307693 0.008413461538461538 0.007211538461538462
0 0.4266826923076923 0.9627403846153846 0.015625 0.010817307692307692
0 0.41947115384615385 0.9447115384615384 0.018028846153846152 0.010817307692307692
0 0.4110576923076923 0.9302884615384616 0.025240384615384616 0.013221153846153846
0 0.4170673076923077 0.9146634615384616 0.013221153846153846 0.013221153846153846
0 0.4362980769230769 0.9026442307692307 0.020432692307692308 0.013221153846153846
0 0.4543269230769231 0.8930288461538461 0.015625 0.010817307692307692
0 0.38341346153846156 0.9411057692307693 0.015625 0.013221153846153846
0 0.4014423076923077 0.9555288461538461 0.018028846153846152 0.015625
0 0.3329326923076923 0.9711538461538461 0.018028846153846152 0.018028846153846152
0 0.30528846153846156 0.984375 0.015625 0.013221153846153846
0 0.14903846153846154 0.9903846153846154 0.008413461538461538 0.010817307692307692
0 0.13942307692307693 0.9783653846153846 0.008413461538461538 0.007211538461538462
0 0.1346153846153846 0.9651442307692307 0.008413461538461538 0.010817307692307692
0 0.12379807692307693 0.9507211538461539 0.004807692307692308 0.008413461538461538
0 0.006009615384615385 0.7740384615384616 0.010817307692307692 0.010817307692307692
0 0.016826923076923076 0.7872596153846154 0.010817307692307692 0.010817307692307692
0 0.026442307692307692 0.7992788461538461 0.008413461538461538 0.008413461538461538
0 0.036057692307692304 0.8125 0.008413461538461538 0.008413461538461538
0 0.04927884615384615 0.8305288461538461 0.008413461538461538 0.013221153846153846
0 0.06009615384615385 0.8461538461538461 0.010817307692307692 0.010817307692307692
0 0.0673076923076923 0.8641826923076923 0.013221153846153846 0.010817307692307692
0 0.08052884615384616 0.8798076923076923 0.008413461538461538 0.007211538461538462
0 0.09014423076923077 0.8894230769230769 0.008413461538461538 0.008413461538461538
0 0.10096153846153846 0.9110576923076923 0.013221153846153846 0.010817307692307692
0 0.11298076923076923 0.9302884615384616 0.008413461538461538 0.008413461538461538
0 0.1346153846153846 0.9254807692307693 0.008413461538461538 0.013221153846153846
0 0.14903846153846154 0.9459134615384616 0.008413461538461538 0.008413461538461538
0 0.125 0.9074519230769231 0.007211538461538462 0.008413461538461538
0 0.07451923076923077 0.8305288461538461 0.013221153846153846 0.018028846153846152
0 0.0985576923076923 0.8617788461538461 0.010817307692307692 0.010817307692307692
0 0.1778846153846154 0.9891826923076923 0.008413461538461538 0.013221153846153846
0 0.1875 0.9795673076923077 0.010817307692307692 0.013221153846153846
0 0.20552884615384615 0.9771634615384616 0.010817307692307692 0.008413461538461538
0 0.22235576923076922 0.9579326923076923 0.010817307692307692 0.010817307692307692
0 0.23798076923076922 0.9507211538461539 0.010817307692307692 0.013221153846153846
0 0.2608173076923077 0.9375 0.018028846153846152 0.018028846153846152
0 0.042067307692307696 0.7487980769230769 0.010817307692307692 0.010817307692307692
0 0.06370192307692307 0.7319711538461539 0.010817307692307692 0.013221153846153846
0 0.08052884615384616 0.7223557692307693 0.010817307692307692 0.015625
0 0.0985576923076923 0.7103365384615384 0.013221153846153846 0.020432692307692308
0 0.11538461538461539 0.7007211538461539 0.013221153846153846 0.013221153846153846
0 0.11057692307692307 0.6850961538461539 0.008413461538461538 0.008413461538461538
0 0.10096153846153846 0.6887019230769231 0.008413461538461538 0.008413461538461538
0 0.13822115384615385 0.7379807692307693 0.010817307692307692 0.010817307692307692
0 0.15384615384615385 0.7415865384615384 0.010817307692307692 0.013221153846153846
0 0.171875 0.6694711538461539 0.015625 0.018028846153846152
0 0.18509615384615385 0.65625 0.013221153846153846 0.015625
0 0.203125 0.6490384615384616 0.018028846153846152 0.013221153846153846
0 0.22235576923076922 0.6370192307692307 0.015625 0.013221153846153846
0 0.2403846153846154 0.6274038461538461 0.010817307692307692 0.015625
0 0.2548076923076923 0.6177884615384616 0.013221153846153846 0.015625
0 0.28365384615384615 0.6358173076923077 0.018028846153846152 0.015625
0 0.3004807692307692 0.6586538461538461 0.015625 0.015625
0 0.31009615384615385 0.6778846153846154 0.010817307692307692 0.013221153846153846
0 0.32211538461538464 0.6935096153846154 0.013221153846153846 0.013221153846153846
0 0.3557692307692308 0.7524038461538461 0.013221153846153846 0.018028846153846152
0 0.36658653846153844 0.7728365384615384 0.013221153846153846 0.013221153846153846
0 0.3737980769230769 0.7872596153846154 0.013221153846153846 0.010817307692307692
0 0.39783653846153844 0.8173076923076923 0.010817307692307692 0.013221153846153846
0 0.40625 0.8341346153846154 0.010817307692307692 0.010817307692307692
0 0.36177884615384615 0.875 0.015625 0.015625
0 0.2512019230769231 0.5973557692307693 0.015625 0.013221153846153846
0 0.2247596153846154 0.6129807692307693 0.008413461538461538 0.008413461538461538
0 0.21634615384615385 0.6189903846153846 0.008413461538461538 0.008413461538461538
0 0.20552884615384615 0.6262019230769231 0.010817307692307692 0.008413461538461538
0 0.18990384615384615 0.6370192307692307 0.010817307692307692 0.008413461538461538
0 0.16826923076923078 0.6466346153846154 0.010817307692307692 0.008413461538461538
0 0.22596153846153846 0.5384615384615384 0.010817307692307692 0.008413461538461538
0 0.2283653846153846 0.5540865384615384 0.015625 0.008413461538461538
0 0.21153846153846154 0.5612980769230769 0.008413461538461538 0.008413461538461538
0 0.19471153846153846 0.5733173076923077 0.010817307692307692 0.010817307692307692
0 0.17427884615384615 0.5829326923076923 0.010817307692307692 0.008413461538461538
0 0.15504807692307693 0.5973557692307693 0.013221153846153846 0.008413461538461538
0 0.1346153846153846 0.6081730769230769 0.008413461538461538 0.008413461538461538
0 0.1141826923076923 0.6201923076923077 0.010817307692307692 0.010817307692307692
0 0.09975961538461539 0.6310096153846154 0.010817307692307692 0.008413461538461538
0 0.018028846153846152 0.6802884615384616 0.013221153846153846 0.013221153846153846
0 0.039663461538461536 0.671875 0.010817307692307692 0.010817307692307692
0 0.052884615384615384 0.6634615384615384 0.010817307692307692 0.010817307692307692
0 0.026442307692307692 0.7391826923076923 0.013221153846153846 0.013221153846153846
0 0.04927884615384615 0.7223557692307693 0.008413461538461538 0.010817307692307692
0 0.02403846153846154 0.4014423076923077 0.010817307692307692 0.010817307692307692
0 0.036057692307692304 0.38221153846153844 0.013221153846153846 0.010817307692307692
0 0.05889423076923077 0.3641826923076923 0.013221153846153846 0.010817307692307692
0 0.078125 0.34375 0.020432692307692308 0.015625
0 0.07091346153846154 0.32211538461538464 0.010817307692307692 0.013221153846153846
0 0.03245192307692308 0.3629807692307692 0.010817307692307692 0.008413461538461538
0 0.2127403846153846 0.5084134615384616 0.010817307692307692 0.015625
0 0.20793269230769232 0.49038461538461536 0.015625 0.010817307692307692
0 0.20432692307692307 0.47716346153846156 0.015625 0.013221153846153846
0 0.1935096153846154 0.4651442307692308 0.013221153846153846 0.010817307692307692
0 0.1875 0.453125 0.008413461538461538 0.008413461538461538
0 0.16947115384615385 0.4230769230769231 0.013221153846153846 0.013221153846153846
0 0.18028846153846154 0.4375 0.013221153846153846 0.010817307692307692
0 0.15384615384615385 0.39783653846153844 0.015625 0.010817307692307692
0 0.13701923076923078 0.3798076923076923 0.013221153846153846 0.010817307692307692
0 0.12620192307692307 0.3629807692307692 0.013221153846153846 0.008413461538461538
0 0.12139423076923077 0.3545673076923077 0.008413461538461538 0.007211538461538462
0 0.1141826923076923 0.34375 0.010817307692307692 0.010817307692307692
0 0.10576923076923077 0.3317307692307692 0.008413461538461538 0.007211538461538462
0 0.003605769230769231 0.6310096153846154 0.007211538461538462 0.009615384615384616
0 0.14302884615384615 0.5396634615384616 0.010817307692307692 0.010817307692307692
0 0.13341346153846154 0.5480769230769231 0.007211538461538462 0.007211538461538462
0 0.15504807692307693 0.53125 0.008413461538461538 0.008413461538461538
0 0.18990384615384615 0.5108173076923077 0.010817307692307692 0.013221153846153846
0 0.11778846153846154 0.5588942307692307 0.010817307692307692 0.008413461538461538
0 0.11658653846153846 0.4795673076923077 0.008413461538461538 0.008413461538461538
0 0.01201923076923077 0.25961538461538464 0.02403846153846154 0.02403846153846154
0 0.015625 0.234375 0.008413461538461538 0.013221153846153846
0 0.006009615384615385 0.234375 0.007211538461538462 0.008413461538461538
0 0.2283653846153846 0.039663461538461536 0.020432692307692308 0.010817307692307692
0 0.23197115384615385 0.0625 0.013221153846153846 0.015625
0 0.2536057692307692 0.0625 0.015625 0.015625
0 0.19230769230769232 0.09495192307692307 0.020432692307692308 0.018028846153846152
0 0.140625 0.12379807692307693 0.015625 0.018028846153846152
0 0.0985576923076923 0.16346153846153846 0.025240384615384616 0.015625
0 0.20793269230769232 0.07572115384615384 0.020432692307692308 0.020432692307692308
0 0.1622596153846154 0.11057692307692307 0.018028846153846152 0.018028846153846152
0 0.1201923076923077 0.14423076923076922 0.015625 0.02283653846153846
0 0.09375 0.1875 0.015625 0.015625
0 0.06971153846153846 0.18509615384615385 0.018028846153846152 0.02283653846153846
0 0.06370192307692307 0.11298076923076923 0.010817307692307692 0.013221153846153846
0 0.07932692307692307 0.10216346153846154 0.008413461538461538 0.010817307692307692
0 0.08774038461538461 0.09254807692307693 0.008413461538461538 0.013221153846153846
0 0.10697115384615384 0.078125 0.010817307692307692 0.010817307692307692
0 0.11658653846153846 0.07211538461538461 0.008413461538461538 0.008413461538461538
0 0.13341346153846154 0.057692307692307696 0.010817307692307692 0.010817307692307692
0 0.14543269230769232 0.04927884615384615 0.010817307692307692 0.008413461538461538
0 0.15625 0.040865384615384616 0.010817307692307692 0.008413461538461538
0 0.19831730769230768 0.009615384615384616 0.008413461538461538 0.010817307692307692
0 0.24519230769230768 0.02283653846153846 0.013221153846153846 0.013221153846153846
0 0.5685096153846154 0.1045673076923077 0.010817307692307692 0.010817307692307692
0 0.5709134615384616 0.12259615384615384 0.015625 0.010817307692307692
0 0.7632211538461539 0.02403846153846154 0.013221153846153846 0.015625
0 0.7475961538461539 0.036057692307692304 0.013221153846153846 0.018028846153846152
0 0.7283653846153846 0.04567307692307692 0.007211538461538462 0.015625
0 0.8221153846153846 0.22355769230769232 0.008413461538461538 0.013221153846153846
0 0.5336538461538461 0.24158653846153846 0.008413461538461538 0.010817307692307692
0 0.6322115384615384 0.2764423076923077 0.010817307692307692 0.010817307692307692
0 0.06370192307692307 0.5180288461538461 0.015625 0.018028846153846152
0 0.018028846153846152 0.49759615384615385 0.008413461538461538 0.008413461538461538
0 0.006009615384615385 0.5036057692307693 0.010817307692307692 0.015625
0 0.03365384615384615 0.6129807692307693 0.008413461538461538 0.008413461538461538
0 0.32091346153846156 0.5805288461538461 0.010817307692307692 0.010817307692307692
0 0.30408653846153844 0.5733173076923077 0.008413461538461538 0.015625
0 0.2283653846153846 0.6658653846153846 0.015625 0.015625
0 0.18990384615384615 0.6838942307692307 0.010817307692307692 0.015625
0 0.328125 0.7860576923076923 0.010817307692307692 0.013221153846153846
0 0.30649038461538464 0.7824519230769231 0.008413461538461538 0.010817307692307692
0 0.3161057692307692 0.8798076923076923 0.020432692307692308 0.015625
0 0.28966346153846156 0.8774038461538461 0.007211538461538462 0.010817307692307692
0 0.3125 0.9086538461538461 0.010817307692307692 0.015625
0 0.05889423076923077 0.9387019230769231 0.018028846153846152 0.013221153846153846
0 0.1658653846153846 0.0889423076923077 0.015625 0.015625
0 0.7620192307692307 0.9603365384615384 0.015625 0.020432692307692308
0 0.7944711538461539 0.9411057692307693 0.020432692307692308 0.018028846153846152
0 0.828125 0.9194711538461539 0.015625 0.018028846153846152
0 0.8461538461538461 0.9459134615384616 0.015625 0.013221153846153846
0 0.8834134615384616 0.8822115384615384 0.015625 0.015625
0 0.5528846153846154 0.9302884615384616 0.015625 0.013221153846153846
0 0.20673076923076922 0.6935096153846154 0.008413461538461538 0.008413461538461538
0 0.20192307692307693 0.7091346153846154 0.010817307692307692 0.008413461538461538
0 0.1502403846153846 0.7175480769230769 0.010817307692307692 0.010817307692307692
0 0.12740384615384615 0.7163461538461539 0.010817307692307692 0.008413461538461538
0 0.2668269230769231 0.9098557692307693 0.010817307692307692 0.008413461538461538
0 0.24519230769230768 0.9170673076923077 0.008413461538461538 0.008413461538461538
0 0.9050480769230769 0.8112980769230769 0.018028846153846152 0.018028846153846152
0 0.8545673076923077 0.8990384615384616 0.020432692307692308 0.018028846153846152
0 0.7391826923076923 0.9819711538461539 0.008413461538461538 0.008413461538461538
0 0.28725961538461536 0.8557692307692307 0.010817307692307692 0.008413461538461538
0 0.45072115384615385 0.13701923076923078 0.008413461538461538 0.008413461538461538