0 0.9807692307692307 0.9375 0.010817307692307692 0.010817307692307692
0 0.9735576923076923 0.8677884615384616 0.020432692307692308 0.010817307692307692
0 0.9807692307692307 0.4639423076923077 0.010817307692307692 0.008413461538461538
0 0.9675480769230769 0.4651442307692308 0.010817307692307692 0.010817307692307692
0 0.9375 0.46634615384615385 0.008413461538461538 0.013221153846153846
0 0.9110576923076923 0.4675480769230769 0.010817307692307692 0.010817307692307692
0 0.8870192307692307 0.46634615384615385 0.008413461538461538 0.008413461538461538
0 0.8617788461538461 0.46875 0.010817307692307692 0.008413461538461538
0 0.9615384615384616 0.7139423076923077 0.013221153846153846 0.013221153846153846
0 0.9194711538461539 0.40384615384615385 0.008413461538461538 0.010817307692307692
0 0.9423076923076923 0.40384615384615385 0.010817307692307692 0.010817307692307692
0 0.96875 0.4014423076923077 0.008413461538461538 0.010817307692307692
0 0.5817307692307693 0.41346153846153844 0.010817307692307692 0.010817307692307692
0 0.6045673076923077 0.41346153846153844 0.010817307692307692 0.010817307692307692
0 0.6334134615384616 0.41346153846153844 0.013221153846153846 0.010817307692307692
0 0.6574519230769231 0.41225961538461536 0.013221153846153846 0.013221153846153846
0 0.6838942307692307 0.4110576923076923 0.010817307692307692 0.010817307692307692
0 0.7067307692307693 0.4074519230769231 0.008413461538461538 0.013221153846153846
0 0.7211538461538461 0.40865384615384615 0.008413461538461538 0.010817307692307692
0 0.734375 0.4074519230769231 0.008413461538461538 0.013221153846153846
0 0.7572115384615384 0.4074519230769231 0.008413461538461538 0.008413461538461538
0 0.7836538461538461 0.40625 0.008413461538461538 0.010817307692307692
0 0.8125 0.4074519230769231 0.008413461538461538 0.008413461538461538
0 0.8377403846153846 0.40625 0.013221153846153846 0.010817307692307692
0 0.8617788461538461 0.4026442307692308 0.007211538461538462 0.008413461538461538
0 0.5360576923076923 0.27163461538461536 0.013221153846153846 0.015625
0 0.5192307692307693 0.28365384615384615 0.015625 0.013221153846153846
0 0.4206730769230769 0.41346153846153844 0.013221153846153846 0.010817307692307692
0 0.44350961538461536 0.41225961538461536 0.013221153846153846 0.008413461538461538
0 0.4735576923076923 0.41346153846153844 0.013221153846153846 0.010817307692307692
0 0.28846153846153844 0.41466346153846156 0.013221153846153846 0.013221153846153846
0 0.26322115384615385 0.41466346153846156 0.008413461538461538 0.008413461538461538
0 0.23798076923076922 0.41586538461538464 0.010817307692307692 0.010817307692307692
0 0.29086538461538464 0.17548076923076922 0.018028846153846152 0.018028846153846152
0 0.37740384615384615 0.41346153846153844 0.010817307692307692 0.010817307692307692
0 0.4266826923076923 0.25240384615384615 0.010817307692307692 0.018028846153846152
0 0.4375 0.203125 0.013221153846153846 0.018028846153846152
0 0.7115384615384616 0.2536057692307692 0.018028846153846152 0.015625
0 0.7307692307692307 0.24879807692307693 0.015625 0.020432692307692308
0 0.8353365384615384 0.46634615384615385 0.008413461538461538 0.013221153846153846
0 0.7560096153846154 0.4735576923076923 0.010817307692307692 0.010817307692307692
0 0.7307692307692307 0.4723557692307692 0.015625 0.010817307692307692
0 0.703125 0.47115384615384615 0.008413461538461538 0.008413461538461538
0 0.6814903846153846 0.47115384615384615 0.010817307692307692 0.008413461538461538
0 0.32091346153846156 0.4735576923076923 0.015625 0.015625
0 0.33533653846153844 0.4735576923076923 0.008413461538461538 0.010817307692307692
0 0.6514423076923077 0.4735576923076923 0.010817307692307692 0.013221153846153846
0 0.6274038461538461 0.4735576923076923 0.007211538461538462 0.008413461538461538
0 0.5985576923076923 0.4723557692307692 0.013221153846153846 0.010817307692307692
0 0.5733173076923077 0.4735576923076923 0.010817307692307692 0.008413461538461538
0 0.5625 0.4723557692307692 0.010817307692307692 0.010817307692307692
0 0.5480769230769231 0.4723557692307692 0.010817307692307692 0.010817307692307692
0 0.5348557692307693 0.47115384615384615 0.007211538461538462 0.013221153846153846
0 0.5084134615384616 0.4723557692307692 0.008413461538461538 0.010817307692307692
0 0.5240384615384616 0.4723557692307692 0.010817307692307692 0.010817307692307692
0 0.49399038461538464 0.4735576923076923 0.010817307692307692 0.010817307692307692
0 0.46875 0.47115384615384615 0.013221153846153846 0.013221153846153846
0 0.4423076923076923 0.4735576923076923 0.010817307692307692 0.013221153846153846
0 0.4170673076923077 0.47475961538461536 0.008413461538461538 0.008413461538461538
0 0.40625 0.47475961538461536 0.010817307692307692 0.013221153846153846
0 0.3894230769230769 0.47475961538461536 0.013221153846153846 0.013221153846153846
0 0.36177884615384615 0.47596153846153844 0.010817307692307692 0.010817307692307692
0 0.5985576923076923 0.5372596153846154 0.025240384615384616 0.015625
0 0.5625 0.5420673076923077 0.015625 0.010817307692307692
0 0.484375 0.6105769230769231 0.018028846153846152 0.013221153846153846
0 0.375 0.9855769230769231 0.015625 0.015625
0 0.35697115384615385 0.9435096153846154 0.010817307692307692 0.013221153846153846
0 0.8052884615384616 0.7319711538461539 0.010817307692307692 0.013221153846153846
0 0.3485576923076923 0.09254807692307693 0.018028846153846152 0.018028846153846152
0 0.6959134615384616 0.29086538461538464 0.013221153846153846 0.013221153846153846
0 0.0625 0.18990384615384615 0.020432692307692308 0.020432692307692308
0 0.0673076923076923 0.22355769230769232 0.018028846153846152 0.018028846153846152
0 0.06370192307692307 0.2536057692307692 0.015625 0.015625
0 0.0673076923076923 0.28846153846153844 0.013221153846153846 0.013221153846153846
0 0.0673076923076923 0.390625 0.02283653846153846 0.020432692307692308
0 0.04326923076923077 0.3894230769230769 0.018028846153846152 0.018028846153846152
0 0.025240384615384616 0.3870192307692308 0.008413461538461538 0.013221153846153846
0 0.01201923076923077 0.3870192307692308 0.020432692307692308 0.013221153846153846
0 0.02403846153846154 0.18509615384615385 0.015625 0.018028846153846152
0 0.006009615384615385 0.18269230769230768 0.010817307692307692 0.013221153846153846
0 0.09735576923076923 0.5588942307692307 0.018028846153846152 0.018028846153846152
0 0.0985576923076923 0.5877403846153846 0.018028846153846152 0.013221153846153846
0 0.09975961538461539 0.6045673076923077 0.015625 0.015625
0 0.0985576923076923 0.6225961538461539 0.015625 0.015625
0 0.09615384615384616 0.6430288461538461 0.010817307692307692 0.010817307692307692
0 0.09615384615384616 0.6598557692307693 0.010817307692307692 0.013221153846153846
0 0.09495192307692307 0.6730769230769231 0.008413461538461538 0.013221153846153846
0 0.014423076923076924 0.6887019230769231 0.015625 0.02283653846153846
0 0.17548076923076922 0.6021634615384616 0.013221153846153846 0.015625
0 0.1875 0.6189903846153846 0.013221153846153846 0.013221153846153846
0 0.1971153846153846 0.6033653846153846 0.015625 0.013221153846153846
0 0.22355769230769232 0.6165865384615384 0.015625 0.015625
0 0.25240384615384615 0.6237980769230769 0.018028846153846152 0.018028846153846152
0 0.15985576923076922 0.47475961538461536 0.013221153846153846 0.018028846153846152
0 0.16466346153846154 0.6610576923076923 0.02283653846153846 0.028846153846153848
0 0.15745192307692307 0.6947115384615384 0.018028846153846152 0.015625
0 0.15625 0.7115384615384616 0.020432692307692308 0.018028846153846152
0 0.1466346153846154 0.7403846153846154 0.018028846153846152 0.015625
0 0.15144230769230768 0.7572115384615384 0.013221153846153846 0.018028846153846152
0 0.13341346153846154 0.796875 0.025240384615384616 0.02283653846153846
0 0.13221153846153846 0.8185096153846154 0.020432692307692308 0.015625
0 0.12620192307692307 0.8341346153846154 0.02283653846153846 0.015625
0 0.1201923076923077 0.8509615384615384 0.020432692307692308 0.02283653846153846
0 0.11658653846153846 0.875 0.020432692307692308 0.015625
0 0.11057692307692307 0.8930288461538461 0.026442307692307692 0.010817307692307692
0 0.1045673076923077 0.90625 0.020432692307692308 0.010817307692307692
0 0.3076923076923077 0.6310096153846154 0.025240384615384616 0.018028846153846152
0 0.34375 0.6382211538461539 0.010817307692307692 0.015625
0 0.3641826923076923 0.640625 0.015625 0.010817307692307692
0 0.38341346153846156 0.6514423076923077 0.013221153846153846 0.018028846153846152
0 0.38100961538461536 0.6694711538461539 0.013221153846153846 0.015625
0 0.3701923076923077 0.6862980769230769 0.010817307692307692 0.010817307692307692
0 0.36658653846153844 0.7007211538461539 0.008413461538461538 0.008413461538461538
0 0.4026442307692308 0.6983173076923077 0.008413461538461538 0.008413461538461538
0 0.3870192307692308 0.7079326923076923 0.008413461538461538 0.010817307692307692
0 0.38100961538461536 0.7223557692307693 0.008413461538461538 0.010817307692307692
0 0.3786057692307692 0.7379807692307693 0.008413461538461538 0.010817307692307692
0 0.39302884615384615 0.7415865384615384 0.010817307692307692 0.013221153846153846
0 0.39663461538461536 0.7271634615384616 0.008413461538461538 0.008413461538461538
0 0.41225961538461536 0.7295673076923077 0.013221153846153846 0.013221153846153846
0 0.42427884615384615 0.7451923076923077 0.010817307692307692 0.013221153846153846
0 0.4074519230769231 0.7427884615384616 0.013221153846153846 0.013221153846153846
0 0.34615384615384615 0.7752403846153846 0.010817307692307692 0.013221153846153846
0 0.3954326923076923 0.7992788461538461 0.010817307692307692 0.013221153846153846
0 0.4026442307692308 0.8173076923076923 0.013221153846153846 0.008413461538461538
0 0.39783653846153844 0.8317307692307693 0.010817307692307692 0.010817307692307692
0 0.39302884615384615 0.8617788461538461 0.010817307692307692 0.010817307692307692
0 0.3701923076923077 0.8413461538461539 0.010817307692307692 0.010817307692307692
0 0.33653846153846156 0.8173076923076923 0.007211538461538462 0.013221153846153846
0 0.3425480769230769 0.8028846153846154 0.008413461538461538 0.010817307692307692
0 0.38341346153846156 0.7776442307692307 0.013221153846153846 0.007211538461538462
0 0.3858173076923077 0.7680288461538461 0.010817307692307692 0.008413461538461538
0 0.40625 0.7584134615384616 0.010817307692307692 0.013221153846153846
0 0.3629807692307692 0.8112980769230769 0.008413461538461538 0.008413461538461538
0 0.31850961538461536 0.8822115384615384 0.010817307692307692 0.010817307692307692
0 0.09615384615384616 0.9375 0.020432692307692308 0.013221153846153846
0 0.08052884615384616 0.9567307692307693 0.018028846153846152 0.018028846153846152
0 0.0985576923076923 0.9555288461538461 0.015625 0.020432692307692308
0 0.08533653846153846 0.9759615384615384 0.02283653846153846 0.015625
0 0.10216346153846154 0.9855769230769231 0.015625 0.020432692307692308
0 0.12139423076923077 0.9855769230769231 0.013221153846153846 0.010817307692307692
0 0.13942307692307693 0.9891826923076923 0.013221153846153846 0.018028846153846152
0 0.15625 0.9915865384615384 0.015625 0.010817307692307692
0 0.2824519230769231 0.9903846153846154 0.010817307692307692 0.015625
0 0.2956730769230769 0.9915865384615384 0.010817307692307692 0.013221153846153846
0 0.2932692307692308 0.9735576923076923 0.013221153846153846 0.013221153846153846
0 0.3076923076923077 0.9735576923076923 0.010817307692307692 0.015625
0 0.30649038461538464 0.9579326923076923 0.008413461538461538 0.010817307692307692
0 0.2980769230769231 0.9543269230769231 0.015625 0.015625
0 0.3112980769230769 0.9362980769230769 0.008413461538461538 0.010817307692307692
0 0.29927884615384615 0.9338942307692307 0.013221153846153846 0.010817307692307692
0 0.31490384615384615 0.9182692307692307 0.013221153846153846 0.015625
0 0.30408653846153844 0.90625 0.013221153846153846 0.015625
0 0.3293269230769231 0.8461538461538461 0.013221153846153846 0.010817307692307692
0 0.32572115384615385 0.9699519230769231 0.010817307692307692 0.015625
0 0.33052884615384615 0.9555288461538461 0.010817307692307692 0.013221153846153846
0 0.34975961538461536 0.8509615384615384 0.007211538461538462 0.008413461538461538
0 0.38461538461538464 0.8774038461538461 0.013221153846153846 0.010817307692307692
0 0.057692307692307696 0.828125 0.010817307692307692 0.010817307692307692
0 0.06370192307692307 0.8161057692307693 0.007211538461538462 0.010817307692307692
0 0.052884615384615384 0.8449519230769231 0.010817307692307692 0.008413461538461538
0 0.05048076923076923 0.8581730769230769 0.007211538461538462 0.008413461538461538
0 0.037259615384615384 0.9026442307692307 0.010817307692307692 0.008413461538461538
0 0.040865384615384616 0.8870192307692307 0.008413461538461538 0.013221153846153846
0 0.03365384615384615 0.8725961538461539 0.008413461538461538 0.010817307692307692
0 0.02403846153846154 0.8810096153846154 0.010817307692307692 0.008413461538461538
0 0.019230769230769232 0.9314903846153846 0.010817307692307692 0.015625
0 0.24519230769230768 0.5805288461538461 0.008413461538461538 0.010817307692307692