0 0.9807692307692307 0.5408653846153846 0.015625 0.013221153846153846
0 0.9651442307692307 0.5180288461538461 0.010817307692307692 0.013221153846153846
0 0.9302884615384616 0.4987980769230769 0.013221153846153846 0.010817307692307692
0 0.9014423076923077 0.5132211538461539 0.013221153846153846 0.02283653846153846
0 0.7776442307692307 0.5084134615384616 0.010817307692307692 0.010817307692307692
0 0.7175480769230769 0.5192307692307693 0.015625 0.015625
0 0.6478365384615384 0.46033653846153844 0.025240384615384616 0.015625
0 0.7836538461538461 0.375 0.013221153846153846 0.015625
0 0.8209134615384616 0.4206730769230769 0.020432692307692308 0.018028846153846152
0 0.8725961538461539 0.4362980769230769 0.015625 0.020432692307692308
0 0.9038461538461539 0.22115384615384615 0.015625 0.013221153846153846
0 0.9074519230769231 0.3016826923076923 0.013221153846153846 0.013221153846153846
0 0.765625 0.021634615384615384 0.018028846153846152 0.020432692307692308
0 0.9158653846153846 0.09495192307692307 0.010817307692307692 0.018028846153846152
0 0.9375 0.109375 0.013221153846153846 0.010817307692307692
0 0.9867788461538461 0.25 0.013221153846153846 0.018028846153846152
0 0.6875 0.08533653846153846 0.020432692307692308 0.02283653846153846