0 0.9759615384615384 0.3161057692307692 0.010817307692307692 0.010817307692307692
0 0.9915865384615384 0.29447115384615385 0.010817307692307692 0.013221153846153846
0 0.828125 0.008413461538461538 0.015625 0.010817307692307692
0 0.8161057692307693 0.020432692307692308 0.010817307692307692 0.008413461538461538
0 0.8016826923076923 0.016826923076923076 0.018028846153846152 0.015625
0 0.7752403846153846 0.018028846153846152 0.013221153846153846 0.013221153846153846
0 0.7463942307692307 0.016826923076923076 0.015625 0.010817307692307692
0 0.7331730769230769 0.020432692307692308 0.010817307692307692 0.008413461538461538
0 0.7151442307692307 0.019230769230769232 0.015625 0.015625
0 0.7079326923076923 0.006009615384615385 0.010817307692307692 0.010817307692307692
0 0.7367788461538461 0.006009615384615385 0.004807692307692308 0.007211538461538462
0 0.6298076923076923 0.003605769230769231 0.010817307692307692 0.007211538461538462
0 0.6418269230769231 0.010817307692307692 0.013221153846153846 0.008413461538461538
0 0.6490384615384616 0.025240384615384616 0.008413461538461538 0.013221153846153846
0 0.6586538461538461 0.03245192307692308 0.010817307692307692 0.010817307692307692
0 0.6670673076923077 0.04447115384615385 0.018028846153846152 0.013221153846153846
0 0.5649038461538461 0.016826923076923076 0.013221153846153846 0.020432692307692308
0 0.5817307692307693 0.028846153846153848 0.015625 0.013221153846153846
0 0.5492788461538461 0.027644230769230768 0.013221153846153846 0.020432692307692308
0 0.5336538461538461 0.055288461538461536 0.018028846153846152 0.015625
0 0.5552884615384616 0.04447115384615385 0.015625 0.015625
0 0.6021634615384616 0.054086538461538464 0.010817307692307692 0.013221153846153846
0 0.6310096153846154 0.0733173076923077 0.018028846153846152 0.010817307692307692
0 0.6346153846153846 0.08533653846153846 0.013221153846153846 0.013221153846153846
0 0.6358173076923077 0.10216346153846154 0.015625 0.010817307692307692
0 0.6358173076923077 0.11177884615384616 0.015625 0.010817307692307692
0 0.6298076923076923 0.12259615384615384 0.025240384615384616 0.015625
0 0.6225961538461539 0.15144230769230768 0.020432692307692308 0.015625
0 0.625 0.16826923076923078 0.010817307692307692 0.010817307692307692
0 0.6298076923076923 0.18269230769230768 0.015625 0.013221153846153846
0 0.6298076923076923 0.19591346153846154 0.015625 0.008413461538461538
0 0.6334134615384616 0.20673076923076922 0.013221153846153846 0.008413461538461538
0 0.640625 0.21875 0.010817307692307692 0.008413461538461538
0 0.6454326923076923 0.2283653846153846 0.010817307692307692 0.010817307692307692
0 0.6514423076923077 0.24158653846153846 0.015625 0.015625
0 0.5949519230769231 0.19951923076923078 0.018028846153846152 0.015625
0 0.6129807692307693 0.21514423076923078 0.018028846153846152 0.015625
0 0.6334134615384616 0.265625 0.013221153846153846 0.013221153846153846
0 0.6634615384615384 0.25841346153846156 0.015625 0.015625
0 0.6598557692307693 0.2764423076923077 0.02283653846153846 0.018028846153846152
0 0.6322115384615384 0.29086538461538464 0.015625 0.018028846153846152
0 0.6418269230769231 0.31971153846153844 0.018028846153846152 0.018028846153846152
0 0.6502403846153846 0.29927884615384615 0.010817307692307692 0.018028846153846152
0 0.6334134615384616 0.34375 0.015625 0.015625
0 0.7584134615384616 0.09495192307692307 0.015625 0.013221153846153846
0 0.7836538461538461 0.11298076923076923 0.013221153846153846 0.013221153846153846
0 0.8149038461538461 0.11658653846153846 0.008413461538461538 0.013221153846153846
0 0.7992788461538461 0.16466346153846154 0.013221153846153846 0.013221153846153846
0 0.7536057692307693 0.20552884615384615 0.010817307692307692 0.013221153846153846
0 0.7788461538461539 0.21875 0.013221153846153846 0.013221153846153846
0 0.7247596153846154 0.19831730769230768 0.013221153846153846 0.013221153846153846
0 0.9050480769230769 0.21153846153846154 0.013221153846153846 0.018028846153846152
0 0.9447115384615384 0.2668269230769231 0.015625 0.015625
0 0.9663461538461539 0.2800480769230769 0.013221153846153846 0.010817307692307692
0 0.9795673076923077 0.25600961538461536 0.008413461538461538 0.010817307692307692
0 0.96875 0.24519230769230768 0.013221153846153846 0.008413461538461538
0 0.9555288461538461 0.24158653846153846 0.013221153846153846 0.013221153846153846
0 0.8798076923076923 0.04927884615384615 0.010817307692307692 0.013221153846153846
0 0.8834134615384616 0.06610576923076923 0.013221153846153846 0.010817307692307692
0 0.8882211538461539 0.0829326923076923 0.010817307692307692 0.013221153846153846
0 0.8990384615384616 0.09735576923076923 0.008413461538461538 0.013221153846153846
0 0.9050480769230769 0.11057692307692307 0.013221153846153846 0.013221153846153846
0 0.9146634615384616 0.12980769230769232 0.013221153846153846 0.020432692307692308
0 0.8942307692307693 0.028846153846153848 0.013221153846153846 0.013221153846153846
0 0.9110576923076923 0.02283653846153846 0.020432692307692308 0.018028846153846152
0 0.9182692307692307 0.042067307692307696 0.015625 0.015625
0 0.9375 0.042067307692307696 0.025240384615384616 0.015625
0 0.9050480769230769 0.05889423076923077 0.013221153846153846 0.013221153846153846
0 0.9399038461538461 0.13581730769230768 0.015625 0.010817307692307692
0 0.9206730769230769 0.15504807692307693 0.008413461538461538 0.008413461538461538
0 0.9134615384615384 0.14302884615384615 0.010817307692307692 0.010817307692307692
0 0.9423076923076923 0.16947115384615385 0.010817307692307692 0.008413461538461538
0 0.9891826923076923 0.19471153846153846 0.013221153846153846 0.010817307692307692
0 0.9603365384615384 0.1466346153846154 0.015625 0.013221153846153846
0 0.9387019230769231 0.09375 0.008413461538461538 0.007211538461538462
0 0.9831730769230769 0.08533653846153846 0.010817307692307692 0.008413461538461538
0 0.9435096153846154 0.06850961538461539 0.008413461538461538 0.010817307692307692
0 0.9158653846153846 0.08413461538461539 0.010817307692307692 0.010817307692307692
0 0.9326923076923077 0.11057692307692307 0.013221153846153846 0.013221153846153846
0 0.953125 0.11538461538461539 0.008413461538461538 0.018028846153846152
0 0.9867788461538461 0.11778846153846154 0.008413461538461538 0.010817307692307692
0 0.9807692307692307 0.020432692307692308 0.010817307692307692 0.013221153846153846
0 0.9723557692307693 0.6790865384615384 0.010817307692307692 0.010817307692307692
0 0.9591346153846154 0.6694711538461539 0.013221153846153846 0.008413461538461538
0 0.9459134615384616 0.6610576923076923 0.008413461538461538 0.010817307692307692
0 0.9098557692307693 0.6382211538461539 0.013221153846153846 0.010817307692307692
0 0.8966346153846154 0.6322115384615384 0.013221153846153846 0.010817307692307692
0 0.8834134615384616 0.6225961538461539 0.008413461538461538 0.010817307692307692
0 0.8617788461538461 0.609375 0.010817307692307692 0.015625
0 0.8389423076923077 0.5973557692307693 0.015625 0.013221153846153846
0 0.8257211538461539 0.5901442307692307 0.010817307692307692 0.013221153846153846
0 0.8173076923076923 0.5805288461538461 0.008413461538461538 0.008413461538461538
0 0.7836538461538461 0.5600961538461539 0.013221153846153846 0.010817307692307692
0 0.7680288461538461 0.5528846153846154 0.013221153846153846 0.015625
0 0.7596153846153846 0.5432692307692307 0.010817307692307692 0.008413461538461538
0 0.7475961538461539 0.5384615384615384 0.008413461538461538 0.008413461538461538
0 0.7319711538461539 0.5264423076923077 0.013221153846153846 0.013221153846153846
0 0.7103365384615384 0.5132211538461539 0.010817307692307692 0.013221153846153846
0 0.6959134615384616 0.5036057692307693 0.008413461538461538 0.010817307692307692
0 0.6862980769230769 0.49759615384615385 0.010817307692307692 0.013221153846153846
0 0.6887019230769231 0.4723557692307692 0.008413461538461538 0.010817307692307692
0 0.6971153846153846 0.45552884615384615 0.015625 0.010817307692307692
0 0.7139423076923077 0.45072115384615385 0.013221153846153846 0.013221153846153846
0 0.7415865384615384 0.4254807692307692 0.020432692307692308 0.036057692307692304
0 0.7596153846153846 0.4206730769230769 0.010817307692307692 0.026442307692307692
0 0.7091346153846154 0.3173076923076923 0.013221153846153846 0.013221153846153846
0 0.7235576923076923 0.30408653846153844 0.013221153846153846 0.013221153846153846
0 0.7427884615384616 0.3004807692307692 0.013221153846153846 0.010817307692307692
0 0.7572115384615384 0.30288461538461536 0.008413461538461538 0.010817307692307692
0 0.7824519230769231 0.3004807692307692 0.010817307692307692 0.010817307692307692
0 0.8004807692307693 0.296875 0.015625 0.018028846153846152
0 0.8185096153846154 0.2932692307692308 0.015625 0.013221153846153846
0 0.8533653846153846 0.30408653846153844 0.013221153846153846 0.013221153846153846
0 0.9302884615384616 0.35697115384615385 0.018028846153846152 0.015625
0 0.9615384615384616 0.38221153846153844 0.018028846153846152 0.020432692307692308
0 0.9867788461538461 0.6370192307692307 0.013221153846153846 0.013221153846153846
0 0.9723557692307693 0.5168269230769231 0.020432692307692308 0.025240384615384616
0 0.9423076923076923 0.5516826923076923 0.007211538461538462 0.013221153846153846
0 0.9555288461538461 0.5516826923076923 0.010817307692307692 0.013221153846153846
0 0.90625 0.5612980769230769 0.020432692307692308 0.03125
0 0.9158653846153846 0.5985576923076923 0.010817307692307692 0.013221153846153846
0 0.9350961538461539 0.5805288461538461 0.008413461538461538 0.013221153846153846
0 0.9314903846153846 0.4795673076923077 0.015625 0.013221153846153846
0 0.9411057692307693 0.46274038461538464 0.013221153846153846 0.010817307692307692
0 0.9146634615384616 0.41466346153846156 0.02283653846153846 0.013221153846153846
0 0.9014423076923077 0.44591346153846156 0.013221153846153846 0.018028846153846152
0 0.9266826923076923 0.43028846153846156 0.015625 0.02283653846153846
0 0.8954326923076923 0.47836538461538464 0.015625 0.015625
0 0.8665865384615384 0.47115384615384615 0.008413461538461538 0.008413461538461538
0 0.8305288461538461 0.4855769230769231 0.010817307692307692 0.010817307692307692
0 0.8353365384615384 0.5024038461538461 0.013221153846153846 0.013221153846153846
0 0.84375 0.5132211538461539 0.007211538461538462 0.008413461538461538
0 0.8509615384615384 0.40384615384615385 0.02283653846153846 0.020432692307692308
0 0.7992788461538461 0.36778846153846156 0.02283653846153846 0.020432692307692308
0 0.8257211538461539 0.36177884615384615 0.010817307692307692 0.010817307692307692
0 0.8497596153846154 0.3605769230769231 0.010817307692307692 0.013221153846153846
0 0.8401442307692307 0.37740384615384615 0.02283653846153846 0.020432692307692308
0 0.78125 0.47475961538461536 0.018028846153846152 0.013221153846153846
0 0.7764423076923077 0.49158653846153844 0.018028846153846152 0.015625
0 0.7896634615384616 0.5048076923076923 0.015625 0.02283653846153846
0 0.8088942307692307 0.5 0.018028846153846152 0.03125
0 0.8173076923076923 0.45552884615384615 0.013221153846153846 0.013221153846153846
0 0.8677884615384616 0.49038461538461536 0.010817307692307692 0.010817307692307692
0 0.8834134615384616 0.49759615384615385 0.013221153846153846 0.013221153846153846
0 0.9411057692307693 0.6334134615384616 0.02283653846153846 0.026442307692307692
0 0.9795673076923077 0.46033653846153844 0.013221153846153846 0.015625
0 0.7836538461538461 0.41947115384615385 0.013221153846153846 0.015625
0 0.8125 0.40865384615384615 0.020432692307692308 0.020432692307692308
0 0.8137019230769231 0.42908653846153844 0.010817307692307692 0.010817307692307692
0 0.7319711538461539 0.47115384615384615 0.018028846153846152 0.013221153846153846
0 0.6586538461538461 0.48197115384615385 0.020432692307692308 0.013221153846153846
0 0.6634615384615384 0.45072115384615385 0.020432692307692308 0.013221153846153846
0 0.6754807692307693 0.4110576923076923 0.013221153846153846 0.015625
0 0.6742788461538461 0.5997596153846154 0.020432692307692308 0.015625
0 0.6706730769230769 0.6298076923076923 0.02283653846153846 0.020432692307692308
0 0.671875 0.6586538461538461 0.015625 0.015625
0 0.6682692307692307 0.6887019230769231 0.020432692307692308 0.018028846153846152
0 0.671875 0.7139423076923077 0.020432692307692308 0.018028846153846152
0 0.6706730769230769 0.7692307692307693 0.018028846153846152 0.015625
0 0.6730769230769231 0.8245192307692307 0.018028846153846152 0.013221153846153846
0 0.6826923076923077 0.8665865384615384 0.018028846153846152 0.025240384615384616
0 0.7067307692307693 0.9098557692307693 0.018028846153846152 0.018028846153846152
0 0.7307692307692307 0.9050480769230769 0.015625 0.013221153846153846
0 0.7223557692307693 0.9182692307692307 0.015625 0.010817307692307692
0 0.7367788461538461 0.9278846153846154 0.013221153846153846 0.013221153846153846
0 0.7524038461538461 0.9399038461538461 0.013221153846153846 0.010817307692307692
0 0.7620192307692307 0.9242788461538461 0.010817307692307692 0.010817307692307692
0 0.8798076923076923 0.6959134615384616 0.010817307692307692 0.018028846153846152
0 0.9182692307692307 0.7211538461538461 0.010817307692307692 0.008413461538461538
0 0.90625 0.7115384615384616 0.010817307692307692 0.008413461538461538
0 0.8209134615384616 0.6574519230769231 0.010817307692307692 0.008413461538461538
0 0.8509615384615384 0.6730769230769231 0.013221153846153846 0.008413461538461538
0 0.7908653846153846 0.6382211538461539 0.008413461538461538 0.010817307692307692
0 0.7764423076923077 0.6310096153846154 0.010817307692307692 0.008413461538461538
0 0.7524038461538461 0.6141826923076923 0.013221153846153846 0.010817307692307692
0 0.7199519230769231 0.59375 0.015625 0.010817307692307692
0 0.7271634615384616 0.6009615384615384 0.008413461538461538 0.008413461538461538
0 0.7067307692307693 0.5829326923076923 0.013221153846153846 0.008413461538461538
0 0.6935096153846154 0.5733173076923077 0.008413461538461538 0.010817307692307692
0 0.9507211538461539 0.7403846153846154 0.013221153846153846 0.015625
0 0.9615384615384616 0.7427884615384616 0.008413461538461538 0.008413461538461538
0 0.9711538461538461 0.7548076923076923 0.008413461538461538 0.008413461538461538
0 0.9579326923076923 0.7692307692307693 0.010817307692307692 0.010817307692307692
0 0.7235576923076923 0.9411057692307693 0.007211538461538462 0.008413461538461538
0 0.734375 0.9495192307692307 0.008413461538461538 0.007211538461538462
0 0.7427884615384616 0.9555288461538461 0.008413461538461538 0.008413461538461538
0 0.7584134615384616 0.9615384615384616 0.015625 0.013221153846153846
0 0.8173076923076923 0.9819711538461539 0.013221153846153846 0.013221153846153846
0 0.8605769230769231 0.9795673076923077 0.018028846153846152 0.018028846153846152
0 0.9278846153846154 0.9891826923076923 0.008413461538461538 0.008413461538461538
0 0.9411057692307693 0.9711538461538461 0.008413461538461538 0.013221153846153846
0 0.9519230769230769 0.9555288461538461 0.010817307692307692 0.010817307692307692
0 0.9591346153846154 0.9375 0.013221153846153846 0.010817307692307692
0 0.9735576923076923 0.921875 0.008413461538461538 0.007211538461538462
0 0.9819711538461539 0.9122596153846154 0.008413461538461538 0.008413461538461538
0 0.9663461538461539 0.9711538461538461 0.013221153846153846 0.018028846153846152
0 0.9903846153846154 0.9399038461538461 0.010817307692307692 0.010817307692307692
0 0.6838942307692307 0.9399038461538461 0.010817307692307692 0.010817307692307692
0 0.6923076923076923 0.96875 0.010817307692307692 0.013221153846153846
0 0.6033653846153846 0.96875 0.013221153846153846 0.018028846153846152
0 0.5949519230769231 0.9447115384615384 0.018028846153846152 0.015625
0 0.5925480769230769 0.9242788461538461 0.013221153846153846 0.015625
0 0.5805288461538461 0.8966346153846154 0.020432692307692308 0.018028846153846152
0 0.5793269230769231 0.8581730769230769 0.018028846153846152 0.018028846153846152
0 0.5300480769230769 0.8533653846153846 0.015625 0.008413461538461538
0 0.5192307692307693 0.8701923076923077 0.010817307692307692 0.015625
0 0.5516826923076923 0.8533653846153846 0.013221153846153846 0.018028846153846152
0 0.5649038461538461 0.8040865384615384 0.013221153846153846 0.013221153846153846
0 0.5661057692307693 0.7560096153846154 0.020432692307692308 0.015625
0 0.5576923076923077 0.7355769230769231 0.015625 0.015625
0 0.5576923076923077 0.7127403846153846 0.015625 0.015625
0 0.578125 0.6911057692307693 0.015625 0.013221153846153846
0 0.5600961538461539 0.6682692307692307 0.020432692307692308 0.015625
0 0.5625 0.6225961538461539 0.018028846153846152 0.015625
0 0.5420673076923077 0.6189903846153846 0.015625 0.013221153846153846
0 0.5444711538461539 0.5961538461538461 0.018028846153846152 0.015625
0 0.5817307692307693 0.5757211538461539 0.010817307692307692 0.010817307692307692
0 0.5793269230769231 0.5384615384615384 0.02283653846153846 0.018028846153846152
0 0.5865384615384616 0.5192307692307693 0.015625 0.015625
0 0.5889423076923077 0.4963942307692308 0.020432692307692308 0.015625
0 0.6262019230769231 0.36658653846153844 0.018028846153846152 0.020432692307692308
0 0.6117788461538461 0.34134615384615385 0.015625 0.015625
0 0.6021634615384616 0.2776442307692308 0.015625 0.015625
0 0.5769230769230769 0.42427884615384615 0.013221153846153846 0.010817307692307692
0 0.5997596153846154 0.43149038461538464 0.010817307692307692 0.010817307692307692
0 0.6129807692307693 0.41947115384615385 0.013221153846153846 0.015625
0 0.5889423076923077 0.39663461538461536 0.015625 0.018028846153846152
0 0.4735576923076923 0.36658653846153844 0.013221153846153846 0.013221153846153846
0 0.5540865384615384 0.35096153846153844 0.018028846153846152 0.013221153846153846
0 0.5817307692307693 0.3293269230769231 0.010817307692307692 0.013221153846153846
0 0.5805288461538461 0.31850961538461536 0.015625 0.010817307692307692
0 0.5853365384615384 0.3016826923076923 0.013221153846153846 0.013221153846153846
0 0.5841346153846154 0.2848557692307692 0.015625 0.015625
0 0.5721153846153846 0.2692307692307692 0.013221153846153846 0.015625
0 0.5564903846153846 0.09615384615384616 0.018028846153846152 0.015625
0 0.6009615384615384 0.1310096153846154 0.013221153846153846 0.018028846153846152
0 0.5588942307692307 0.15745192307692307 0.02283653846153846 0.018028846153846152
0 0.5552884615384616 0.11899038461538461 0.015625 0.013221153846153846
0 0.4519230769230769 0.16706730769230768 0.025240384615384616 0.018028846153846152
0 0.5048076923076923 0.006009615384615385 0.018028846153846152 0.010817307692307692
0 0.20673076923076922 0.15144230769230768 0.02283653846153846 0.018028846153846152
0 0.2764423076923077 0.1875 0.018028846153846152 0.013221153846153846
0 0.3016826923076923 0.2091346153846154 0.013221153846153846 0.018028846153846152
0 0.14903846153846154 0.22115384615384615 0.02283653846153846 0.018028846153846152
0 0.025240384615384616 0.1875 0.02283653846153846 0.013221153846153846
0 0.028846153846153848 0.20432692307692307 0.013221153846153846 0.010817307692307692
0 0.23557692307692307 0.24759615384615385 0.015625 0.013221153846153846
0 0.42788461538461536 0.008413461538461538 0.018028846153846152 0.015625
0 0.5805288461538461 0.0673076923076923 0.010817307692307692 0.013221153846153846
0 0.5552884615384616 0.18870192307692307 0.015625 0.018028846153846152
0 0.5673076923076923 0.22596153846153846 0.013221153846153846 0.015625
0 0.38461538461538464 0.19110576923076922 0.018028846153846152 0.018028846153846152
0 0.18269230769230768 0.1141826923076923 0.013221153846153846 0.010817307692307692
0 0.028846153846153848 0.05048076923076923 0.013221153846153846 0.010817307692307692
0 0.055288461538461536 0.06009615384615385 0.010817307692307692 0.015625
0 0.31850961538461536 0.140625 0.015625 0.010817307692307692
0 0.3641826923076923 0.16346153846153846 0.010817307692307692 0.010817307692307692
0 0.07211538461538461 0.21514423076923078 0.018028846153846152 0.015625
0 0.11538461538461539 0.2956730769230769 0.018028846153846152 0.020432692307692308
0 0.1466346153846154 0.3112980769230769 0.02283653846153846 0.02283653846153846
0 0.06129807692307692 0.30649038461538464 0.018028846153846152 0.013221153846153846
0 0.06370192307692307 0.28846153846153844 0.015625 0.018028846153846152