0 0.7932692307692307 0.2127403846153846 0.018028846153846152 0.010817307692307692
0 0.7944711538461539 0.19951923076923078 0.015625 0.015625
0 0.7680288461538461 0.18509615384615385 0.013221153846153846 0.013221153846153846
0 0.7692307692307693 0.16947115384615385 0.015625 0.008413461538461538
0 0.7668269230769231 0.1466346153846154 0.015625 0.018028846153846152
0 0.7860576923076923 0.14423076923076922 0.018028846153846152 0.02283653846153846
0 0.8233173076923077 0.12259615384615384 0.015625 0.020432692307692308
0 0.8125 0.06850961538461539 0.020432692307692308 0.015625
0 0.7932692307692307 0.08413461538461539 0.018028846153846152 0.015625
0 0.7908653846153846 0.0985576923076923 0.02283653846153846 0.013221153846153846
0 0.7908653846153846 0.1201923076923077 0.013221153846153846 0.010817307692307692
0 0.7680288461538461 0.1141826923076923 0.013221153846153846 0.010817307692307692
0 0.7908653846153846 0.04807692307692308 0.02283653846153846 0.020432692307692308
0 0.7944711538461539 0.027644230769230768 0.015625 0.010817307692307692
0 0.8016826923076923 0.013221153846153846 0.018028846153846152 0.018028846153846152
0 0.7415865384615384 0.039663461538461536 0.018028846153846152 0.015625
0 0.7487980769230769 0.020432692307692308 0.015625 0.013221153846153846
0 0.7007211538461539 0.027644230769230768 0.013221153846153846 0.015625
0 0.703125 0.010817307692307692 0.013221153846153846 0.013221153846153846
0 0.5985576923076923 0.20552884615384615 0.020432692307692308 0.015625
0 0.6201923076923077 0.1875 0.010817307692307692 0.013221153846153846
0 0.6286057692307693 0.1971153846153846 0.013221153846153846 0.010817307692307692
0 0.6430288461538461 0.16947115384615385 0.015625 0.015625
0 0.5805288461538461 0.24639423076923078 0.015625 0.010817307692307692
0 0.5564903846153846 0.24759615384615385 0.013221153846153846 0.013221153846153846
0 0.4735576923076923 0.21514423076923078 0.015625 0.015625
0 0.4855769230769231 0.19110576923076922 0.015625 0.013221153846153846
0 0.49278846153846156 0.17548076923076922 0.018028846153846152 0.018028846153846152
0 0.5180288461538461 0.10216346153846154 0.02283653846153846 0.020432692307692308
0 0.4651442307692308 0.11899038461538461 0.025240384615384616 0.02283653846153846
0 0.22956730769230768 0.25600961538461536 0.018028846153846152 0.010817307692307692
0 0.2091346153846154 0.2403846153846154 0.013221153846153846 0.015625
0 0.5012019230769231 0.2776442307692308 0.015625 0.015625
0 0.5420673076923077 0.27524038461538464 0.020432692307692308 0.018028846153846152
0 0.36658653846153844 0.27283653846153844 0.015625 0.018028846153846152
0 0.33774038461538464 0.2668269230769231 0.02283653846153846 0.020432692307692308
0 0.3161057692307692 0.27283653846153844 0.010817307692307692 0.013221153846153846
0 0.46634615384615385 0.18990384615384615 0.013221153846153846 0.015625
0 0.4483173076923077 0.14903846153846154 0.013221153846153846 0.013221153846153846
0 0.37740384615384615 0.014423076923076924 0.020432692307692308 0.015625
0 0.4050480769230769 0.006009615384615385 0.015625 0.010817307692307692
0 0.33413461538461536 0.04447115384615385 0.025240384615384616 0.015625
0 0.056490384615384616 0.28125 0.018028846153846152 0.008413461538461538
0 0.09254807692307693 0.2776442307692308 0.02283653846153846 0.020432692307692308
0 0.12139423076923077 0.2764423076923077 0.02283653846153846 0.013221153846153846
0 0.1466346153846154 0.27884615384615385 0.013221153846153846 0.013221153846153846
0 0.16346153846153846 0.27884615384615385 0.010817307692307692 0.013221153846153846
0 0.18629807692307693 0.2764423076923077 0.020432692307692308 0.020432692307692308
0 0.21153846153846154 0.27163461538461536 0.013221153846153846 0.015625
0 0.25841346153846156 0.2764423076923077 0.015625 0.013221153846153846
0 0.08052884615384616 0.2548076923076923 0.010817307692307692 0.013221153846153846
0 0.09375 0.24158653846153846 0.010817307692307692 0.010817307692307692
0 0.15985576923076922 0.13341346153846154 0.013221153846153846 0.013221153846153846
0 0.1310096153846154 0.11899038461538461 0.013221153846153846 0.013221153846153846
0 0.1502403846153846 0.1141826923076923 0.010817307692307692 0.010817307692307692
0 0.42788461538461536 0.140625 0.013221153846153846 0.010817307692307692