0 0.9110576923076923 0.9903846153846154 0.010817307692307692 0.010817307692307692
0 0.9074519230769231 0.9771634615384616 0.013221153846153846 0.013221153846153846
0 0.9086538461538461 0.9639423076923077 0.010817307692307692 0.008413461538461538
0 0.8413461538461539 0.9879807692307693 0.025240384615384616 0.015625
0 0.8401442307692307 0.9723557692307693 0.018028846153846152 0.015625
0 0.8365384615384616 0.9543269230769231 0.020432692307692308 0.020432692307692308
0 0.7764423076923077 0.9855769230769231 0.013221153846153846 0.015625
0 0.9026442307692307 0.9375 0.013221153846153846 0.013221153846153846
0 0.90625 0.9206730769230769 0.010817307692307692 0.013221153846153846
0 0.9074519230769231 0.9050480769230769 0.013221153846153846 0.008413461538461538
0 0.9038461538461539 0.8930288461538461 0.010817307692307692 0.010817307692307692
0 0.9026442307692307 0.8786057692307693 0.013221153846153846 0.008413461538461538
0 0.9038461538461539 0.8641826923076923 0.010817307692307692 0.010817307692307692
0 0.9050480769230769 0.8497596153846154 0.013221153846153846 0.010817307692307692
0 0.9050480769230769 0.8353365384615384 0.008413461538461538 0.008413461538461538
0 0.9038461538461539 0.8197115384615384 0.010817307692307692 0.013221153846153846
0 0.9050480769230769 0.8076923076923077 0.013221153846153846 0.007211538461538462
0 0.9038461538461539 0.7956730769230769 0.010817307692307692 0.010817307692307692
0 0.9014423076923077 0.7800480769230769 0.018028846153846152 0.015625
0 0.9254807692307693 0.9230769230769231 0.013221153846153846 0.013221153846153846
0 0.9314903846153846 0.9038461538461539 0.010817307692307692 0.010817307692307692
0 0.9290865384615384 0.8846153846153846 0.015625 0.013221153846153846
0 0.9254807692307693 0.8665865384615384 0.013221153846153846 0.013221153846153846
0 0.9242788461538461 0.8461538461538461 0.010817307692307692 0.010817307692307692
0 0.9254807692307693 0.8293269230769231 0.008413461538461538 0.013221153846153846
0 0.9254807692307693 0.8125 0.013221153846153846 0.015625
0 0.9266826923076923 0.7932692307692307 0.025240384615384616 0.013221153846153846
0 0.9230769230769231 0.7716346153846154 0.018028846153846152 0.020432692307692308
0 0.9447115384615384 0.9026442307692307 0.010817307692307692 0.013221153846153846
0 0.9435096153846154 0.8858173076923077 0.008413461538461538 0.010817307692307692
0 0.9435096153846154 0.8641826923076923 0.008413461538461538 0.010817307692307692
0 0.9399038461538461 0.8413461538461539 0.015625 0.010817307692307692
0 0.9639423076923077 0.9194711538461539 0.013221153846153846 0.013221153846153846
0 0.9639423076923077 0.9002403846153846 0.008413461538461538 0.010817307692307692
0 0.9627403846153846 0.8786057692307693 0.010817307692307692 0.013221153846153846
0 0.9627403846153846 0.8617788461538461 0.010817307692307692 0.010817307692307692
0 0.9627403846153846 0.8425480769230769 0.010817307692307692 0.013221153846153846
0 0.9603365384615384 0.8257211538461539 0.010817307692307692 0.010817307692307692
0 0.9627403846153846 0.8064903846153846 0.015625 0.013221153846153846
0 0.9615384615384616 0.7884615384615384 0.018028846153846152 0.018028846153846152
0 0.9567307692307693 0.7704326923076923 0.018028846153846152 0.013221153846153846
0 0.9831730769230769 0.9014423076923077 0.015625 0.018028846153846152
0 0.9831730769230769 0.8798076923076923 0.015625 0.015625
0 0.9795673076923077 0.8641826923076923 0.008413461538461538 0.010817307692307692
0 0.9819711538461539 0.8461538461538461 0.013221153846153846 0.015625
0 0.9783653846153846 0.8257211538461539 0.010817307692307692 0.010817307692307692
0 0.9819711538461539 0.8076923076923077 0.013221153846153846 0.015625
0 0.9807692307692307 0.7884615384615384 0.015625 0.018028846153846152
0 0.9783653846153846 0.7704326923076923 0.010817307692307692 0.013221153846153846
0 0.9074519230769231 0.59375 0.013221153846153846 0.015625
0 0.921875 0.5925480769230769 0.015625 0.013221153846153846
0 0.8629807692307693 0.59375 0.018028846153846152 0.015625
0 0.8221153846153846 0.5949519230769231 0.013221153846153846 0.013221153846153846
0 0.8629807692307693 0.625 0.02283653846153846 0.020432692307692308
0 0.8197115384615384 0.6262019230769231 0.013221153846153846 0.013221153846153846
0 0.6213942307692307 0.8076923076923077 0.018028846153846152 0.020432692307692308
0 0.6358173076923077 0.8449519230769231 0.025240384615384616 0.018028846153846152
0 0.765625 0.7680288461538461 0.03125 0.026442307692307692
0 0.7872596153846154 0.7980769230769231 0.020432692307692308 0.015625
0 0.8329326923076923 0.90625 0.03125 0.025240384615384616
0 0.8341346153846154 0.9302884615384616 0.020432692307692308 0.018028846153846152
0 0.7896634615384616 0.9074519230769231 0.010817307692307692 0.013221153846153846
0 0.7896634615384616 0.8173076923076923 0.015625 0.013221153846153846
0 0.8257211538461539 0.7980769230769231 0.020432692307692308 0.020432692307692308
0 0.7956730769230769 0.8353365384615384 0.010817307692307692 0.013221153846153846
0 0.8100961538461539 0.9014423076923077 0.010817307692307692 0.013221153846153846
0 0.7632211538461539 0.7271634615384616 0.013221153846153846 0.013221153846153846
0 0.7620192307692307 0.7079326923076923 0.015625 0.015625
0 0.7584134615384616 0.6887019230769231 0.013221153846153846 0.013221153846153846
0 0.75 0.6706730769230769 0.013221153846153846 0.008413461538461538
0 0.78125 0.671875 0.013221153846153846 0.015625
0 0.8305288461538461 0.8461538461538461 0.010817307692307692 0.015625
0 0.8329326923076923 0.8605769230769231 0.013221153846153846 0.008413461538461538
0 0.8269230769230769 0.8221153846153846 0.013221153846153846 0.013221153846153846
0 0.7091346153846154 0.6598557692307693 0.013221153846153846 0.013221153846153846
0 0.2956730769230769 0.8870192307692307 0.015625 0.013221153846153846
0 0.6069711538461539 0.9819711538461539 0.010817307692307692 0.013221153846153846
0 0.6129807692307693 0.9615384615384616 0.008413461538461538 0.013221153846153846
0 0.036057692307692304 0.7848557692307693 0.013221153846153846 0.020432692307692308
0 0.16346153846153846 0.6586538461538461 0.010817307692307692 0.010817307692307692