0 0.8125 0.9603365384615384 0.020432692307692308 0.015625
0 0.7932692307692307 0.9759615384615384 0.018028846153846152 0.015625
0 0.7908653846153846 0.9915865384615384 0.02283653846153846 0.013221153846153846
0 0.7908653846153846 0.9399038461538461 0.02283653846153846 0.020432692307692308
0 0.7944711538461539 0.9194711538461539 0.015625 0.010817307692307692
0 0.8016826923076923 0.9050480769230769 0.018028846153846152 0.018028846153846152
0 0.8100961538461539 0.8870192307692307 0.015625 0.018028846153846152
0 0.7415865384615384 0.9314903846153846 0.018028846153846152 0.015625
0 0.7487980769230769 0.9122596153846154 0.015625 0.013221153846153846
0 0.7680288461538461 0.8617788461538461 0.013221153846153846 0.010817307692307692
0 0.7752403846153846 0.8473557692307693 0.013221153846153846 0.008413461538461538
0 0.7836538461538461 0.8353365384615384 0.008413461538461538 0.008413461538461538
0 0.7920673076923077 0.8233173076923077 0.015625 0.015625
0 0.796875 0.8100961538461539 0.013221153846153846 0.015625
0 0.8305288461538461 0.8509615384615384 0.010817307692307692 0.013221153846153846
0 0.8389423076923077 0.8401442307692307 0.015625 0.013221153846153846
0 0.8557692307692307 0.8088942307692307 0.018028846153846152 0.018028846153846152
0 0.8689903846153846 0.796875 0.013221153846153846 0.013221153846153846
0 0.8822115384615384 0.78125 0.015625 0.013221153846153846
0 0.8966346153846154 0.7680288461538461 0.013221153846153846 0.013221153846153846
0 0.9122596153846154 0.7560096153846154 0.018028846153846152 0.015625
0 0.9194711538461539 0.7379807692307693 0.015625 0.015625
0 0.9362980769230769 0.7259615384615384 0.015625 0.015625
0 0.9483173076923077 0.7127403846153846 0.013221153846153846 0.015625
0 0.9615384615384616 0.6983173076923077 0.018028846153846152 0.018028846153846152
0 0.9735576923076923 0.6862980769230769 0.013221153846153846 0.010817307692307692
0 0.984375 0.6694711538461539 0.013221153846153846 0.015625
0 0.8497596153846154 0.6694711538461539 0.015625 0.013221153846153846
0 0.8617788461538461 0.6526442307692307 0.020432692307692308 0.013221153846153846
0 0.8774038461538461 0.640625 0.015625 0.010817307692307692
0 0.890625 0.625 0.015625 0.015625
0 0.8088942307692307 0.7956730769230769 0.013221153846153846 0.010817307692307692
0 0.8137019230769231 0.7860576923076923 0.007211538461538462 0.008413461538461538
0 0.8233173076923077 0.7776442307692307 0.007211538461538462 0.010817307692307692
0 0.8329326923076923 0.765625 0.008413461538461538 0.008413461538461538
0 0.8413461538461539 0.7584134615384616 0.015625 0.010817307692307692
0 0.8713942307692307 0.7223557692307693 0.013221153846153846 0.010817307692307692
0 0.8798076923076923 0.7139423076923077 0.010817307692307692 0.013221153846153846
0 0.890625 0.7055288461538461 0.010817307692307692 0.004807692307692308
0 0.8990384615384616 0.6923076923076923 0.008413461538461538 0.010817307692307692
0 0.9098557692307693 0.6826923076923077 0.013221153846153846 0.013221153846153846
0 0.9182692307692307 0.6706730769230769 0.010817307692307692 0.008413461538461538
0 0.9290865384615384 0.6646634615384616 0.010817307692307692 0.008413461538461538
0 0.9375 0.6514423076923077 0.013221153846153846 0.015625
0 0.9459134615384616 0.6418269230769231 0.008413461538461538 0.013221153846153846
0 0.9555288461538461 0.6310096153846154 0.008413461538461538 0.008413461538461538
0 0.9639423076923077 0.6189903846153846 0.013221153846153846 0.018028846153846152
0 0.9735576923076923 0.609375 0.007211538461538462 0.007211538461538462
0 0.9795673076923077 0.6021634615384616 0.013221153846153846 0.010817307692307692
0 0.9891826923076923 0.5901442307692307 0.013221153846153846 0.013221153846153846
0 0.9266826923076923 0.5841346153846154 0.015625 0.015625
0 0.9362980769230769 0.5709134615384616 0.015625 0.015625
0 0.9483173076923077 0.5588942307692307 0.018028846153846152 0.013221153846153846
0 0.9591346153846154 0.5432692307692307 0.013221153846153846 0.013221153846153846
0 0.9723557692307693 0.5348557692307693 0.020432692307692308 0.015625
0 0.9831730769230769 0.5192307692307693 0.015625 0.015625
0 0.9807692307692307 0.49038461538461536 0.015625 0.010817307692307692
0 0.9627403846153846 0.47716346153846156 0.015625 0.013221153846153846
0 0.9735576923076923 0.46033653846153844 0.013221153846153846 0.015625
0 0.9891826923076923 0.44711538461538464 0.013221153846153846 0.010817307692307692
0 0.7548076923076923 0.3581730769230769 0.018028846153846152 0.018028846153846152
0 0.7584134615384616 0.3293269230769231 0.015625 0.013221153846153846
0 0.6514423076923077 0.27163461538461536 0.018028846153846152 0.015625
0 0.5024038461538461 0.4579326923076923 0.02283653846153846 0.020432692307692308
0 0.8858173076923077 0.3858173076923077 0.020432692307692308 0.015625
0 0.8112980769230769 0.7271634615384616 0.008413461538461538 0.013221153846153846
0 0.7920673076923077 0.7451923076923077 0.015625 0.013221153846153846
0 0.7860576923076923 0.7584134615384616 0.008413461538461538 0.008413461538461538
0 0.7764423076923077 0.7704326923076923 0.010817307692307692 0.008413461538461538
0 0.7007211538461539 0.9194711538461539 0.013221153846153846 0.015625
0 0.703125 0.9026442307692307 0.013221153846153846 0.013221153846153846
0 0.7115384615384616 0.8870192307692307 0.013221153846153846 0.013221153846153846
0 0.37740384615384615 0.90625 0.020432692307692308 0.015625
0 0.40384615384615385 0.8966346153846154 0.015625 0.013221153846153846
0 0.33413461538461536 0.9362980769230769 0.025240384615384616 0.015625
0 0.4423076923076923 0.7572115384615384 0.020432692307692308 0.018028846153846152
0 0.4182692307692308 0.7668269230769231 0.020432692307692308 0.025240384615384616
0 0.36658653846153844 0.7403846153846154 0.020432692307692308 0.015625
0 0.7608173076923077 0.7764423076923077 0.013221153846153846 0.015625
0 0.7175480769230769 0.7692307692307693 0.010817307692307692 0.015625
0 0.7391826923076923 0.7548076923076923 0.013221153846153846 0.013221153846153846
0 0.7079326923076923 0.7548076923076923 0.010817307692307692 0.013221153846153846
0 0.2512019230769231 0.6129807692307693 0.015625 0.018028846153846152
0 0.24519230769230768 0.6682692307692307 0.018028846153846152 0.025240384615384616
0 0.3449519230769231 0.7019230769230769 0.018028846153846152 0.025240384615384616
0 0.35697115384615385 0.6742788461538461 0.015625 0.015625
0 0.38341346153846156 0.6634615384615384 0.018028846153846152 0.015625
0 0.39903846153846156 0.6694711538461539 0.013221153846153846 0.02283653846153846
0 0.37740384615384615 0.6995192307692307 0.010817307692307692 0.010817307692307692
0 0.3798076923076923 0.8040865384615384 0.025240384615384616 0.02283653846153846
0 0.2980769230769231 0.8245192307692307 0.025240384615384616 0.018028846153846152
0 0.36899038461538464 0.8485576923076923 0.02283653846153846 0.018028846153846152
0 0.36778846153846156 0.8713942307692307 0.025240384615384616 0.018028846153846152