0 0.6971153846153846 0.2512019230769231 0.020432692307692308 0.015625
0 0.6430288461538461 0.25240384615384615 0.007211538461538462 0.013221153846153846
0 0.7247596153846154 0.2536057692307692 0.02283653846153846 0.015625
0 0.9375 0.21033653846153846 0.010817307692307692 0.015625
0 0.9194711538461539 0.21634615384615385 0.015625 0.013221153846153846
0 0.35336538461538464 0.21514423076923078 0.02283653846153846 0.020432692307692308
0 0.3161057692307692 0.25600961538461536 0.025240384615384616 0.015625
0 0.2247596153846154 0.22596153846153846 0.013221153846153846 0.015625
0 0.20192307692307693 0.21875 0.020432692307692308 0.013221153846153846
0 0.33774038461538464 0.171875 0.018028846153846152 0.015625
0 0.3605769230769231 0.17427884615384615 0.013221153846153846 0.015625