0 0.004807692307692308 0.4891826923076923 0.008413461538461538 0.008413461538461538
0 0.010817307692307692 0.5024038461538461 0.008413461538461538 0.008413461538461538
0 0.01201923076923077 0.5144230769230769 0.010817307692307692 0.010817307692307692
0 0.018028846153846152 0.5276442307692307 0.008413461538461538 0.007211538461538462
0 0.018028846153846152 0.5408653846153846 0.008413461538461538 0.008413461538461538
0 0.016826923076923076 0.5528846153846154 0.007211538461538462 0.007211538461538462
0 0.015625 0.5709134615384616 0.008413461538461538 0.007211538461538462
0 0.013221153846153846 0.5841346153846154 0.008413461538461538 0.010817307692307692
0 0.009615384615384616 0.5973557692307693 0.010817307692307692 0.008413461538461538
0 0.004807692307692308 0.6081730769230769 0.009615384615384616 0.009615384615384616
0 0.2620192307692308 0.5072115384615384 0.015625 0.018028846153846152
0 0.25961538461538464 0.49158653846153844 0.015625 0.010817307692307692
0 0.25721153846153844 0.47596153846153844 0.008413461538461538 0.010817307692307692
0 0.2536057692307692 0.46274038461538464 0.010817307692307692 0.010817307692307692
0 0.24879807692307693 0.45072115384615385 0.010817307692307692 0.008413461538461538
0 0.24879807692307693 0.4375 0.007211538461538462 0.007211538461538462
0 0.24158653846153846 0.4254807692307692 0.010817307692307692 0.008413461538461538
0 0.2403846153846154 0.41586538461538464 0.010817307692307692 0.010817307692307692
0 0.23317307692307693 0.40384615384615385 0.010817307692307692 0.010817307692307692
0 0.22716346153846154 0.390625 0.013221153846153846 0.010817307692307692
0 0.22115384615384615 0.3786057692307692 0.013221153846153846 0.008413461538461538
0 0.21514423076923078 0.36658653846153844 0.015625 0.015625
0 0.22596153846153846 0.35336538461538464 0.010817307692307692 0.008413461538461538
0 0.125 0.4831730769230769 0.010817307692307692 0.010817307692307692
0 0.14423076923076922 0.4951923076923077 0.018028846153846152 0.013221153846153846
0 0.14302884615384615 0.4855769230769231 0.010817307692307692 0.010817307692307692
0 0.13822115384615385 0.4735576923076923 0.010817307692307692 0.008413461538461538
0 0.13341346153846154 0.4579326923076923 0.008413461538461538 0.010817307692307692
0 0.13221153846153846 0.44471153846153844 0.010817307692307692 0.007211538461538462
0 0.13822115384615385 0.4375 0.015625 0.010817307692307692
0 0.15384615384615385 0.4338942307692308 0.015625 0.015625
0 0.17427884615384615 0.42427884615384615 0.015625 0.010817307692307692
0 0.1875 0.4206730769230769 0.013221153846153846 0.013221153846153846
0 0.20192307692307693 0.41466346153846156 0.010817307692307692 0.008413461538461538
0 0.21394230769230768 0.41346153846153844 0.008413461538461538 0.010817307692307692
0 0.22235576923076922 0.42788461538461536 0.010817307692307692 0.013221153846153846
0 0.2247596153846154 0.4411057692307692 0.013221153846153846 0.008413461538461538
0 0.22716346153846154 0.4543269230769231 0.013221153846153846 0.007211538461538462
0 0.23076923076923078 0.46634615384615385 0.010817307692307692 0.008413461538461538
0 0.23317307692307693 0.4807692307692308 0.010817307692307692 0.010817307692307692
0 0.2403846153846154 0.5048076923076923 0.007211538461538462 0.008413461538461538
0 0.2764423076923077 0.32572115384615385 0.008413461538461538 0.010817307692307692
0 0.28125 0.3401442307692308 0.008413461538461538 0.008413461538461538
0 0.28725961538461536 0.3485576923076923 0.010817307692307692 0.008413461538461538
0 0.2920673076923077 0.36177884615384615 0.010817307692307692 0.010817307692307692
0 0.2980769230769231 0.3737980769230769 0.007211538461538462 0.008413461538461538
0 0.30408653846153844 0.38822115384615385 0.013221153846153846 0.010817307692307692
0 0.3088942307692308 0.4014423076923077 0.008413461538461538 0.008413461538461538
0 0.3173076923076923 0.4170673076923077 0.008413461538461538 0.008413461538461538
0 0.32091346153846156 0.4326923076923077 0.010817307692307692 0.013221153846153846
0 0.3245192307692308 0.4483173076923077 0.013221153846153846 0.013221153846153846
0 0.328125 0.46153846153846156 0.010817307692307692 0.008413461538461538
0 0.3317307692307692 0.4807692307692308 0.020432692307692308 0.015625
0 0.328125 0.2860576923076923 0.007211538461538462 0.008413461538461538
0 0.33533653846153844 0.29447115384615385 0.008413461538461538 0.008413461538461538
0 0.3425480769230769 0.3076923076923077 0.008413461538461538 0.010817307692307692
0 0.34975961538461536 0.3293269230769231 0.007211538461538462 0.008413461538461538
0 0.3557692307692308 0.34375 0.008413461538461538 0.007211538461538462
0 0.3245192307692308 0.29927884615384615 0.008413461538461538 0.008413461538461538
0 0.33052884615384615 0.31009615384615385 0.010817307692307692 0.007211538461538462
0 0.3317307692307692 0.31971153846153844 0.007211538461538462 0.004807692307692308
0 0.3389423076923077 0.3293269230769231 0.010817307692307692 0.008413461538461538
0 0.3449519230769231 0.34134615384615385 0.008413461538461538 0.010817307692307692
0 0.35096153846153844 0.3545673076923077 0.008413461538461538 0.010817307692307692
0 0.3545673076923077 0.36778846153846156 0.007211538461538462 0.007211538461538462
0 0.359375 0.38100961538461536 0.007211538461538462 0.008413461538461538
0 0.3629807692307692 0.3918269230769231 0.008413461538461538 0.008413461538461538
0 0.37259615384615385 0.3942307692307692 0.010817307692307692 0.008413461538461538
0 0.3701923076923077 0.38341346153846156 0.010817307692307692 0.008413461538461538
0 0.36899038461538464 0.36899038461538464 0.008413461538461538 0.013221153846153846
0 0.3641826923076923 0.35697115384615385 0.010817307692307692 0.010817307692307692
0 0.3701923076923077 0.34375 0.007211538461538462 0.010817307692307692
0 0.3449519230769231 0.2776442307692308 0.008413461538461538 0.010817307692307692
0 0.4110576923076923 0.4014423076923077 0.015625 0.020432692307692308
0 0.453125 0.39302884615384615 0.008413461538461538 0.010817307692307692
0 0.4483173076923077 0.37259615384615385 0.008413461538461538 0.010817307692307692
0 0.4387019230769231 0.34134615384615385 0.008413461538461538 0.010817307692307692
0 0.3954326923076923 0.2692307692307692 0.010817307692307692 0.015625
0 0.4014423076923077 0.29447115384615385 0.013221153846153846 0.008413461538461538
0 0.4050480769230769 0.3076923076923077 0.008413461538461538 0.010817307692307692
0 0.40865384615384615 0.32091346153846156 0.010817307692307692 0.010817307692307692
0 0.41947115384615385 0.3245192307692308 0.008413461538461538 0.008413461538461538
0 0.29927884615384615 0.25841346153846156 0.013221153846153846 0.013221153846153846
0 0.2860576923076923 0.234375 0.013221153846153846 0.013221153846153846
0 0.27884615384615385 0.21875 0.008413461538461538 0.008413461538461538
0 0.27283653846153844 0.2091346153846154 0.008413461538461538 0.008413461538461538
0 0.25240384615384615 0.1875 0.008413461538461538 0.013221153846153846
0 0.24519230769230768 0.17548076923076922 0.008413461538461538 0.008413461538461538
0 0.23317307692307693 0.16466346153846154 0.010817307692307692 0.013221153846153846
0 0.21754807692307693 0.14302884615384615 0.010817307692307692 0.010817307692307692
0 0.20793269230769232 0.1310096153846154 0.010817307692307692 0.008413461538461538
0 0.2439903846153846 0.15745192307692307 0.010817307692307692 0.013221153846153846
0 0.25721153846153844 0.15144230769230768 0.013221153846153846 0.013221153846153846
0 0.23557692307692307 0.14182692307692307 0.015625 0.013221153846153846
0 0.26322115384615385 0.17908653846153846 0.013221153846153846 0.010817307692307692
0 0.23197115384615385 0.28725961538461536 0.008413461538461538 0.010817307692307692
0 0.234375 0.2692307692307692 0.013221153846153846 0.015625
0 0.21754807692307693 0.25240384615384615 0.010817307692307692 0.008413461538461538
0 0.21514423076923078 0.23076923076923078 0.010817307692307692 0.010817307692307692
0 0.20552884615384615 0.21995192307692307 0.008413461538461538 0.007211538461538462
0 0.1971153846153846 0.20673076923076922 0.010817307692307692 0.008413461538461538
0 0.1875 0.19831730769230768 0.010817307692307692 0.008413461538461538
0 0.18028846153846154 0.18629807692307693 0.008413461538461538 0.010817307692307692
0 0.16947115384615385 0.17548076923076922 0.010817307692307692 0.008413461538461538
0 0.16105769230769232 0.16706730769230768 0.010817307692307692 0.008413461538461538
0 0.15144230769230768 0.15745192307692307 0.010817307692307692 0.008413461538461538
0 0.14423076923076922 0.14903846153846154 0.013221153846153846 0.013221153846153846
0 0.12980769230769232 0.13581730769230768 0.010817307692307692 0.010817307692307692
0 0.109375 0.1502403846153846 0.007211538461538462 0.010817307692307692
0 0.11899038461538461 0.15384615384615385 0.008413461538461538 0.010817307692307692
0 0.1310096153846154 0.16346153846153846 0.008413461538461538 0.010817307692307692
0 0.14423076923076922 0.16947115384615385 0.008413461538461538 0.010817307692307692
0 0.15144230769230768 0.18389423076923078 0.010817307692307692 0.010817307692307692
0 0.17067307692307693 0.20072115384615385 0.008413461538461538 0.008413461538461538
0 0.1814903846153846 0.21033653846153846 0.007211538461538462 0.007211538461538462
0 0.18990384615384615 0.21995192307692307 0.007211538461538462 0.007211538461538462
0 0.051682692307692304 0.203125 0.008413461538461538 0.008413461538461538
0 0.07091346153846154 0.2127403846153846 0.010817307692307692 0.010817307692307692
0 0.09014423076923077 0.22355769230769232 0.008413461538461538 0.010817307692307692
0 0.0985576923076923 0.23197115384615385 0.008413461538461538 0.013221153846153846
0 0.109375 0.23798076923076922 0.010817307692307692 0.010817307692307692
0 0.11658653846153846 0.24759615384615385 0.008413461538461538 0.013221153846153846
0 0.12620192307692307 0.2536057692307692 0.008413461538461538 0.010817307692307692
0 0.13942307692307693 0.26802884615384615 0.008413461538461538 0.008413461538461538
0 0.14903846153846154 0.2776442307692308 0.008413461538461538 0.010817307692307692
0 0.15745192307692307 0.2860576923076923 0.008413461538461538 0.013221153846153846
0 0.16826923076923078 0.296875 0.010817307692307692 0.018028846153846152
0 0.17908653846153846 0.3125 0.010817307692307692 0.020432692307692308
0 0.18990384615384615 0.3161057692307692 0.010817307692307692 0.010817307692307692
0 0.06850961538461539 0.23317307692307693 0.015625 0.010817307692307692
0 0.0829326923076923 0.24639423076923078 0.013221153846153846 0.015625
0 0.09735576923076923 0.25841346153846156 0.013221153846153846 0.015625
0 0.11298076923076923 0.2692307692307692 0.018028846153846152 0.015625
0 0.12740384615384615 0.2860576923076923 0.010817307692307692 0.013221153846153846
0 0.13822115384615385 0.29447115384615385 0.010817307692307692 0.015625
0 0.12860576923076922 0.30649038461538464 0.013221153846153846 0.008413461538461538
0 0.11778846153846154 0.3161057692307692 0.010817307692307692 0.010817307692307692
0 0.10336538461538461 0.3269230769230769 0.013221153846153846 0.013221153846153846
0 0.09254807692307693 0.33653846153846156 0.008413461538461538 0.010817307692307692
0 0.051682692307692304 0.24278846153846154 0.013221153846153846 0.013221153846153846
0 0.042067307692307696 0.2608173076923077 0.010817307692307692 0.013221153846153846
0 0.03365384615384615 0.2776442307692308 0.013221153846153846 0.010817307692307692
0 0.025240384615384616 0.29447115384615385 0.013221153846153846 0.013221153846153846
0 0.016826923076923076 0.3112980769230769 0.015625 0.013221153846153846
0 0.030048076923076924 0.32091346153846156 0.010817307692307692 0.015625
0 0.04326923076923077 0.33052884615384615 0.008413461538461538 0.013221153846153846
0 0.055288461538461536 0.3425480769230769 0.015625 0.018028846153846152
0 0.07091346153846154 0.3545673076923077 0.015625 0.015625
0 0.08173076923076923 0.34615384615384615 0.010817307692307692 0.015625
0 0.20072115384615385 0.12139423076923077 0.008413461538461538 0.008413461538461538
0 0.18990384615384615 0.1141826923076923 0.007211538461538462 0.010817307692307692
0 0.17908653846153846 0.10216346153846154 0.007211538461538462 0.010817307692307692
0 0.17307692307692307 0.0889423076923077 0.008413461538461538 0.010817307692307692
0 0.15865384615384615 0.08052884615384616 0.010817307692307692 0.008413461538461538
0 0.16466346153846154 0.06971153846153846 0.008413461538461538 0.008413461538461538
0 0.1814903846153846 0.07932692307692307 0.010817307692307692 0.008413461538461538
0 0.14903846153846154 0.07451923076923077 0.008413461538461538 0.008413461538461538
0 0.1502403846153846 0.06610576923076923 0.010817307692307692 0.007211538461538462
0 0.13942307692307693 0.06490384615384616 0.008413461538461538 0.008413461538461538
0 0.12860576923076922 0.056490384615384616 0.008413461538461538 0.008413461538461538
0 0.13942307692307693 0.040865384615384616 0.008413461538461538 0.008413461538461538
0 0.11538461538461539 0.046875 0.013221153846153846 0.008413461538461538
0 0.11057692307692307 0.03485576923076923 0.018028846153846152 0.010817307692307692
0 0.09495192307692307 0.026442307692307692 0.008413461538461538 0.008413461538461538
0 0.0829326923076923 0.020432692307692308 0.008413461538461538 0.008413461538461538
0 0.07211538461538461 0.008413461538461538 0.018028846153846152 0.013221153846153846
0 0.039663461538461536 0.08653846153846154 0.015625 0.010817307692307692
0 0.03485576923076923 0.0673076923076923 0.010817307692307692 0.008413461538461538
0 0.02283653846153846 0.06009615384615385 0.008413461538461538 0.015625
0 0.009615384615384616 0.04927884615384615 0.015625 0.013221153846153846
0 0.08052884615384616 0.08533653846153846 0.013221153846153846 0.008413461538461538
0 0.06610576923076923 0.09375 0.007211538461538462 0.007211538461538462
0 0.0625 0.10697115384615384 0.010817307692307692 0.010817307692307692
0 0.0625 0.11899038461538461 0.013221153846153846 0.008413461538461538
0 0.054086538461538464 0.1346153846153846 0.008413461538461538 0.013221153846153846
0 0.046875 0.14903846153846154 0.013221153846153846 0.008413461538461538
0 0.09615384615384616 0.125 0.010817307692307692 0.010817307692307692
0 0.014423076923076924 0.1814903846153846 0.010817307692307692 0.010817307692307692
0 0.014423076923076924 0.125 0.010817307692307692 0.007211538461538462
0 0.015625 0.13701923076923078 0.008413461538461538 0.008413461538461538
0 0.002403846153846154 0.12980769230769232 0.004807692307692308 0.010817307692307692
0 0.003605769230769231 0.14302884615384615 0.007211538461538462 0.007211538461538462
0 0.8413461538461539 0.8317307692307693 0.015625 0.015625
0 0.8245192307692307 0.8245192307692307 0.013221153846153846 0.013221153846153846
0 0.6165865384615384 0.8173076923076923 0.015625 0.018028846153846152
0 0.6189903846153846 0.4807692307692308 0.02283653846153846 0.015625
0 0.65625 0.5576923076923077 0.010817307692307692 0.015625
0 0.6262019230769231 0.5625 0.013221153846153846 0.013221153846153846
0 0.6514423076923077 0.5817307692307693 0.013221153846153846 0.015625
0 0.6177884615384616 0.9699519230769231 0.015625 0.015625
0 0.390625 0.8461538461538461 0.010817307692307692 0.015625
0 0.3918269230769231 0.7740384615384616 0.018028846153846152 0.015625
0 0.4254807692307692 0.7151442307692307 0.018028846153846152 0.010817307692307692
0 0.5865384615384616 0.9110576923076923 0.015625 0.010817307692307692
0 0.5444711538461539 0.6766826923076923 0.015625 0.010817307692307692
0 0.38461538461538464 0.46274038461538464 0.013221153846153846 0.015625
0 0.39663461538461536 0.53125 0.013221153846153846 0.013221153846153846
0 0.3918269230769231 0.5444711538461539 0.013221153846153846 0.008413461538461538
0 0.39302884615384615 0.5600961538461539 0.020432692307692308 0.010817307692307692
0 0.3918269230769231 0.5745192307692307 0.013221153846153846 0.013221153846153846
0 0.3942307692307692 0.6069711538461539 0.013221153846153846 0.010817307692307692
0 0.38100961538461536 0.6105769230769231 0.008413461538461538 0.013221153846153846
0 0.33413461538461536 0.5036057692307693 0.010817307692307692 0.015625
0 0.3401442307692308 0.5276442307692307 0.008413461538461538 0.007211538461538462
0 0.34134615384615385 0.6286057692307693 0.015625 0.018028846153846152
0 0.390625 0.6370192307692307 0.015625 0.013221153846153846
0 0.3942307692307692 0.6538461538461539 0.008413461538461538 0.010817307692307692
0 0.38822115384615385 0.6682692307692307 0.015625 0.010817307692307692
0 0.3870192307692308 0.6826923076923077 0.013221153846153846 0.013221153846153846
0 0.3870192307692308 0.7007211538461539 0.008413461538461538 0.013221153846153846
0 0.38341346153846156 0.7139423076923077 0.010817307692307692 0.013221153846153846
0 0.3786057692307692 0.7283653846153846 0.013221153846153846 0.010817307692307692
0 0.375 0.7415865384615384 0.010817307692307692 0.010817307692307692
0 0.43028846153846156 0.6165865384615384 0.008413461538461538 0.010817307692307692
0 0.4411057692307692 0.625 0.013221153846153846 0.015625
0 0.013221153846153846 0.265625 0.018028846153846152 0.018028846153846152
0 0.020432692307692308 0.6995192307692307 0.008413461538461538 0.010817307692307692
0 0.004807692307692308 0.7091346153846154 0.008413461538461538 0.008413461538461538