0 0.004807692307692308 0.4206730769230769 0.008413461538461538 0.008413461538461538
0 0.010817307692307692 0.4074519230769231 0.008413461538461538 0.008413461538461538
0 0.01201923076923077 0.3954326923076923 0.010817307692307692 0.010817307692307692
0 0.018028846153846152 0.38221153846153844 0.008413461538461538 0.007211538461538462
0 0.018028846153846152 0.36899038461538464 0.008413461538461538 0.008413461538461538
0 0.016826923076923076 0.35697115384615385 0.007211538461538462 0.007211538461538462
0 0.015625 0.3389423076923077 0.008413461538461538 0.007211538461538462
0 0.013221153846153846 0.32572115384615385 0.008413461538461538 0.010817307692307692
0 0.009615384615384616 0.3125 0.010817307692307692 0.008413461538461538
0 0.004807692307692308 0.3016826923076923 0.009615384615384616 0.009615384615384616
0 0.2620192307692308 0.4026442307692308 0.015625 0.018028846153846152
0 0.25961538461538464 0.4182692307692308 0.015625 0.010817307692307692
0 0.25721153846153844 0.4338942307692308 0.008413461538461538 0.010817307692307692
0 0.2536057692307692 0.44711538461538464 0.010817307692307692 0.010817307692307692
0 0.24879807692307693 0.45913461538461536 0.010817307692307692 0.008413461538461538
0 0.24879807692307693 0.4723557692307692 0.007211538461538462 0.007211538461538462
0 0.24158653846153846 0.484375 0.010817307692307692 0.008413461538461538
0 0.2403846153846154 0.49399038461538464 0.010817307692307692 0.010817307692307692
0 0.23317307692307693 0.5060096153846154 0.010817307692307692 0.010817307692307692
0 0.22716346153846154 0.5192307692307693 0.013221153846153846 0.010817307692307692
0 0.22115384615384615 0.53125 0.013221153846153846 0.008413461538461538
0 0.21514423076923078 0.5444711538461539 0.015625 0.015625
0 0.22596153846153846 0.5564903846153846 0.010817307692307692 0.008413461538461538
0 0.125 0.4266826923076923 0.010817307692307692 0.010817307692307692
0 0.14423076923076922 0.41466346153846156 0.018028846153846152 0.013221153846153846
0 0.14302884615384615 0.42427884615384615 0.010817307692307692 0.010817307692307692
0 0.13822115384615385 0.4375 0.010817307692307692 0.008413461538461538
0 0.13341346153846154 0.4519230769230769 0.008413461538461538 0.010817307692307692
0 0.13221153846153846 0.4651442307692308 0.010817307692307692 0.007211538461538462
0 0.13822115384615385 0.4723557692307692 0.015625 0.010817307692307692
0 0.15384615384615385 0.47596153846153844 0.015625 0.015625
0 0.17427884615384615 0.4855769230769231 0.015625 0.010817307692307692
0 0.1875 0.4891826923076923 0.013221153846153846 0.013221153846153846
0 0.20192307692307693 0.4951923076923077 0.010817307692307692 0.008413461538461538
0 0.21394230769230768 0.4963942307692308 0.008413461538461538 0.010817307692307692
0 0.22235576923076922 0.48197115384615385 0.010817307692307692 0.013221153846153846
0 0.2247596153846154 0.46875 0.013221153846153846 0.008413461538461538
0 0.22716346153846154 0.45552884615384615 0.013221153846153846 0.007211538461538462
0 0.23076923076923078 0.44350961538461536 0.010817307692307692 0.008413461538461538
0 0.23317307692307693 0.42908653846153844 0.010817307692307692 0.010817307692307692
0 0.2403846153846154 0.4050480769230769 0.007211538461538462 0.008413461538461538
0 0.2764423076923077 0.5841346153846154 0.008413461538461538 0.010817307692307692
0 0.28125 0.5697115384615384 0.008413461538461538 0.008413461538461538
0 0.28725961538461536 0.5612980769230769 0.010817307692307692 0.008413461538461538
0 0.2920673076923077 0.5480769230769231 0.010817307692307692 0.010817307692307692
0 0.2980769230769231 0.5360576923076923 0.007211538461538462 0.008413461538461538
0 0.30408653846153844 0.5216346153846154 0.013221153846153846 0.010817307692307692
0 0.3088942307692308 0.5084134615384616 0.008413461538461538 0.008413461538461538
0 0.3173076923076923 0.49278846153846156 0.008413461538461538 0.008413461538461538
0 0.32091346153846156 0.47716346153846156 0.010817307692307692 0.013221153846153846
0 0.3245192307692308 0.46153846153846156 0.013221153846153846 0.013221153846153846
0 0.328125 0.4483173076923077 0.010817307692307692 0.008413461538461538
0 0.3317307692307692 0.42908653846153844 0.020432692307692308 0.015625
0 0.328125 0.6237980769230769 0.007211538461538462 0.008413461538461538
0 0.33533653846153844 0.6153846153846154 0.008413461538461538 0.008413461538461538
0 0.3425480769230769 0.6021634615384616 0.008413461538461538 0.010817307692307692
0 0.34975961538461536 0.5805288461538461 0.007211538461538462 0.008413461538461538
0 0.3557692307692308 0.5661057692307693 0.008413461538461538 0.007211538461538462
0 0.3245192307692308 0.6105769230769231 0.008413461538461538 0.008413461538461538
0 0.33052884615384615 0.5997596153846154 0.010817307692307692 0.007211538461538462
0 0.3317307692307692 0.5901442307692307 0.007211538461538462 0.004807692307692308
0 0.3389423076923077 0.5805288461538461 0.010817307692307692 0.008413461538461538
0 0.3449519230769231 0.5685096153846154 0.008413461538461538 0.010817307692307692
0 0.35096153846153844 0.5552884615384616 0.008413461538461538 0.010817307692307692
0 0.3545673076923077 0.5420673076923077 0.007211538461538462 0.007211538461538462
0 0.359375 0.5288461538461539 0.007211538461538462 0.008413461538461538
0 0.3629807692307692 0.5180288461538461 0.008413461538461538 0.008413461538461538
0 0.37259615384615385 0.515625 0.010817307692307692 0.008413461538461538
0 0.3701923076923077 0.5264423076923077 0.010817307692307692 0.008413461538461538
0 0.36899038461538464 0.5408653846153846 0.008413461538461538 0.013221153846153846
0 0.3641826923076923 0.5528846153846154 0.010817307692307692 0.010817307692307692
0 0.3701923076923077 0.5661057692307693 0.007211538461538462 0.010817307692307692
0 0.3449519230769231 0.6322115384615384 0.008413461538461538 0.010817307692307692
0 0.4110576923076923 0.5084134615384616 0.015625 0.020432692307692308
0 0.453125 0.5168269230769231 0.008413461538461538 0.010817307692307692
0 0.4483173076923077 0.5372596153846154 0.008413461538461538 0.010817307692307692
0 0.4387019230769231 0.5685096153846154 0.008413461538461538 0.010817307692307692
0 0.3954326923076923 0.640625 0.010817307692307692 0.015625
0 0.4014423076923077 0.6153846153846154 0.013221153846153846 0.008413461538461538
0 0.4050480769230769 0.6021634615384616 0.008413461538461538 0.010817307692307692
0 0.40865384615384615 0.5889423076923077 0.010817307692307692 0.010817307692307692
0 0.41947115384615385 0.5853365384615384 0.008413461538461538 0.008413461538461538
0 0.29927884615384615 0.6514423076923077 0.013221153846153846 0.013221153846153846
0 0.2860576923076923 0.6754807692307693 0.013221153846153846 0.013221153846153846
0 0.27884615384615385 0.6911057692307693 0.008413461538461538 0.008413461538461538
0 0.27283653846153844 0.7007211538461539 0.008413461538461538 0.008413461538461538
0 0.25240384615384615 0.7235576923076923 0.008413461538461538 0.013221153846153846
0 0.24519230769230768 0.734375 0.008413461538461538 0.008413461538461538
0 0.23317307692307693 0.7451923076923077 0.010817307692307692 0.013221153846153846
0 0.21754807692307693 0.7668269230769231 0.010817307692307692 0.010817307692307692
0 0.20793269230769232 0.7788461538461539 0.010817307692307692 0.008413461538461538
0 0.2439903846153846 0.7524038461538461 0.010817307692307692 0.013221153846153846
0 0.25721153846153844 0.7584134615384616 0.013221153846153846 0.013221153846153846
0 0.23557692307692307 0.7680288461538461 0.015625 0.013221153846153846
0 0.26322115384615385 0.7307692307692307 0.013221153846153846 0.010817307692307692
0 0.23197115384615385 0.6225961538461539 0.008413461538461538 0.010817307692307692
0 0.234375 0.640625 0.013221153846153846 0.015625
0 0.21754807692307693 0.6574519230769231 0.010817307692307692 0.008413461538461538
0 0.21514423076923078 0.6790865384615384 0.010817307692307692 0.010817307692307692
0 0.20552884615384615 0.6899038461538461 0.008413461538461538 0.007211538461538462
0 0.1971153846153846 0.703125 0.010817307692307692 0.008413461538461538
0 0.1875 0.7115384615384616 0.010817307692307692 0.008413461538461538
0 0.18028846153846154 0.7235576923076923 0.008413461538461538 0.010817307692307692
0 0.16947115384615385 0.734375 0.010817307692307692 0.008413461538461538
0 0.16105769230769232 0.7427884615384616 0.010817307692307692 0.008413461538461538
0 0.15144230769230768 0.7524038461538461 0.010817307692307692 0.008413461538461538
0 0.14423076923076922 0.7608173076923077 0.013221153846153846 0.013221153846153846
0 0.12980769230769232 0.7740384615384616 0.010817307692307692 0.010817307692307692
0 0.109375 0.7596153846153846 0.007211538461538462 0.010817307692307692
0 0.11899038461538461 0.7560096153846154 0.008413461538461538 0.010817307692307692
0 0.1310096153846154 0.7463942307692307 0.008413461538461538 0.010817307692307692
0 0.14423076923076922 0.7403846153846154 0.008413461538461538 0.010817307692307692
0 0.15144230769230768 0.7259615384615384 0.010817307692307692 0.010817307692307692
0 0.17067307692307693 0.7091346153846154 0.008413461538461538 0.008413461538461538
0 0.1814903846153846 0.6995192307692307 0.007211538461538462 0.007211538461538462
0 0.18990384615384615 0.6899038461538461 0.007211538461538462 0.007211538461538462
0 0.051682692307692304 0.7067307692307693 0.008413461538461538 0.008413461538461538
0 0.07091346153846154 0.6971153846153846 0.010817307692307692 0.010817307692307692
0 0.09014423076923077 0.6862980769230769 0.008413461538461538 0.010817307692307692
0 0.0985576923076923 0.6778846153846154 0.008413461538461538 0.013221153846153846
0 0.109375 0.671875 0.010817307692307692 0.010817307692307692
0 0.11658653846153846 0.6622596153846154 0.008413461538461538 0.013221153846153846
0 0.12620192307692307 0.65625 0.008413461538461538 0.010817307692307692
0 0.13942307692307693 0.6418269230769231 0.008413461538461538 0.008413461538461538
0 0.14903846153846154 0.6322115384615384 0.008413461538461538 0.010817307692307692
0 0.15745192307692307 0.6237980769230769 0.008413461538461538 0.013221153846153846
0 0.16826923076923078 0.6129807692307693 0.010817307692307692 0.018028846153846152
0 0.17908653846153846 0.5985576923076923 0.010817307692307692 0.020432692307692308
0 0.18990384615384615 0.59375 0.010817307692307692 0.010817307692307692
0 0.06850961538461539 0.6766826923076923 0.015625 0.010817307692307692
0 0.0829326923076923 0.6634615384615384 0.013221153846153846 0.015625
0 0.09735576923076923 0.6514423076923077 0.013221153846153846 0.015625
0 0.11298076923076923 0.640625 0.018028846153846152 0.015625
0 0.12740384615384615 0.6237980769230769 0.010817307692307692 0.013221153846153846
0 0.13822115384615385 0.6165865384615384 0.010817307692307692 0.015625
0 0.12860576923076922 0.6033653846153846 0.013221153846153846 0.008413461538461538
0 0.11778846153846154 0.59375 0.010817307692307692 0.010817307692307692
0 0.10336538461538461 0.5829326923076923 0.013221153846153846 0.013221153846153846
0 0.09254807692307693 0.5733173076923077 0.008413461538461538 0.010817307692307692
0 0.051682692307692304 0.6670673076923077 0.013221153846153846 0.013221153846153846
0 0.042067307692307696 0.6490384615384616 0.010817307692307692 0.013221153846153846
0 0.03365384615384615 0.6322115384615384 0.013221153846153846 0.010817307692307692
0 0.025240384615384616 0.6153846153846154 0.013221153846153846 0.013221153846153846
0 0.016826923076923076 0.5985576923076923 0.015625 0.013221153846153846
0 0.030048076923076924 0.5889423076923077 0.010817307692307692 0.015625
0 0.04326923076923077 0.5793269230769231 0.008413461538461538 0.013221153846153846
0 0.055288461538461536 0.5673076923076923 0.015625 0.018028846153846152
0 0.07091346153846154 0.5552884615384616 0.015625 0.015625
0 0.08173076923076923 0.5637019230769231 0.010817307692307692 0.015625
0 0.20072115384615385 0.7884615384615384 0.008413461538461538 0.008413461538461538
0 0.18990384615384615 0.7956730769230769 0.007211538461538462 0.010817307692307692
0 0.17908653846153846 0.8076923076923077 0.007211538461538462 0.010817307692307692
0 0.17307692307692307 0.8209134615384616 0.008413461538461538 0.010817307692307692
0 0.15865384615384615 0.8293269230769231 0.010817307692307692 0.008413461538461538
0 0.16466346153846154 0.8401442307692307 0.008413461538461538 0.008413461538461538
0 0.1814903846153846 0.8305288461538461 0.010817307692307692 0.008413461538461538
0 0.14903846153846154 0.8353365384615384 0.008413461538461538 0.008413461538461538
0 0.1502403846153846 0.84375 0.010817307692307692 0.007211538461538462
0 0.13942307692307693 0.8449519230769231 0.008413461538461538 0.008413461538461538
0 0.12860576923076922 0.8533653846153846 0.008413461538461538 0.008413461538461538
0 0.13942307692307693 0.8689903846153846 0.008413461538461538 0.008413461538461538
0 0.11538461538461539 0.8629807692307693 0.013221153846153846 0.008413461538461538
0 0.11057692307692307 0.875 0.018028846153846152 0.010817307692307692
0 0.09495192307692307 0.8834134615384616 0.008413461538461538 0.008413461538461538
0 0.0829326923076923 0.8894230769230769 0.008413461538461538 0.008413461538461538
0 0.07211538461538461 0.9014423076923077 0.018028846153846152 0.013221153846153846
0 0.039663461538461536 0.8233173076923077 0.015625 0.010817307692307692
0 0.03485576923076923 0.8425480769230769 0.010817307692307692 0.008413461538461538
0 0.02283653846153846 0.8497596153846154 0.008413461538461538 0.015625
0 0.009615384615384616 0.8605769230769231 0.015625 0.013221153846153846
0 0.08052884615384616 0.8245192307692307 0.013221153846153846 0.008413461538461538
0 0.06610576923076923 0.8161057692307693 0.007211538461538462 0.007211538461538462
0 0.0625 0.8028846153846154 0.010817307692307692 0.010817307692307692
0 0.0625 0.7908653846153846 0.013221153846153846 0.008413461538461538
0 0.054086538461538464 0.7752403846153846 0.008413461538461538 0.013221153846153846
0 0.046875 0.7608173076923077 0.013221153846153846 0.008413461538461538
0 0.09615384615384616 0.7848557692307693 0.010817307692307692 0.010817307692307692
0 0.014423076923076924 0.7283653846153846 0.010817307692307692 0.010817307692307692
0 0.014423076923076924 0.7848557692307693 0.010817307692307692 0.007211538461538462
0 0.015625 0.7728365384615384 0.008413461538461538 0.008413461538461538
0 0.002403846153846154 0.78125 0.004807692307692308 0.010817307692307692
0 0.003605769230769231 0.7668269230769231 0.007211538461538462 0.007211538461538462
0 0.8413461538461539 0.078125 0.015625 0.015625
0 0.8245192307692307 0.08533653846153846 0.013221153846153846 0.013221153846153846
0 0.6165865384615384 0.09254807692307693 0.015625 0.018028846153846152
0 0.390625 0.06370192307692307 0.010817307692307692 0.015625
0 0.3918269230769231 0.13581730769230768 0.018028846153846152 0.015625
0 0.4254807692307692 0.19471153846153846 0.018028846153846152 0.010817307692307692
0 0.5444711538461539 0.23317307692307693 0.015625 0.010817307692307692
0 0.38461538461538464 0.44711538461538464 0.013221153846153846 0.015625
0 0.39663461538461536 0.3786057692307692 0.013221153846153846 0.013221153846153846
0 0.3918269230769231 0.36538461538461536 0.013221153846153846 0.008413461538461538
0 0.39302884615384615 0.34975961538461536 0.020432692307692308 0.010817307692307692
0 0.3918269230769231 0.33533653846153844 0.013221153846153846 0.013221153846153846
0 0.3942307692307692 0.30288461538461536 0.013221153846153846 0.010817307692307692
0 0.38100961538461536 0.29927884615384615 0.008413461538461538 0.013221153846153846
0 0.33413461538461536 0.40625 0.010817307692307692 0.015625
0 0.3401442307692308 0.38221153846153844 0.008413461538461538 0.007211538461538462
0 0.34134615384615385 0.28125 0.015625 0.018028846153846152
0 0.390625 0.27283653846153844 0.015625 0.013221153846153846
0 0.3942307692307692 0.25600961538461536 0.008413461538461538 0.010817307692307692
0 0.38822115384615385 0.24158653846153846 0.015625 0.010817307692307692
0 0.3870192307692308 0.22716346153846154 0.013221153846153846 0.013221153846153846
0 0.3870192307692308 0.2091346153846154 0.008413461538461538 0.013221153846153846
0 0.38341346153846156 0.19591346153846154 0.010817307692307692 0.013221153846153846
0 0.3786057692307692 0.1814903846153846 0.013221153846153846 0.010817307692307692
0 0.375 0.16826923076923078 0.010817307692307692 0.010817307692307692
0 0.43028846153846156 0.29447115384615385 0.008413461538461538 0.010817307692307692
0 0.4411057692307692 0.2848557692307692 0.013221153846153846 0.015625
0 0.013221153846153846 0.6442307692307693 0.018028846153846152 0.018028846153846152
0 0.020432692307692308 0.21033653846153846 0.008413461538461538 0.010817307692307692
0 0.004807692307692308 0.20072115384615385 0.008413461538461538 0.008413461538461538
0 0.29447115384615385 0.004807692307692308 0.010817307692307692 0.009615384615384616
0 0.3016826923076923 0.015625 0.008413461538461538 0.008413461538461538
0 0.3112980769230769 0.028846153846153848 0.013221153846153846 0.013221153846153846
0 0.3173076923076923 0.04447115384615385 0.008413461538461538 0.008413461538461538
0 0.3293269230769231 0.06610576923076923 0.008413461538461538 0.007211538461538462
0 0.33052884615384615 0.0829326923076923 0.008413461538461538 0.008413461538461538
0 0.35336538461538464 0.12259615384615384 0.008413461538461538 0.010817307692307692
0 0.34615384615384615 0.10697115384615384 0.010817307692307692 0.010817307692307692
0 0.3557692307692308 0.13942307692307693 0.008413461538461538 0.013221153846153846
0 0.2980769230769231 0.14423076923076922 0.007211538461538462 0.013221153846153846
0 0.13822115384615385 0.056490384615384616 0.020432692307692308 0.026442307692307692
0 0.3473557692307692 0.7115384615384616 0.008413461538461538 0.008413461538461538
0 0.35096153846153844 0.6995192307692307 0.008413461538461538 0.007211538461538462
0 0.3641826923076923 0.6875 0.010817307692307692 0.004807692307692308
0 0.3581730769230769 0.6682692307692307 0.008413461538461538 0.007211538461538462
0 0.33653846153846156 0.6742788461538461 0.007211538461538462 0.007211538461538462
0 0.3329326923076923 0.6875 0.008413461538461538 0.010817307692307692