0 0.6971153846153846 0.6586538461538461 0.020432692307692308 0.015625
0 0.6430288461538461 0.6574519230769231 0.007211538461538462 0.013221153846153846
0 0.7247596153846154 0.65625 0.02283653846153846 0.015625
0 0.9375 0.6995192307692307 0.010817307692307692 0.015625
0 0.9194711538461539 0.6935096153846154 0.015625 0.013221153846153846
0 0.6310096153846154 0.9110576923076923 0.018028846153846152 0.015625
0 0.6358173076923077 0.9350961538461539 0.020432692307692308 0.018028846153846152
0 0.6502403846153846 0.9507211538461539 0.020432692307692308 0.013221153846153846
0 0.6670673076923077 0.9591346153846154 0.013221153846153846 0.013221153846153846
0 0.6706730769230769 0.9735576923076923 0.013221153846153846 0.008413461538461538
0 0.5961538461538461 0.9447115384615384 0.015625 0.015625
0 0.35336538461538464 0.6947115384615384 0.02283653846153846 0.020432692307692308
0 0.3161057692307692 0.6538461538461539 0.025240384615384616 0.015625
0 0.2247596153846154 0.6838942307692307 0.013221153846153846 0.015625
0 0.20192307692307693 0.6911057692307693 0.020432692307692308 0.013221153846153846
0 0.33774038461538464 0.7379807692307693 0.018028846153846152 0.015625
0 0.3605769230769231 0.7355769230769231 0.013221153846153846 0.015625
0 0.39302884615384615 0.9675480769230769 0.010817307692307692 0.015625
0 0.49158653846153844 0.9663461538461539 0.018028846153846152 0.02283653846153846
0 0.47836538461538464 0.9375 0.028846153846153848 0.026442307692307692
0 0.25961538461538464 0.8810096153846154 0.015625 0.018028846153846152
0 0.34375 0.9182692307692307 0.025240384615384616 0.020432692307692308
0 0.4230769230769231 0.9435096153846154 0.02283653846153846 0.02283653846153846
0 0.4375 0.8966346153846154 0.013221153846153846 0.018028846153846152
0 0.9747596153846154 0.7043269230769231 0.008413461538461538 0.010817307692307692
0 0.3894230769230769 0.6574519230769231 0.013221153846153846 0.013221153846153846
0 0.30288461538461536 0.8509615384615384 0.015625 0.018028846153846152
0 0.3870192307692308 0.9266826923076923 0.013221153846153846 0.015625