0 0.1310096153846154 0.39903846153846156 0.008413461538461538 0.013221153846153846
0 0.14423076923076922 0.40024038461538464 0.008413461538461538 0.010817307692307692
0 0.14783653846153846 0.42908653846153844 0.010817307692307692 0.010817307692307692
0 0.1141826923076923 0.42427884615384615 0.015625 0.020432692307692308
0 0.11658653846153846 0.44711538461538464 0.007211538461538462 0.010817307692307692
0 0.125 0.44711538461538464 0.007211538461538462 0.010817307692307692
0 0.14302884615384615 0.4519230769230769 0.015625 0.007211538461538462
0 0.13822115384615385 0.47475961538461536 0.010817307692307692 0.013221153846153846
0 0.15745192307692307 0.46274038461538464 0.013221153846153846 0.010817307692307692
0 0.12259615384615384 0.46153846153846156 0.015625 0.008413461538461538
0 0.13221153846153846 0.4326923076923077 0.010817307692307692 0.008413461538461538
0 0.14543269230769232 0.41466346153846156 0.010817307692307692 0.008413461538461538
0 0.1778846153846154 0.4831730769230769 0.013221153846153846 0.015625
0 0.17668269230769232 0.5504807692307693 0.010817307692307692 0.015625
0 0.1778846153846154 0.5685096153846154 0.018028846153846152 0.015625
0 0.028846153846153848 0.4362980769230769 0.008413461538461538 0.010817307692307692
0 0.019230769230769232 0.41947115384615385 0.010817307692307692 0.010817307692307692
0 0.008413461538461538 0.41466346153846156 0.007211538461538462 0.008413461538461538
0 0.027644230769230768 0.47115384615384615 0.010817307692307692 0.013221153846153846
0 0.01201923076923077 0.4735576923076923 0.007211538461538462 0.013221153846153846
0 0.03485576923076923 0.49759615384615385 0.010817307692307692 0.008413461538461538
0 0.02283653846153846 0.5024038461538461 0.008413461538461538 0.008413461538461538
0 0.03125 0.5072115384615384 0.008413461538461538 0.008413461538461538
0 0.003605769230769231 0.5228365384615384 0.007211538461538462 0.009615384615384616
0 0.019230769230769232 0.5625 0.010817307692307692 0.010817307692307692
0 0.008413461538461538 0.5384615384615384 0.007211538461538462 0.008413461538461538
0 0.06009615384615385 0.5540865384615384 0.007211538461538462 0.008413461538461538
0 0.052884615384615384 0.5889423076923077 0.007211538461538462 0.007211538461538462
0 0.056490384615384616 0.5973557692307693 0.008413461538461538 0.008413461538461538
0 0.0673076923076923 0.47596153846153844 0.008413461538461538 0.007211538461538462
0 0.04326923076923077 0.7644230769230769 0.018028846153846152 0.020432692307692308
0 0.14182692307692307 0.9110576923076923 0.013221153846153846 0.010817307692307692
0 0.18269230769230768 0.8798076923076923 0.008413461538461538 0.015625
0 0.19230769230769232 0.8786057692307693 0.010817307692307692 0.013221153846153846
0 0.03485576923076923 0.8882211538461539 0.010817307692307692 0.015625
0 0.05889423076923077 0.9002403846153846 0.008413461538461538 0.007211538461538462
0 0.12620192307692307 0.9134615384615384 0.013221153846153846 0.015625
0 0.1778846153846154 0.5276442307692307 0.018028846153846152 0.015625