0 0.019230769230769232 0.9903846153846154 0.010817307692307692 0.010817307692307692
0 0.015625 0.9771634615384616 0.013221153846153846 0.013221153846153846
0 0.016826923076923076 0.9639423076923077 0.010817307692307692 0.008413461538461538
0 0.010817307692307692 0.9375 0.013221153846153846 0.013221153846153846
0 0.014423076923076924 0.9206730769230769 0.010817307692307692 0.013221153846153846
0 0.015625 0.9050480769230769 0.013221153846153846 0.008413461538461538
0 0.01201923076923077 0.8930288461538461 0.010817307692307692 0.010817307692307692
0 0.010817307692307692 0.8786057692307693 0.013221153846153846 0.008413461538461538
0 0.01201923076923077 0.8641826923076923 0.010817307692307692 0.010817307692307692
0 0.013221153846153846 0.8497596153846154 0.013221153846153846 0.010817307692307692
0 0.013221153846153846 0.8353365384615384 0.008413461538461538 0.008413461538461538
0 0.01201923076923077 0.8197115384615384 0.010817307692307692 0.013221153846153846
0 0.013221153846153846 0.8076923076923077 0.013221153846153846 0.007211538461538462
0 0.01201923076923077 0.7956730769230769 0.010817307692307692 0.010817307692307692
0 0.009615384615384616 0.7800480769230769 0.019230769230769232 0.016826923076923076
0 0.03365384615384615 0.9230769230769231 0.013221153846153846 0.013221153846153846
0 0.039663461538461536 0.9038461538461539 0.010817307692307692 0.010817307692307692
0 0.037259615384615384 0.8846153846153846 0.015625 0.013221153846153846
0 0.03365384615384615 0.8665865384615384 0.013221153846153846 0.013221153846153846
0 0.03245192307692308 0.8461538461538461 0.010817307692307692 0.010817307692307692
0 0.03365384615384615 0.8293269230769231 0.008413461538461538 0.013221153846153846
0 0.03365384615384615 0.8125 0.013221153846153846 0.015625
0 0.03485576923076923 0.7932692307692307 0.025240384615384616 0.013221153846153846
0 0.03125 0.7716346153846154 0.018028846153846152 0.020432692307692308
0 0.052884615384615384 0.9026442307692307 0.010817307692307692 0.013221153846153846
0 0.051682692307692304 0.8858173076923077 0.008413461538461538 0.010817307692307692
0 0.051682692307692304 0.8641826923076923 0.008413461538461538 0.010817307692307692
0 0.04807692307692308 0.8413461538461539 0.015625 0.010817307692307692
0 0.07211538461538461 0.9194711538461539 0.013221153846153846 0.013221153846153846
0 0.07211538461538461 0.9002403846153846 0.008413461538461538 0.010817307692307692
0 0.07091346153846154 0.8786057692307693 0.010817307692307692 0.013221153846153846
0 0.07091346153846154 0.8617788461538461 0.010817307692307692 0.010817307692307692
0 0.07091346153846154 0.8425480769230769 0.010817307692307692 0.013221153846153846
0 0.06850961538461539 0.8257211538461539 0.010817307692307692 0.010817307692307692
0 0.07091346153846154 0.8064903846153846 0.015625 0.013221153846153846
0 0.06971153846153846 0.7884615384615384 0.018028846153846152 0.018028846153846152
0 0.06490384615384616 0.7704326923076923 0.018028846153846152 0.013221153846153846
0 0.09134615384615384 0.9014423076923077 0.015625 0.018028846153846152
0 0.09134615384615384 0.8798076923076923 0.015625 0.015625
0 0.08774038461538461 0.8641826923076923 0.008413461538461538 0.010817307692307692
0 0.09014423076923077 0.8461538461538461 0.013221153846153846 0.015625
0 0.08653846153846154 0.8257211538461539 0.010817307692307692 0.010817307692307692
0 0.09014423076923077 0.8076923076923077 0.013221153846153846 0.015625
0 0.0889423076923077 0.7884615384615384 0.015625 0.018028846153846152
0 0.08653846153846154 0.7704326923076923 0.010817307692307692 0.013221153846153846
0 0.109375 0.9158653846153846 0.010817307692307692 0.010817307692307692
0 0.10817307692307693 0.8990384615384616 0.008413461538461538 0.008413461538461538
0 0.109375 0.8798076923076923 0.010817307692307692 0.015625
0 0.10576923076923077 0.8269230769230769 0.013221153846153846 0.013221153846153846
0 0.10576923076923077 0.8064903846153846 0.008413461538461538 0.013221153846153846
0 0.10817307692307693 0.7872596153846154 0.008413461538461538 0.015625
0 0.10697115384615384 0.7680288461538461 0.015625 0.013221153846153846
0 0.10216346153846154 0.7319711538461539 0.020432692307692308 0.02283653846153846
0 0.1201923076923077 0.7319711538461539 0.015625 0.013221153846153846
0 0.13701923076923078 0.7283653846153846 0.013221153846153846 0.010817307692307692
0 0.13701923076923078 0.7475961538461539 0.008413461538461538 0.013221153846153846
0 0.14182692307692307 0.7872596153846154 0.013221153846153846 0.015625
0 0.125 0.8052884615384616 0.015625 0.020432692307692308
0 0.125 0.8605769230769231 0.015625 0.018028846153846152
0 0.12740384615384615 0.8786057692307693 0.015625 0.013221153846153846
0 0.14302884615384615 0.8990384615384616 0.015625 0.013221153846153846
0 0.14543269230769232 0.8629807692307693 0.015625 0.013221153846153846
0 0.140625 0.8257211538461539 0.010817307692307692 0.015625
0 0.015625 0.59375 0.013221153846153846 0.015625
0 0.030048076923076924 0.5925480769230769 0.015625 0.013221153846153846