0 0.9194711538461539 0.04447115384615385 0.008413461538461538 0.010817307692307692
0 0.8305288461538461 0.003605769230769231 0.009615384615384616 0.007211538461538462
0 0.8449519230769231 0.10576923076923077 0.008413461538461538 0.008413461538461538
0 0.921875 0.08774038461538461 0.010817307692307692 0.013221153846153846
0 0.9375 0.09615384615384616 0.010817307692307692 0.010817307692307692
0 0.9615384615384616 0.1778846153846154 0.013221153846153846 0.013221153846153846
0 0.9326923076923077 0.19230769230769232 0.013221153846153846 0.010817307692307692
0 0.9206730769230769 0.19831730769230768 0.013221153846153846 0.013221153846153846
0 0.90625 0.1935096153846154 0.010817307692307692 0.013221153846153846
0 0.9795673076923077 0.1814903846153846 0.008413461538461538 0.010817307692307692
0 0.8629807692307693 0.203125 0.013221153846153846 0.013221153846153846
0 0.8557692307692307 0.15144230769230768 0.008413461538461538 0.008413461538461538
0 0.9711538461538461 0.24759615384615385 0.008413461538461538 0.013221153846153846