0 0.5492788461538461 0.16706730769230768 0.013221153846153846 0.013221153846153846
0 0.5336538461538461 0.1778846153846154 0.008413461538461538 0.008413461538461538
0 0.5492788461538461 0.2439903846153846 0.008413461538461538 0.010817307692307692
0 0.5612980769230769 0.23798076923076922 0.008413461538461538 0.007211538461538462
0 0.5372596153846154 0.2536057692307692 0.007211538461538462 0.007211538461538462
0 0.5288461538461539 0.2692307692307692 0.008413461538461538 0.010817307692307692
0 0.5120192307692307 0.2860576923076923 0.010817307692307692 0.008413461538461538
0 0.5048076923076923 0.2956730769230769 0.008413461538461538 0.010817307692307692
0 0.49158653846153844 0.30528846153846156 0.010817307692307692 0.010817307692307692
0 0.5108173076923077 0.20552884615384615 0.008413461538461538 0.010817307692307692
0 0.5228365384615384 0.18870192307692307 0.013221153846153846 0.013221153846153846
0 0.5336538461538461 0.21394230769230768 0.004807692307692308 0.004807692307692308
0 0.5252403846153846 0.21995192307692307 0.008413461538461538 0.007211538461538462
0 0.5192307692307693 0.22956730769230768 0.007211538461538462 0.008413461538461538
0 0.5120192307692307 0.234375 0.007211538461538462 0.004807692307692308
0 0.4963942307692308 0.24759615384615385 0.007211538461538462 0.008413461538461538
0 0.484375 0.2620192307692308 0.008413461538461538 0.007211538461538462
0 0.47475961538461536 0.27403846153846156 0.013221153846153846 0.010817307692307692
0 0.48197115384615385 0.23197115384615385 0.008413461538461538 0.008413461538461538
0 0.4723557692307692 0.24759615384615385 0.010817307692307692 0.013221153846153846
0 0.4579326923076923 0.25600961538461536 0.007211538461538462 0.007211538461538462
0 0.5 0.21153846153846154 0.008413461538461538 0.008413461538461538
0 0.4651442307692308 0.33533653846153844 0.007211538461538462 0.008413461538461538
0 0.45552884615384615 0.34375 0.004807692307692308 0.007211538461538462
0 0.44711538461538464 0.35697115384615385 0.007211538461538462 0.010817307692307692
0 0.43509615384615385 0.36899038461538464 0.008413461538461538 0.008413461538461538
0 0.4567307692307692 0.3137019230769231 0.013221153846153846 0.010817307692307692
0 0.4387019230769231 0.33533653846153844 0.008413461538461538 0.008413461538461538
0 0.49158653846153844 0.2800480769230769 0.007211538461538462 0.007211538461538462
0 0.4495192307692308 0.2776442307692308 0.007211538461538462 0.010817307692307692
0 0.44471153846153844 0.265625 0.010817307692307692 0.008413461538461538
0 0.43149038461538464 0.2764423076923077 0.007211538461538462 0.008413461538461538
0 0.4375 0.2920673076923077 0.008413461538461538 0.010817307692307692
0 0.41947115384615385 0.28966346153846156 0.007211538461538462 0.007211538461538462
0 0.4230769230769231 0.30288461538461536 0.013221153846153846 0.010817307692307692
0 0.4110576923076923 0.3125 0.010817307692307692 0.008413461538461538
0 0.3942307692307692 0.3245192307692308 0.008413461538461538 0.008413461538461538
0 0.38461538461538464 0.34375 0.013221153846153846 0.010817307692307692
0 0.36658653846153844 0.3557692307692308 0.008413461538461538 0.008413461538461538
0 0.3605769230769231 0.3701923076923077 0.013221153846153846 0.010817307692307692
0 0.3425480769230769 0.38100961538461536 0.008413461538461538 0.008413461538461538
0 0.33413461538461536 0.4026442307692308 0.007211538461538462 0.008413461538461538
0 0.31971153846153844 0.4074519230769231 0.008413461538461538 0.008413461538461538
0 0.3293269230769231 0.43028846153846156 0.008413461538461538 0.008413461538461538
0 0.3088942307692308 0.4230769230769231 0.008413461538461538 0.008413461538461538
0 0.2848557692307692 0.45072115384615385 0.010817307692307692 0.008413461538461538
0 0.2704326923076923 0.46634615384615385 0.008413461538461538 0.008413461538461538
0 0.40625 0.4014423076923077 0.007211538461538462 0.008413461538461538
0 0.41947115384615385 0.4483173076923077 0.008413461538461538 0.008413461538461538
0 0.43149038461538464 0.46634615384615385 0.010817307692307692 0.008413461538461538
0 0.29447115384615385 0.4951923076923077 0.008413461538461538 0.008413461538461538
0 0.3125 0.4735576923076923 0.008413461538461538 0.010817307692307692
0 0.3473557692307692 0.41346153846153844 0.008413461538461538 0.007211538461538462
0 0.3641826923076923 0.40024038461538464 0.007211538461538462 0.007211538461538462
0 0.38341346153846156 0.3798076923076923 0.008413461538461538 0.007211538461538462
0 0.3942307692307692 0.3641826923076923 0.008413461538461538 0.007211538461538462
0 0.41947115384615385 0.3329326923076923 0.010817307692307692 0.008413461538461538
0 0.4639423076923077 0.2932692307692308 0.008413461538461538 0.008413461538461538
0 0.27884615384615385 0.4879807692307692 0.008413461538461538 0.007211538461538462
0 0.24759615384615385 0.48677884615384615 0.018028846153846152 0.018028846153846152
0 0.234375 0.5072115384615384 0.008413461538461538 0.013221153846153846
0 0.2127403846153846 0.4579326923076923 0.007211538461538462 0.007211538461538462
0 0.24759615384615385 0.546875 0.008413461538461538 0.008413461538461538
0 0.4699519230769231 0.8774038461538461 0.007211538461538462 0.007211538461538462
0 0.4567307692307692 0.8545673076923077 0.008413461538461538 0.007211538461538462
0 0.5024038461538461 0.8617788461538461 0.008413461538461538 0.007211538461538462
0 0.4879807692307692 0.8834134615384616 0.007211538461538462 0.008413461538461538
0 0.4723557692307692 0.8978365384615384 0.007211538461538462 0.007211538461538462
0 0.6418269230769231 0.8473557692307693 0.008413461538461538 0.008413461538461538
0 0.6370192307692307 0.8557692307692307 0.008413461538461538 0.008413461538461538
0 0.625 0.8617788461538461 0.007211538461538462 0.007211538461538462
0 0.6334134615384616 0.8377403846153846 0.008413461538461538 0.008413461538461538
0 0.6334134615384616 0.8810096153846154 0.008413461538461538 0.008413461538461538
0 0.6189903846153846 0.8870192307692307 0.008413461538461538 0.008413461538461538
0 0.9266826923076923 0.5793269230769231 0.010817307692307692 0.013221153846153846
0 0.9603365384615384 0.6069711538461539 0.015625 0.015625
0 0.5612980769230769 0.007211538461538462 0.018028846153846152 0.013221153846153846
0 0.546875 0.01201923076923077 0.018028846153846152 0.015625
0 0.5360576923076923 0.030048076923076924 0.018028846153846152 0.015625
0 0.5240384615384616 0.046875 0.015625 0.013221153846153846
0 0.5084134615384616 0.056490384615384616 0.013221153846153846 0.013221153846153846
0 0.49278846153846156 0.06610576923076923 0.008413461538461538 0.010817307692307692
0 0.5264423076923077 0.008413461538461538 0.010817307692307692 0.013221153846153846
0 0.3233173076923077 0.028846153846153848 0.015625 0.018028846153846152
0 0.4699519230769231 0.09495192307692307 0.010817307692307692 0.013221153846153846
0 0.46153846153846156 0.11057692307692307 0.018028846153846152 0.013221153846153846
0 0.4495192307692308 0.1346153846153846 0.010817307692307692 0.013221153846153846
0 0.41225961538461536 0.15985576923076922 0.013221153846153846 0.013221153846153846
0 0.3894230769230769 0.1875 0.013221153846153846 0.010817307692307692
0 0.37259615384615385 0.20673076923076922 0.015625 0.013221153846153846
0 0.359375 0.22355769230769232 0.020432692307692308 0.008413461538461538
0 0.3317307692307692 0.24158653846153846 0.015625 0.010817307692307692
0 0.32091346153846156 0.2608173076923077 0.015625 0.013221153846153846
0 0.2800480769230769 0.2956730769230769 0.010817307692307692 0.010817307692307692
0 0.29447115384615385 0.2860576923076923 0.008413461538461538 0.013221153846153846
0 0.3112980769230769 0.203125 0.018028846153846152 0.018028846153846152
0 0.3269230769230769 0.18629807692307693 0.008413461538461538 0.010817307692307692
0 0.25721153846153844 0.3293269230769231 0.013221153846153846 0.018028846153846152
0 0.2439903846153846 0.34134615384615385 0.015625 0.015625
0 0.22115384615384615 0.3701923076923077 0.013221153846153846 0.015625
0 0.20552884615384615 0.38100961538461536 0.010817307692307692 0.013221153846153846
0 0.17067307692307693 0.421875 0.013221153846153846 0.010817307692307692
0 0.15264423076923078 0.44711538461538464 0.013221153846153846 0.010817307692307692
0 0.13701923076923078 0.4675480769230769 0.018028846153846152 0.015625
0 0.1141826923076923 0.49158653846153844 0.020432692307692308 0.018028846153846152
0 0.0985576923076923 0.5084134615384616 0.013221153846153846 0.018028846153846152
0 0.08413461538461539 0.5276442307692307 0.020432692307692308 0.020432692307692308
0 0.055288461538461536 0.5576923076923077 0.015625 0.015625
0 0.04326923076923077 0.5757211538461539 0.013221153846153846 0.015625
0 0.21634615384615385 0.5576923076923077 0.008413461538461538 0.010817307692307692
0 0.22235576923076922 0.5709134615384616 0.010817307692307692 0.010817307692307692
0 0.19831730769230768 0.5769230769230769 0.008413461538461538 0.008413461538461538
0 0.18629807692307693 0.5901442307692307 0.007211538461538462 0.008413461538461538
0 0.20432692307692307 0.5925480769230769 0.010817307692307692 0.008413461538461538
0 0.15985576923076922 0.5889423076923077 0.008413461538461538 0.010817307692307692
0 0.14423076923076922 0.6057692307692307 0.008413461538461538 0.008413461538461538
0 0.1201923076923077 0.6310096153846154 0.010817307692307692 0.008413461538461538
0 0.11057692307692307 0.6478365384615384 0.013221153846153846 0.010817307692307692
0 0.09615384615384616 0.6598557692307693 0.010817307692307692 0.008413461538461538
0 0.08413461538461539 0.6706730769230769 0.007211538461538462 0.008413461538461538
0 0.0625 0.6213942307692307 0.008413461538461538 0.008413461538461538
0 0.08173076923076923 0.6009615384615384 0.010817307692307692 0.008413461538461538
0 0.09134615384615384 0.5913461538461539 0.007211538461538462 0.007211538461538462
0 0.10336538461538461 0.5817307692307693 0.008413461538461538 0.007211538461538462
0 0.109375 0.5697115384615384 0.010817307692307692 0.008413461538461538
0 0.12139423076923077 0.5600961538461539 0.008413461538461538 0.007211538461538462
0 0.13341346153846154 0.5480769230769231 0.008413461538461538 0.007211538461538462
0 0.06971153846153846 0.7235576923076923 0.018028846153846152 0.010817307692307692
0 0.046875 0.7415865384615384 0.008413461538461538 0.007211538461538462
0 0.04326923076923077 0.7572115384615384 0.008413461538461538 0.008413461538461538
0 0.028846153846153848 0.7680288461538461 0.008413461538461538 0.008413461538461538
0 0.01201923076923077 0.7824519230769231 0.007211538461538462 0.010817307692307692
0 0.003605769230769231 0.7944711538461539 0.007211538461538462 0.010817307692307692
0 0.09134615384615384 0.7007211538461539 0.007211538461538462 0.008413461538461538
0 0.08052884615384616 0.7103365384615384 0.007211538461538462 0.007211538461538462
0 0.07572115384615384 0.6875 0.010817307692307692 0.007211538461538462
0 0.056490384615384616 0.6959134615384616 0.008413461538461538 0.004807692307692308
0 0.04567307692307692 0.7151442307692307 0.015625 0.007211538461538462
0 0.03365384615384615 0.7247596153846154 0.008413461538461538 0.008413461538461538
0 0.01201923076923077 0.7475961538461539 0.010817307692307692 0.008413461538461538
0 0.15264423076923078 0.41225961538461536 0.013221153846153846 0.008413461538461538
0 0.13942307692307693 0.4254807692307692 0.013221153846153846 0.008413461538461538
0 0.12980769230769232 0.4411057692307692 0.007211538461538462 0.008413461538461538
0 0.11658653846153846 0.4495192307692308 0.008413461538461538 0.007211538461538462
0 0.18629807692307693 0.37259615384615385 0.010817307692307692 0.010817307692307692
0 0.1935096153846154 0.3942307692307692 0.013221153846153846 0.008413461538461538
0 0.21634615384615385 0.33774038461538464 0.013221153846153846 0.008413461538461538
0 0.2439903846153846 0.30649038461538464 0.010817307692307692 0.008413461538461538
0 0.25600961538461536 0.2980769230769231 0.010817307692307692 0.007211538461538462
0 0.3173076923076923 0.3425480769230769 0.008413461538461538 0.008413461538461538
0 0.2980769230769231 0.359375 0.007211538461538462 0.010817307692307692
0 0.28365384615384615 0.38341346153846156 0.008413461538461538 0.004807692307692308
0 0.27163461538461536 0.390625 0.007211538461538462 0.007211538461538462
0 0.2608173076923077 0.4050480769230769 0.004807692307692308 0.008413461538461538
0 0.2548076923076923 0.41466346153846156 0.008413461538461538 0.004807692307692308
0 0.36778846153846156 0.28725961538461536 0.010817307692307692 0.010817307692307692
0 0.3786057692307692 0.27403846153846156 0.008413461538461538 0.007211538461538462
0 0.390625 0.2668269230769231 0.010817307692307692 0.007211538461538462
0 0.39783653846153844 0.25721153846153844 0.010817307692307692 0.008413461538461538
0 0.4375 0.21394230769230768 0.008413461538461538 0.008413461538461538
0 0.4579326923076923 0.19230769230769232 0.010817307692307692 0.010817307692307692
0 0.46875 0.18028846153846154 0.008413461538461538 0.008413461538461538
0 0.35336538461538464 0.16105769230769232 0.008413461538461538 0.007211538461538462
0 0.3641826923076923 0.1502403846153846 0.010817307692307692 0.007211538461538462
0 0.37740384615384615 0.13341346153846154 0.007211538461538462 0.008413461538461538
0 0.390625 0.15384615384615385 0.010817307692307692 0.007211538461538462
0 0.28365384615384615 0.2283653846153846 0.008413461538461538 0.007211538461538462
0 0.25841346153846156 0.25600961538461536 0.010817307692307692 0.007211538461538462
0 0.24158653846153846 0.27163461538461536 0.008413461538461538 0.010817307692307692
0 0.16947115384615385 0.34975961538461536 0.008413461538461538 0.007211538461538462
0 0.15745192307692307 0.3629807692307692 0.008413461538461538 0.008413461538461538
0 0.14543269230769232 0.3762019230769231 0.010817307692307692 0.013221153846153846
0 0.009615384615384616 0.25240384615384615 0.010817307692307692 0.008413461538461538
0 0.1466346153846154 0.1346153846153846 0.018028846153846152 0.03125
0 0.13221153846153846 0.1778846153846154 0.015625 0.026442307692307692
0 0.12139423076923077 0.15745192307692307 0.008413461538461538 0.008413461538461538
0 0.11658653846153846 0.036057692307692304 0.010817307692307692 0.008413461538461538
0 0.109375 0.06009615384615385 0.015625 0.010817307692307692
0 0.14783653846153846 0.5300480769230769 0.010817307692307692 0.010817307692307692
0 0.15985576923076922 0.5204326923076923 0.008413461538461538 0.008413461538461538
0 0.04567307692307692 0.6442307692307693 0.010817307692307692 0.008413461538461538
0 0.037259615384615384 0.6538461538461539 0.007211538461538462 0.010817307692307692
0 0.028846153846153848 0.6646634615384616 0.008413461538461538 0.008413461538461538
0 0.02283653846153846 0.6742788461538461 0.008413461538461538 0.010817307692307692
0 0.01201923076923077 0.6838942307692307 0.007211538461538462 0.007211538461538462
0 0.003605769230769231 0.6947115384615384 0.007211538461538462 0.007211538461538462
0 0.1875 0.5540865384615384 0.010817307692307692 0.013221153846153846
0 0.6237980769230769 0.013221153846153846 0.013221153846153846 0.013221153846153846
0 0.6105769230769231 0.027644230769230768 0.013221153846153846 0.020432692307692308
0 0.5889423076923077 0.052884615384615384 0.015625 0.010817307692307692
0 0.5709134615384616 0.07211538461538461 0.020432692307692308 0.013221153846153846
0 0.5336538461538461 0.1141826923076923 0.008413461538461538 0.020432692307692308