0 0.8161057692307693 0.11658653846153846 0.020432692307692308 0.018028846153846152
0 0.8629807692307693 0.19110576923076922 0.018028846153846152 0.02283653846153846
0 0.37259615384615385 0.010817307692307692 0.019230769230769232 0.021634615384615384
0 0.7800480769230769 0.04326923076923077 0.010817307692307692 0.008413461538461538
0 0.796875 0.008413461538461538 0.008413461538461538 0.008413461538461538
0 0.7848557692307693 0.026442307692307692 0.007211538461538462 0.007211538461538462
0 0.6971153846153846 0.007211538461538462 0.007211538461538462 0.004807692307692308
0 0.4951923076923077 0.040865384615384616 0.013221153846153846 0.013221153846153846
0 0.47596153846153844 0.04807692307692308 0.010817307692307692 0.007211538461538462
0 0.5264423076923077 0.026442307692307692 0.010817307692307692 0.010817307692307692
0 0.4579326923076923 0.12139423076923077 0.010817307692307692 0.013221153846153846
0 0.5096153846153846 0.07932692307692307 0.010817307692307692 0.008413461538461538
0 0.5252403846153846 0.052884615384615384 0.008413461538461538 0.010817307692307692
0 0.5204326923076923 0.0985576923076923 0.008413461538461538 0.008413461538461538
0 0.5132211538461539 0.1201923076923077 0.013221153846153846 0.015625
0 0.40024038461538464 0.038461538461538464 0.007211538461538462 0.008413461538461538
0 0.18269230769230768 0.09615384615384616 0.013221153846153846 0.015625
0 0.21033653846153846 0.07932692307692307 0.010817307692307692 0.008413461538461538
0 0.23677884615384615 0.06971153846153846 0.013221153846153846 0.013221153846153846
0 0.3918269230769231 0.1045673076923077 0.013221153846153846 0.010817307692307692
0 0.42427884615384615 0.13942307692307693 0.010817307692307692 0.008413461538461538
0 0.40384615384615385 0.1310096153846154 0.007211538461538462 0.008413461538461538
0 0.4326923076923077 0.24519230769230768 0.013221153846153846 0.008413461538461538
0 0.4735576923076923 0.1875 0.015625 0.013221153846153846
0 0.4639423076923077 0.20673076923076922 0.013221153846153846 0.008413461538461538
0 0.5432692307692307 0.1201923076923077 0.018028846153846152 0.010817307692307692
0 0.6430288461538461 0.16947115384615385 0.015625 0.013221153846153846
0 0.5949519230769231 0.20432692307692307 0.008413461538461538 0.015625
0 0.6105769230769231 0.23317307692307693 0.013221153846153846 0.007211538461538462
0 0.5300480769230769 0.265625 0.007211538461538462 0.008413461538461538
0 0.5444711538461539 0.265625 0.013221153846153846 0.013221153846153846
0 0.7632211538461539 0.16706730769230768 0.018028846153846152 0.013221153846153846
0 0.7740384615384616 0.13581730769230768 0.010817307692307692 0.015625
0 0.7860576923076923 0.11538461538461539 0.008413461538461538 0.013221153846153846
0 0.6826923076923077 0.09014423076923077 0.008413461538461538 0.013221153846153846
0 0.5817307692307693 0.2247596153846154 0.007211538461538462 0.008413461538461538
0 0.20673076923076922 0.23798076923076922 0.013221153846153846 0.010817307692307692
0 0.2247596153846154 0.20552884615384615 0.013221153846153846 0.008413461538461538
0 0.19831730769230768 0.18990384615384615 0.008413461538461538 0.010817307692307692
0 0.2776442307692308 0.22956730769230768 0.010817307692307692 0.008413461538461538
0 0.2644230769230769 0.20673076923076922 0.007211538461538462 0.008413461538461538
0 0.26802884615384615 0.2536057692307692 0.013221153846153846 0.010817307692307692
0 0.20432692307692307 0.3112980769230769 0.015625 0.008413461538461538
0 0.18269230769230768 0.3125 0.008413461538461538 0.010817307692307692
0 0.32091346153846156 0.31009615384615385 0.010817307692307692 0.010817307692307692
0 0.296875 0.3112980769230769 0.008413461538461538 0.013221153846153846
0 0.38100961538461536 0.3076923076923077 0.008413461538461538 0.010817307692307692
0 0.4519230769230769 0.3112980769230769 0.007211538461538462 0.008413461538461538
0 0.5108173076923077 0.3088942307692308 0.008413461538461538 0.008413461538461538
0 0.5360576923076923 0.3112980769230769 0.008413461538461538 0.008413461538461538
0 0.3425480769230769 0.17307692307692307 0.008413461538461538 0.008413461538461538
0 0.026442307692307692 0.04447115384615385 0.008413461538461538 0.010817307692307692
0 0.030048076923076924 0.08774038461538461 0.010817307692307692 0.013221153846153846
0 0.04567307692307692 0.09615384615384616 0.010817307692307692 0.010817307692307692
0 0.1310096153846154 0.0985576923076923 0.013221153846153846 0.013221153846153846
0 0.11658653846153846 0.11658653846153846 0.010817307692307692 0.008413461538461538
0 0.15745192307692307 0.12379807692307693 0.013221153846153846 0.008413461538461538
0 0.06971153846153846 0.1778846153846154 0.013221153846153846 0.013221153846153846
0 0.040865384615384616 0.19230769230769232 0.013221153846153846 0.010817307692307692
0 0.028846153846153848 0.19831730769230768 0.013221153846153846 0.013221153846153846
0 0.014423076923076924 0.1935096153846154 0.010817307692307692 0.013221153846153846
0 0.08774038461538461 0.1814903846153846 0.008413461538461538 0.010817307692307692
0 0.10817307692307693 0.1814903846153846 0.008413461538461538 0.010817307692307692
0 0.12379807692307693 0.1814903846153846 0.008413461538461538 0.007211538461538462
0 0.15504807692307693 0.18509615384615385 0.008413461538461538 0.013221153846153846
0 0.13581730769230768 0.18389423076923078 0.010817307692307692 0.007211538461538462
0 0.27884615384615385 0.15504807692307693 0.013221153846153846 0.008413461538461538
0 0.23076923076923078 0.17668269230769232 0.015625 0.007211538461538462
0 0.2764423076923077 0.1778846153846154 0.008413461538461538 0.008413461538461538
0 0.44591346153846156 0.06370192307692307 0.008413461538461538 0.007211538461538462
0 0.43509615384615385 0.10216346153846154 0.013221153846153846 0.010817307692307692
0 0.07932692307692307 0.24759615384615385 0.008413461538461538 0.013221153846153846
0 0.27163461538461536 0.3112980769230769 0.010817307692307692 0.008413461538461538
0 0.15384615384615385 0.3112980769230769 0.007211538461538462 0.008413461538461538
0 0.2247596153846154 0.25240384615384615 0.013221153846153846 0.008413461538461538
0 0.796875 0.1875 0.008413461538461538 0.008413461538461538
0 0.6322115384615384 0.21153846153846154 0.010817307692307692 0.008413461538461538
0 0.6814903846153846 0.0673076923076923 0.010817307692307692 0.013221153846153846