0 0.6442307692307693 0.9723557692307693 0.02283653846153846 0.020432692307692308
0 0.6550480769230769 0.875 0.02283653846153846 0.025240384615384616
0 0.39302884615384615 0.7716346153846154 0.015625 0.015625
0 0.43990384615384615 0.6177884615384616 0.015625 0.020432692307692308
0 0.3329326923076923 0.6274038461538461 0.013221153846153846 0.015625
0 0.6766826923076923 0.7716346153846154 0.020432692307692308 0.03365384615384615
0 0.41586538461538464 0.7019230769230769 0.010817307692307692 0.010817307692307692
0 0.5625 0.8605769230769231 0.025240384615384616 0.02283653846153846
0 0.5612980769230769 0.8112980769230769 0.02283653846153846 0.03125
0 0.6117788461538461 0.8269230769230769 0.015625 0.02283653846153846
0 0.48677884615384615 0.9759615384615384 0.013221153846153846 0.015625
0 0.5853365384615384 0.9338942307692307 0.013221153846153846 0.020432692307692308
0 0.8125 0.8209134615384616 0.018028846153846152 0.015625
0 0.8365384615384616 0.828125 0.020432692307692308 0.015625
0 0.36658653846153844 0.8497596153846154 0.020432692307692308 0.020432692307692308