0 0.2824519230769231 0.09495192307692307 0.015625 0.018028846153846152
0 0.36658653846153844 0.24158653846153846 0.008413461538461538 0.013221153846153846
0 0.5841346153846154 0.16826923076923078 0.010817307692307692 0.010817307692307692
0 0.6442307692307693 0.04447115384615385 0.013221153846153846 0.018028846153846152
0 0.4795673076923077 0.2512019230769231 0.018028846153846152 0.015625
0 0.45072115384615385 0.2620192307692308 0.013221153846153846 0.015625
0 0.40865384615384615 0.23918269230769232 0.010817307692307692 0.008413461538461538
0 0.5769230769230769 0.25721153846153844 0.013221153846153846 0.013221153846153846
0 0.6081730769230769 0.2704326923076923 0.018028846153846152 0.013221153846153846
0 0.6490384615384616 0.23918269230769232 0.013221153846153846 0.018028846153846152
0 0.27163461538461536 0.23197115384615385 0.010817307692307692 0.013221153846153846
0 0.18389423076923078 0.25 0.010817307692307692 0.013221153846153846
0 0.9879807692307693 0.2608173076923077 0.010817307692307692 0.008413461538461538
0 0.9711538461538461 0.2776442307692308 0.013221153846153846 0.010817307692307692
0 0.9194711538461539 0.27524038461538464 0.020432692307692308 0.018028846153846152
0 0.9723557692307693 0.2439903846153846 0.015625 0.015625
0 0.921875 0.12139423076923077 0.010817307692307692 0.013221153846153846
0 0.8341346153846154 0.05048076923076923 0.010817307692307692 0.010817307692307692
0 0.8894230769230769 0.11658653846153846 0.013221153846153846 0.015625
0 0.8545673076923077 0.27524038461538464 0.010817307692307692 0.013221153846153846
0 0.8305288461538461 0.2764423076923077 0.013221153846153846 0.013221153846153846
0 0.9459134615384616 0.11177884615384616 0.008413461538461538 0.010817307692307692
0 0.7331730769230769 0.17307692307692307 0.010817307692307692 0.013221153846153846