0 0.36538461538461536 0.08173076923076923 0.008413461538461538 0.007211538461538462
0 0.5973557692307693 0.04927884615384615 0.008413461538461538 0.008413461538461538
0 0.5733173076923077 0.11057692307692307 0.010817307692307692 0.013221153846153846
0 0.5757211538461539 0.12259615384615384 0.015625 0.007211538461538462
0 0.5769230769230769 0.1310096153846154 0.008413461538461538 0.008413461538461538
0 0.5805288461538461 0.14302884615384615 0.008413461538461538 0.007211538461538462
0 0.6129807692307693 0.24879807692307693 0.004807692307692308 0.007211538461538462
0 0.6262019230769231 0.26322115384615385 0.008413461538461538 0.008413461538461538
0 0.6237980769230769 0.33653846153846156 0.008413461538461538 0.010817307692307692
0 0.6502403846153846 0.3016826923076923 0.007211538461538462 0.008413461538461538
0 0.6502403846153846 0.3137019230769231 0.007211538461538462 0.010817307692307692
0 0.6490384615384616 0.3233173076923077 0.013221153846153846 0.010817307692307692
0 0.6622596153846154 0.3425480769230769 0.013221153846153846 0.008413461538461538
0 0.7103365384615384 0.28846153846153844 0.010817307692307692 0.013221153846153846
0 0.65625 0.23317307692307693 0.010817307692307692 0.010817307692307692
0 0.6430288461538461 0.21754807692307693 0.007211538461538462 0.010817307692307692
0 0.6298076923076923 0.2283653846153846 0.007211538461538462 0.007211538461538462
0 0.9110576923076923 0.7944711538461539 0.007211538461538462 0.007211538461538462
0 0.9278846153846154 0.8305288461538461 0.008413461538461538 0.008413461538461538
0 0.9206730769230769 0.8617788461538461 0.004807692307692308 0.007211538461538462
0 0.8858173076923077 0.8798076923076923 0.007211538461538462 0.007211538461538462
0 0.9326923076923077 0.8822115384615384 0.013221153846153846 0.015625
0 0.9146634615384616 0.8894230769230769 0.018028846153846152 0.018028846153846152
0 0.9759615384615384 0.8485576923076923 0.010817307692307692 0.008413461538461538
0 0.13341346153846154 0.12379807692307693 0.010817307692307692 0.008413461538461538
0 0.11538461538461539 0.14302884615384615 0.013221153846153846 0.015625
0 0.09495192307692307 0.15985576923076922 0.008413461538461538 0.013221153846153846
0 0.16105769230769232 0.9735576923076923 0.010817307692307692 0.013221153846153846
0 0.1814903846153846 0.9747596153846154 0.010817307692307692 0.008413461538461538
0 0.5252403846153846 0.8269230769230769 0.013221153846153846 0.018028846153846152
0 0.34615384615384615 0.11658653846153846 0.015625 0.020432692307692308
0 0.07211538461538461 0.17548076923076922 0.02283653846153846 0.018028846153846152
0 0.04927884615384615 0.203125 0.02283653846153846 0.013221153846153846