0 0.5228365384615384 0.7644230769230769 0.008413461538461538 0.007211538461538462
0 0.5132211538461539 0.8064903846153846 0.008413461538461538 0.008413461538461538
0 0.7824519230769231 0.8221153846153846 0.010817307692307692 0.008413461538461538
0 0.8004807692307693 0.20432692307692307 0.015625 0.015625
0 0.9915865384615384 0.5084134615384616 0.013221153846153846 0.018028846153846152
0 0.9759615384615384 0.5276442307692307 0.020432692307692308 0.020432692307692308
0 0.9471153846153846 0.5576923076923077 0.015625 0.015625
0 0.9350961538461539 0.5757211538461539 0.013221153846153846 0.015625
0 0.3581730769230769 0.8509615384615384 0.018028846153846152 0.018028846153846152
0 0.37259615384615385 0.9014423076923077 0.015625 0.020432692307692308
0 0.9879807692307693 0.6598557692307693 0.010817307692307692 0.008413461538461538
0 0.9759615384615384 0.6706730769230769 0.007211538461538462 0.008413461538461538
0 0.9555288461538461 0.6213942307692307 0.008413461538461538 0.008413461538461538
0 0.9735576923076923 0.6009615384615384 0.010817307692307692 0.008413461538461538
0 0.9831730769230769 0.5913461538461539 0.007211538461538462 0.007211538461538462
0 0.9615384615384616 0.7235576923076923 0.018028846153846152 0.010817307692307692
0 0.9387019230769231 0.7415865384615384 0.008413461538461538 0.007211538461538462
0 0.9350961538461539 0.7572115384615384 0.008413461538461538 0.008413461538461538
0 0.9206730769230769 0.7680288461538461 0.008413461538461538 0.008413461538461538
0 0.9038461538461539 0.7824519230769231 0.007211538461538462 0.010817307692307692
0 0.8942307692307693 0.7944711538461539 0.008413461538461538 0.010817307692307692
0 0.8834134615384616 0.8064903846153846 0.008413461538461538 0.008413461538461538
0 0.8605769230769231 0.8365384615384616 0.008413461538461538 0.010817307692307692
0 0.8485576923076923 0.8521634615384616 0.007211538461538462 0.007211538461538462
0 0.8389423076923077 0.8605769230769231 0.007211538461538462 0.008413461538461538
0 0.8317307692307693 0.8689903846153846 0.007211538461538462 0.008413461538461538
0 0.7800480769230769 0.9350961538461539 0.010817307692307692 0.008413461538461538
0 0.9831730769230769 0.7007211538461539 0.007211538461538462 0.008413461538461538
0 0.9723557692307693 0.7103365384615384 0.007211538461538462 0.007211538461538462
0 0.8834134615384616 0.6310096153846154 0.008413461538461538 0.008413461538461538
0 0.8677884615384616 0.640625 0.007211538461538462 0.007211538461538462
0 0.8533653846153846 0.6514423076923077 0.008413461538461538 0.007211538461538462
0 0.8545673076923077 0.6658653846153846 0.010817307692307692 0.007211538461538462
0 0.84375 0.6646634615384616 0.010817307692307692 0.004807692307692308
0 0.9675480769230769 0.6875 0.010817307692307692 0.007211538461538462
0 0.9483173076923077 0.6959134615384616 0.008413461538461538 0.004807692307692308
0 0.9375 0.7151442307692307 0.015625 0.007211538461538462
0 0.9254807692307693 0.7247596153846154 0.008413461538461538 0.008413461538461538
0 0.9038461538461539 0.7475961538461539 0.010817307692307692 0.008413461538461538
0 0.8798076923076923 0.7776442307692307 0.010817307692307692 0.007211538461538462
0 0.8629807692307693 0.7932692307692307 0.013221153846153846 0.008413461538461538
0 0.8497596153846154 0.8052884615384616 0.010817307692307692 0.010817307692307692
0 0.7175480769230769 0.3545673076923077 0.010817307692307692 0.010817307692307692
0 0.7740384615384616 0.3701923076923077 0.015625 0.010817307692307692
0 0.8413461538461539 0.25841346153846156 0.010817307692307692 0.008413461538461538
0 0.9014423076923077 0.25240384615384615 0.010817307692307692 0.008413461538461538
0 0.8557692307692307 0.30649038461538464 0.013221153846153846 0.013221153846153846
0 0.8834134615384616 0.33052884615384615 0.013221153846153846 0.010817307692307692
0 0.8774038461538461 0.3449519230769231 0.010817307692307692 0.008413461538461538
0 0.6911057692307693 0.31971153846153844 0.013221153846153846 0.008413461538461538
0 0.7644230769230769 0.3004807692307692 0.010817307692307692 0.010817307692307692
0 0.8028846153846154 0.265625 0.010817307692307692 0.004807692307692308
0 0.7524038461538461 0.15745192307692307 0.008413461538461538 0.013221153846153846
0 0.8425480769230769 0.09495192307692307 0.018028846153846152 0.008413461538461538
0 0.8377403846153846 0.019230769230769232 0.008413461538461538 0.010817307692307692
0 0.8605769230769231 0.03365384615384615 0.008413461538461538 0.008413461538461538
0 0.8473557692307693 0.04447115384615385 0.013221153846153846 0.008413461538461538
0 0.7596153846153846 0.39302884615384615 0.010817307692307692 0.010817307692307692
0 0.7439903846153846 0.3449519230769231 0.010817307692307692 0.008413461538461538
0 0.8257211538461539 0.35336538461538464 0.010817307692307692 0.013221153846153846
0 0.9375 0.6442307692307693 0.010817307692307692 0.008413461538461538
0 0.9290865384615384 0.6538461538461539 0.007211538461538462 0.010817307692307692
0 0.9206730769230769 0.6646634615384616 0.008413461538461538 0.008413461538461538
0 0.9146634615384616 0.6742788461538461 0.008413461538461538 0.010817307692307692
0 0.9038461538461539 0.6838942307692307 0.007211538461538462 0.007211538461538462
0 0.8942307692307693 0.6947115384615384 0.008413461538461538 0.007211538461538462
0 0.8329326923076923 0.7536057692307693 0.008413461538461538 0.007211538461538462
0 0.8004807692307693 0.7980769230769231 0.007211538461538462 0.007211538461538462
0 0.8185096153846154 0.7752403846153846 0.007211538461538462 0.004807692307692308
0 0.7692307692307693 0.8449519230769231 0.007211538461538462 0.008413461538461538
0 0.7620192307692307 0.8581730769230769 0.007211538461538462 0.004807692307692308
0 0.8028846153846154 0.8834134615384616 0.007211538461538462 0.008413461538461538
0 0.796875 0.9014423076923077 0.008413461538461538 0.008413461538461538
0 0.7848557692307693 0.9182692307692307 0.007211538461538462 0.007211538461538462
0 0.6971153846153846 0.8990384615384616 0.007211538461538462 0.004807692307692308
0 0.7151442307692307 0.765625 0.010817307692307692 0.008413461538461538
0 0.7680288461538461 0.6694711538461539 0.013221153846153846 0.010817307692307692
0 0.7572115384615384 0.6322115384615384 0.004807692307692308 0.007211538461538462
0 0.7403846153846154 0.6394230769230769 0.007211538461538462 0.008413461538461538
0 0.765625 0.6153846153846154 0.008413461538461538 0.013221153846153846
0 0.7884615384615384 0.6430288461538461 0.013221153846153846 0.010817307692307692
0 0.7704326923076923 0.6538461538461539 0.008413461538461538 0.010817307692307692
0 0.8545673076923077 0.5588942307692307 0.010817307692307692 0.008413461538461538
0 0.8774038461538461 0.4387019230769231 0.010817307692307692 0.008413461538461538
0 0.8846153846153846 0.39663461538461536 0.008413461538461538 0.008413461538461538
0 0.890625 0.5144230769230769 0.010817307692307692 0.007211538461538462
0 0.8221153846153846 0.6057692307692307 0.013221153846153846 0.008413461538461538
0 0.7463942307692307 0.7283653846153846 0.010817307692307692 0.010817307692307692
0 0.578125 0.8533653846153846 0.010817307692307692 0.008413461538461538
0 0.4951923076923077 0.9326923076923077 0.013221153846153846 0.013221153846153846
0 0.47596153846153844 0.9399038461538461 0.010817307692307692 0.007211538461538462
0 0.5264423076923077 0.9182692307692307 0.010817307692307692 0.010817307692307692
0 0.5096153846153846 0.9711538461538461 0.010817307692307692 0.008413461538461538
0 0.5252403846153846 0.9447115384615384 0.008413461538461538 0.010817307692307692
0 0.5204326923076923 0.9915865384615384 0.008413461538461538 0.008413461538461538
0 0.4014423076923077 0.890625 0.013221153846153846 0.010817307692307692
0 0.40024038461538464 0.9302884615384616 0.007211538461538462 0.008413461538461538
0 0.3629807692307692 0.7572115384615384 0.008413461538461538 0.018028846153846152
0 0.3701923076923077 0.7788461538461539 0.007211538461538462 0.008413461538461538
0 0.36778846153846156 0.8052884615384616 0.010817307692307692 0.010817307692307692
0 0.59375 0.7475961538461539 0.010817307692307692 0.004807692307692308
0 0.5300480769230769 0.6790865384615384 0.010817307692307692 0.010817307692307692
0 0.5492788461538461 0.6935096153846154 0.013221153846153846 0.008413461538461538
0 0.5084134615384616 0.7055288461538461 0.008413461538461538 0.008413461538461538
0 0.5504807692307693 0.5697115384615384 0.007211538461538462 0.013221153846153846
0 0.703125 0.3737980769230769 0.008413461538461538 0.008413461538461538
0 0.7283653846153846 0.3858173076923077 0.010817307692307692 0.010817307692307692
0 0.8786057692307693 0.46634615384615385 0.013221153846153846 0.018028846153846152
0 0.7884615384615384 0.23076923076923078 0.008413461538461538 0.010817307692307692
0 0.8257211538461539 0.2824519230769231 0.010817307692307692 0.015625
0 0.5853365384615384 0.38100961538461536 0.008413461538461538 0.018028846153846152
0 0.6490384615384616 0.36538461538461536 0.008413461538461538 0.008413461538461538
0 0.6694711538461539 0.42427884615384615 0.010817307692307692 0.010817307692307692
0 0.5 0.7776442307692307 0.013221153846153846 0.010817307692307692
0 0.18269230769230768 0.9879807692307693 0.013221153846153846 0.015625
0 0.21033653846153846 0.9711538461538461 0.010817307692307692 0.008413461538461538
0 0.23677884615384615 0.9615384615384616 0.013221153846153846 0.013221153846153846
0 0.6826923076923077 0.9819711538461539 0.008413461538461538 0.013221153846153846
0 0.33533653846153844 0.8858173076923077 0.013221153846153846 0.010817307692307692
0 0.2860576923076923 0.8137019230769231 0.013221153846153846 0.010817307692307692
0 0.18269230769230768 0.8557692307692307 0.008413461538461538 0.013221153846153846
0 0.6117788461538461 0.7764423076923077 0.010817307692307692 0.008413461538461538
0 0.671875 0.7451923076923077 0.007211538461538462 0.013221153846153846
0 0.6610576923076923 0.6887019230769231 0.010817307692307692 0.008413461538461538
0 0.5012019230769231 0.8413461538461539 0.020432692307692308 0.015625
0 0.026442307692307692 0.9362980769230769 0.008413461538461538 0.010817307692307692
0 0.030048076923076924 0.9795673076923077 0.010817307692307692 0.013221153846153846
0 0.04567307692307692 0.9879807692307693 0.010817307692307692 0.010817307692307692
0 0.1310096153846154 0.9915865384615384 0.013221153846153846 0.013221153846153846
0 0.44591346153846156 0.9555288461538461 0.008413461538461538 0.007211538461538462
0 0.38221153846153844 0.6778846153846154 0.007211538461538462 0.013221153846153846
0 0.6814903846153846 0.9591346153846154 0.010817307692307692 0.013221153846153846
0 0.7836538461538461 0.5012019230769231 0.03125 0.025240384615384616
0 0.7740384615384616 0.5564903846153846 0.015625 0.018028846153846152