0 0.8028846153846154 0.18990384615384615 0.020432692307692308 0.028846153846153848
0 0.8257211538461539 0.16466346153846154 0.025240384615384616 0.02283653846153846
0 0.47716346153846156 0.12620192307692307 0.018028846153846152 0.013221153846153846
0 0.6670673076923077 0.08533653846153846 0.008413461538461538 0.013221153846153846
0 0.9759615384615384 0.22235576923076922 0.020432692307692308 0.025240384615384616
0 0.9867788461538461 0.27403846153846156 0.018028846153846152 0.020432692307692308
0 0.9387019230769231 0.25841346153846156 0.026442307692307692 0.025240384615384616
0 0.9206730769230769 0.2776442307692308 0.018028846153846152 0.025240384615384616
0 0.7043269230769231 0.4098557692307692 0.015625 0.018028846153846152
0 0.7055288461538461 0.4411057692307692 0.026442307692307692 0.02283653846153846
0 0.9122596153846154 0.5336538461538461 0.03125 0.026442307692307692
0 0.7524038461538461 0.6814903846153846 0.02283653846153846 0.020432692307692308
0 0.6778846153846154 0.47596153846153844 0.018028846153846152 0.015625
0 0.6165865384615384 0.5228365384615384 0.015625 0.018028846153846152
0 0.5673076923076923 0.6153846153846154 0.018028846153846152 0.02283653846153846
0 0.6069711538461539 0.8329326923076923 0.020432692307692308 0.026442307692307692
0 0.7307692307692307 0.7920673076923077 0.015625 0.028846153846153848
0 0.5805288461538461 0.109375 0.010817307692307692 0.020432692307692308
0 0.8076923076923077 0.27524038461538464 0.015625 0.018028846153846152
0 0.8125 0.3233173076923077 0.018028846153846152 0.020432692307692308
0 0.7536057692307693 0.47716346153846156 0.015625 0.018028846153846152
0 0.5805288461538461 0.23197115384615385 0.010817307692307692 0.013221153846153846
0 0.6742788461538461 0.3269230769230769 0.015625 0.013221153846153846
0 0.8966346153846154 0.055288461538461536 0.018028846153846152 0.020432692307692308
0 0.5444711538461539 0.2403846153846154 0.010817307692307692 0.010817307692307692
0 0.8954326923076923 0.2956730769230769 0.010817307692307692 0.015625
0 0.9098557692307693 0.30649038461538464 0.013221153846153846 0.02283653846153846
0 0.7271634615384616 0.04567307692307692 0.013221153846153846 0.015625
0 0.9855769230769231 0.7752403846153846 0.010817307692307692 0.013221153846153846
0 0.9254807692307693 0.5588942307692307 0.018028846153846152 0.013221153846153846
0 0.9014423076923077 0.5673076923076923 0.013221153846153846 0.008413461538461538
0 0.9591346153846154 0.6262019230769231 0.008413461538461538 0.013221153846153846
0 0.9735576923076923 0.5805288461538461 0.013221153846153846 0.013221153846153846
0 0.9350961538461539 0.9350961538461539 0.018028846153846152 0.02283653846153846
0 0.9627403846153846 0.8858173076923077 0.010817307692307692 0.020432692307692308
0 0.8665865384615384 0.8317307692307693 0.010817307692307692 0.015625
0 0.7487980769230769 0.9831730769230769 0.010817307692307692 0.010817307692307692
0 0.640625 0.4879807692307692 0.020432692307692308 0.020432692307692308
0 0.7848557692307693 0.3641826923076923 0.025240384615384616 0.020432692307692308
0 0.5420673076923077 0.7151442307692307 0.015625 0.015625
0 0.6706730769230769 0.8149038461538461 0.013221153846153846 0.018028846153846152
0 0.8173076923076923 0.6766826923076923 0.018028846153846152 0.015625
0 0.5324519230769231 0.5913461538461539 0.020432692307692308 0.020432692307692308
0 0.6682692307692307 0.9495192307692307 0.020432692307692308 0.020432692307692308
0 0.5889423076923077 0.8942307692307693 0.028846153846153848 0.013221153846153846
0 0.7127403846153846 0.8389423076923077 0.015625 0.025240384615384616
0 0.7896634615384616 0.8125 0.015625 0.025240384615384616
0 0.8209134615384616 0.53125 0.020432692307692308 0.013221153846153846
0 0.8521634615384616 0.5588942307692307 0.015625 0.018028846153846152