0 0.8966346153846154 0.8605769230769231 0.018028846153846152 0.018028846153846152
0 0.9206730769230769 0.8173076923076923 0.02283653846153846 0.02283653846153846
0 0.9807692307692307 0.7884615384615384 0.015625 0.02283653846153846
0 0.953125 0.9326923076923077 0.013221153846153846 0.013221153846153846
0 0.9855769230769231 0.9326923076923077 0.015625 0.018028846153846152
0 0.9086538461538461 0.6129807692307693 0.020432692307692308 0.026442307692307692
0 0.8966346153846154 0.546875 0.02283653846153846 0.02283653846153846
0 0.7992788461538461 0.453125 0.018028846153846152 0.018028846153846152
0 0.9735576923076923 0.5745192307692307 0.018028846153846152 0.026442307692307692
0 0.9795673076923077 0.48677884615384615 0.013221153846153846 0.02283653846153846
0 0.9471153846153846 0.9699519230769231 0.015625 0.015625
0 0.3401442307692308 0.24278846153846154 0.02283653846153846 0.02283653846153846
0 0.06129807692307692 0.2403846153846154 0.02283653846153846 0.025240384615384616
0 0.015625 0.028846153846153848 0.018028846153846152 0.02283653846153846