0 0.2824519230769231 0.8149038461538461 0.015625 0.018028846153846152
0 0.5841346153846154 0.7415865384615384 0.010817307692307692 0.010817307692307692
0 0.6442307692307693 0.8653846153846154 0.013221153846153846 0.018028846153846152
0 0.296875 0.9146634615384616 0.008413461538461538 0.008413461538461538
0 0.27163461538461536 0.6778846153846154 0.010817307692307692 0.013221153846153846
0 0.18389423076923078 0.6598557692307693 0.010817307692307692 0.013221153846153846
0 0.9879807692307693 0.6490384615384616 0.010817307692307692 0.008413461538461538
0 0.9711538461538461 0.6322115384615384 0.013221153846153846 0.010817307692307692
0 0.9194711538461539 0.6346153846153846 0.020432692307692308 0.018028846153846152
0 0.9723557692307693 0.6658653846153846 0.015625 0.015625
0 0.8149038461538461 0.9362980769230769 0.013221153846153846 0.015625
0 0.7235576923076923 0.9375 0.013221153846153846 0.013221153846153846
0 0.8834134615384616 0.9362980769230769 0.020432692307692308 0.015625
0 0.6682692307692307 0.9098557692307693 0.015625 0.008413461538461538
0 0.8545673076923077 0.6346153846153846 0.010817307692307692 0.013221153846153846
0 0.8305288461538461 0.6334134615384616 0.013221153846153846 0.013221153846153846
0 0.7331730769230769 0.7367788461538461 0.010817307692307692 0.013221153846153846
0 0.12980769230769232 0.6538461538461539 0.028846153846153848 0.028846153846153848
0 0.019230769230769232 0.6538461538461539 0.020432692307692308 0.025240384615384616
0 0.9182692307692307 0.9290865384615384 0.010817307692307692 0.020432692307692308
0 0.36177884615384615 0.9783653846153846 0.020432692307692308 0.025240384615384616
0 0.9338942307692307 0.7836538461538461 0.020432692307692308 0.02283653846153846
0 0.4483173076923077 0.6634615384615384 0.03125 0.020432692307692308