0 0.30649038461538464 0.29447115384615385 0.013221153846153846 0.015625
0 0.25721153846153844 0.2824519230769231 0.008413461538461538 0.010817307692307692
0 0.27163461538461536 0.27884615384615385 0.007211538461538462 0.013221153846153846
0 0.24278846153846154 0.28725961538461536 0.004807692307692308 0.007211538461538462
0 0.25721153846153844 0.26802884615384615 0.008413461538461538 0.008413461538461538
0 0.24278846153846154 0.2764423076923077 0.008413461538461538 0.004807692307692308
0 0.2439903846153846 0.26802884615384615 0.007211538461538462 0.008413461538461538
0 0.24639423076923078 0.2512019230769231 0.010817307692307692 0.007211538461538462
0 0.24759615384615385 0.23798076923076922 0.008413461538461538 0.007211538461538462
0 0.23197115384615385 0.2439903846153846 0.008413461538461538 0.010817307692307692
0 0.22235576923076922 0.2608173076923077 0.010817307692307692 0.008413461538461538
0 0.23076923076923078 0.28125 0.007211538461538462 0.008413461538461538
0 0.22115384615384615 0.28125 0.008413461538461538 0.008413461538461538
0 0.2091346153846154 0.27283653846153844 0.008413461538461538 0.008413461538461538
0 0.3125 0.3125 0.007211538461538462 0.007211538461538462
0 0.27403846153846156 0.25 0.007211538461538462 0.008413461538461538
0 0.2776442307692308 0.23076923076923078 0.007211538461538462 0.010817307692307692
0 0.2644230769230769 0.22596153846153846 0.007211538461538462 0.007211538461538462
0 0.25240384615384615 0.21634615384615385 0.008413461538461538 0.008413461538461538
0 0.30408653846153844 0.23677884615384615 0.008413461538461538 0.008413461538461538
0 0.28966346153846156 0.23197115384615385 0.007211538461538462 0.008413461538461538
0 0.2644230769230769 0.21033653846153846 0.007211538461538462 0.007211538461538462
0 0.25240384615384615 0.20192307692307693 0.008413461538461538 0.010817307692307692
0 0.26802884615384615 0.20072115384615385 0.004807692307692308 0.004807692307692308
0 0.2932692307692308 0.22235576923076922 0.004807692307692308 0.007211538461538462
0 0.2824519230769231 0.21754807692307693 0.007211538461538462 0.007211538461538462
0 0.3137019230769231 0.22235576923076922 0.010817307692307692 0.010817307692307692
0 0.30288461538461536 0.21514423076923078 0.007211538461538462 0.007211538461538462
0 0.2920673076923077 0.21033653846153846 0.007211538461538462 0.007211538461538462
0 0.29447115384615385 0.19951923076923078 0.007211538461538462 0.007211538461538462
0 0.2800480769230769 0.1814903846153846 0.010817307692307692 0.010817307692307692
0 0.27163461538461536 0.18870192307692307 0.007211538461538462 0.008413461538461538
0 0.2980769230769231 0.1875 0.010817307692307692 0.013221153846153846
0 0.3125 0.19110576923076922 0.008413461538461538 0.008413461538461538
0 0.3173076923076923 0.20192307692307693 0.008413461538461538 0.007211538461538462
0 0.33774038461538464 0.19230769230769232 0.008413461538461538 0.010817307692307692
0 0.3581730769230769 0.20793269230769232 0.008413461538461538 0.007211538461538462
0 0.37740384615384615 0.18028846153846154 0.010817307692307692 0.013221153846153846
0 0.3701923076923077 0.1658653846153846 0.010817307692307692 0.010817307692307692
0 0.3894230769230769 0.16947115384615385 0.008413461538461538 0.008413461538461538
0 0.4014423076923077 0.17908653846153846 0.008413461538461538 0.007211538461538462
0 0.38341346153846156 0.25240384615384615 0.008413461538461538 0.008413461538461538
0 0.38461538461538464 0.23918269230769232 0.008413461538461538 0.008413461538461538
0 0.41586538461538464 0.22956730769230768 0.007211538461538462 0.008413461538461538
0 0.42788461538461536 0.23076923076923078 0.008413461538461538 0.010817307692307692
0 0.4026442307692308 0.20673076923076922 0.008413461538461538 0.008413461538461538
0 0.42788461538461536 0.18389423076923078 0.013221153846153846 0.010817307692307692
0 0.4423076923076923 0.20552884615384615 0.007211538461538462 0.008413461538461538
0 0.45913461538461536 0.21995192307692307 0.013221153846153846 0.010817307692307692
0 0.28725961538461536 0.1502403846153846 0.007211538461538462 0.007211538461538462
0 0.2548076923076923 0.12259615384615384 0.018028846153846152 0.015625
0 0.21754807692307693 0.17307692307692307 0.010817307692307692 0.008413461538461538
0 0.21033653846153846 0.1875 0.010817307692307692 0.008413461538461538
0 0.20552884615384615 0.19831730769230768 0.008413461538461538 0.008413461538461538
0 0.1971153846153846 0.20552884615384615 0.007211538461538462 0.004807692307692308
0 0.18629807692307693 0.22956730769230768 0.007211538461538462 0.008413461538461538
0 0.15625 0.27524038461538464 0.010817307692307692 0.008413461538461538
0 0.3942307692307692 0.30288461538461536 0.008413461538461538 0.007211538461538462
0 0.3942307692307692 0.29086538461538464 0.013221153846153846 0.013221153846153846
0 0.3557692307692308 0.32091346153846156 0.013221153846153846 0.010817307692307692
0 0.3485576923076923 0.17307692307692307 0.007211538461538462 0.008413461538461538
0 0.27403846153846156 0.09014423076923077 0.010817307692307692 0.013221153846153846
0 0.4699519230769231 0.24519230769230768 0.015625 0.013221153846153846
0 0.04567307692307692 0.7259615384615384 0.020432692307692308 0.015625
0 0.04447115384615385 0.7079326923076923 0.018028846153846152 0.010817307692307692
0 0.046875 0.6923076923076923 0.013221153846153846 0.010817307692307692
0 0.046875 0.6754807692307693 0.018028846153846152 0.013221153846153846
0 0.040865384615384616 0.6514423076923077 0.026442307692307692 0.02283653846153846
0 0.1201923076923077 0.7271634615384616 0.010817307692307692 0.008413461538461538
0 0.12139423076923077 0.7139423076923077 0.008413461538461538 0.008413461538461538
0 0.12139423076923077 0.7007211538461539 0.013221153846153846 0.013221153846153846
0 0.1346153846153846 0.6646634615384616 0.013221153846153846 0.013221153846153846
0 0.15625 0.6694711538461539 0.015625 0.015625
0 0.16947115384615385 0.6826923076923077 0.020432692307692308 0.018028846153846152
0 0.19230769230769232 0.671875 0.015625 0.015625
0 0.21394230769230768 0.6887019230769231 0.013221153846153846 0.013221153846153846
0 0.1971153846153846 0.6850961538461539 0.015625 0.008413461538461538
0 0.2091346153846154 0.7067307692307693 0.013221153846153846 0.013221153846153846
0 0.19110576923076922 0.7716346153846154 0.013221153846153846 0.010817307692307692
0 0.19471153846153846 0.7536057692307693 0.015625 0.010817307692307692
0 0.19230769230769232 0.7283653846153846 0.010817307692307692 0.007211538461538462
0 0.1502403846153846 0.7776442307692307 0.010817307692307692 0.010817307692307692
0 0.1622596153846154 0.7836538461538461 0.008413461538461538 0.008413461538461538
0 0.13581730769230768 0.7944711538461539 0.010817307692307692 0.007211538461538462
0 0.12740384615384615 0.7800480769230769 0.007211538461538462 0.007211538461538462
0 0.11778846153846154 0.796875 0.007211538461538462 0.008413461538461538
0 0.1141826923076923 0.7896634615384616 0.010817307692307692 0.010817307692307692
0 0.1141826923076923 0.7764423076923077 0.010817307692307692 0.010817307692307692
0 0.15144230769230768 0.8016826923076923 0.010817307692307692 0.008413461538461538
0 0.1778846153846154 0.7908653846153846 0.013221153846153846 0.008413461538461538
0 0.17067307692307693 0.8040865384615384 0.008413461538461538 0.008413461538461538
0 0.18509615384615385 0.8040865384615384 0.008413461538461538 0.008413461538461538
0 0.171875 0.8173076923076923 0.010817307692307692 0.008413461538461538
0 0.1658653846153846 0.8233173076923077 0.010817307692307692 0.010817307692307692
0 0.171875 0.8329326923076923 0.010817307692307692 0.008413461538461538
0 0.17668269230769232 0.8509615384615384 0.010817307692307692 0.008413461538461538
0 0.1814903846153846 0.8425480769230769 0.010817307692307692 0.008413461538461538
0 0.11177884615384616 0.6862980769230769 0.007211538461538462 0.007211538461538462
0 0.11177884615384616 0.6766826923076923 0.007211538461538462 0.002403846153846154
0 0.11298076923076923 0.6670673076923077 0.008413461538461538 0.008413461538461538
0 0.11298076923076923 0.6538461538461539 0.008413461538461538 0.010817307692307692
0 0.109375 0.6370192307692307 0.010817307692307692 0.008413461538461538
0 0.109375 0.6165865384615384 0.010817307692307692 0.008413461538461538
0 0.11057692307692307 0.5997596153846154 0.008413461538461538 0.007211538461538462
0 0.052884615384615384 0.6021634615384616 0.010817307692307692 0.010817307692307692
0 0.054086538461538464 0.5829326923076923 0.008413461538461538 0.008413461538461538
0 0.052884615384615384 0.5673076923076923 0.010817307692307692 0.008413461538461538
0 0.10096153846153846 0.578125 0.013221153846153846 0.010817307692307692
0 0.054086538461538464 0.5456730769230769 0.008413461538461538 0.010817307692307692
0 0.056490384615384616 0.5324519230769231 0.013221153846153846 0.010817307692307692
0 0.056490384615384616 0.5108173076923077 0.013221153846153846 0.013221153846153846
0 0.009615384615384616 0.5817307692307693 0.010817307692307692 0.010817307692307692
0 0.02403846153846154 0.5877403846153846 0.010817307692307692 0.013221153846153846
0 0.004807692307692308 0.7091346153846154 0.009615384615384616 0.009615384615384616
0 0.16706730769230768 0.15144230769230768 0.008413461538461538 0.008413461538461538
0 0.18629807692307693 0.11778846153846154 0.010817307692307692 0.010817307692307692
0 0.19591346153846154 0.10096153846153846 0.013221153846153846 0.008413461538461538
0 0.20552884615384615 0.08653846153846154 0.008413461538461538 0.010817307692307692
0 0.21754807692307693 0.07211538461538461 0.015625 0.013221153846153846
0 0.22596153846153846 0.055288461538461536 0.015625 0.010817307692307692
0 0.23317307692307693 0.042067307692307696 0.015625 0.010817307692307692
0 0.2848557692307692 0.07451923076923077 0.010817307692307692 0.008413461538461538
0 0.2848557692307692 0.0625 0.007211538461538462 0.004807692307692308
0 0.2956730769230769 0.057692307692307696 0.007211538461538462 0.007211538461538462
0 0.30288461538461536 0.04447115384615385 0.007211538461538462 0.010817307692307692
0 0.3125 0.028846153846153848 0.008413461538461538 0.008413461538461538
0 0.33774038461538464 0.04807692307692308 0.008413461538461538 0.007211538461538462
0 0.33653846153846156 0.03365384615384615 0.010817307692307692 0.008413461538461538
0 0.3581730769230769 0.06129807692307692 0.008413461538461538 0.008413461538461538
0 0.3701923076923077 0.0673076923076923 0.007211538461538462 0.008413461538461538
0 0.38341346153846156 0.07572115384615384 0.013221153846153846 0.010817307692307692
0 0.25 0.1346153846153846 0.008413461538461538 0.008413461538461538
0 0.3401442307692308 0.09014423076923077 0.008413461538461538 0.013221153846153846
0 0.3713942307692308 0.051682692307692304 0.013221153846153846 0.008413461538461538
0 0.35096153846153844 0.019230769230769232 0.013221153846153846 0.010817307692307692
0 0.36658653846153844 0.03245192307692308 0.013221153846153846 0.010817307692307692
0 0.3870192307692308 0.042067307692307696 0.008413461538461538 0.010817307692307692
0 0.41225961538461536 0.055288461538461536 0.013221153846153846 0.010817307692307692
0 0.3918269230769231 0.06490384615384616 0.013221153846153846 0.008413461538461538
0 0.41947115384615385 0.09615384615384616 0.010817307692307692 0.010817307692307692
0 0.41947115384615385 0.07572115384615384 0.013221153846153846 0.010817307692307692
0 0.42788461538461536 0.06009615384615385 0.008413461538461538 0.010817307692307692
0 0.4326923076923077 0.10336538461538461 0.008413461538461538 0.008413461538461538
0 0.4567307692307692 0.11658653846153846 0.008413461538461538 0.007211538461538462
0 0.4699519230769231 0.10216346153846154 0.010817307692307692 0.010817307692307692
0 0.46033653846153844 0.08173076923076923 0.010817307692307692 0.010817307692307692
0 0.4855769230769231 0.12740384615384615 0.007211538461538462 0.007211538461538462
0 0.5168269230769231 0.1045673076923077 0.010817307692307692 0.010817307692307692
0 0.5096153846153846 0.140625 0.010817307692307692 0.010817307692307692
0 0.5336538461538461 0.15144230769230768 0.008413461538461538 0.010817307692307692
0 0.5829326923076923 0.171875 0.013221153846153846 0.010817307692307692
0 0.4831730769230769 0.19831730769230768 0.007211538461538462 0.004807692307692308
0 0.4879807692307692 0.20552884615384615 0.010817307692307692 0.007211538461538462
0 0.46033653846153844 0.19591346153846154 0.007211538461538462 0.008413461538461538
0 0.4699519230769231 0.21033653846153846 0.007211538461538462 0.010817307692307692
0 0.5444711538461539 0.1141826923076923 0.010817307692307692 0.010817307692307692
0 0.5204326923076923 0.12740384615384615 0.008413461538461538 0.010817307692307692
0 0.5649038461538461 0.12620192307692307 0.013221153846153846 0.013221153846153846
0 0.5721153846153846 0.1502403846153846 0.013221153846153846 0.010817307692307692
0 0.5625 0.15625 0.010817307692307692 0.010817307692307692
0 0.5637019230769231 0.17427884615384615 0.007211538461538462 0.007211538461538462
0 0.5492788461538461 0.16947115384615385 0.008413461538461538 0.008413461538461538
0 0.6105769230769231 0.18269230769230768 0.008413461538461538 0.008413461538461538
0 0.625 0.16826923076923078 0.010817307692307692 0.010817307692307692
0 0.6117788461538461 0.14903846153846154 0.010817307692307692 0.008413461538461538
0 0.6646634615384616 0.16466346153846154 0.008413461538461538 0.008413461538461538
0 0.6502403846153846 0.15625 0.010817307692307692 0.007211538461538462
0 0.6394230769230769 0.15144230769230768 0.008413461538461538 0.010817307692307692
0 0.6454326923076923 0.18028846153846154 0.010817307692307692 0.008413461538461538
0 0.6526442307692307 0.19230769230769232 0.008413461538461538 0.007211538461538462
0 0.6658653846153846 0.20072115384615385 0.007211538461538462 0.008413461538461538
0 0.6923076923076923 0.20552884615384615 0.007211538461538462 0.010817307692307692
0 0.6899038461538461 0.1935096153846154 0.010817307692307692 0.008413461538461538
0 0.6790865384615384 0.1875 0.007211538461538462 0.008413461538461538
0 0.6899038461538461 0.1778846153846154 0.010817307692307692 0.008413461538461538
0 0.4987980769230769 0.09495192307692307 0.007211538461538462 0.004807692307692308
0 0.49038461538461536 0.09014423076923077 0.007211538461538462 0.004807692307692308
0 0.47836538461538464 0.08653846153846154 0.007211538461538462 0.007211538461538462
0 0.4362980769230769 0.1201923076923077 0.007211538461538462 0.007211538461538462
0 0.7391826923076923 0.24278846153846154 0.008413461538461538 0.008413461538461538
0 0.7536057692307693 0.24879807692307693 0.007211538461538462 0.007211538461538462
0 0.7415865384615384 0.23197115384615385 0.007211538461538462 0.008413461538461538
0 0.7584134615384616 0.23317307692307693 0.008413461538461538 0.007211538461538462
0 0.7596153846153846 0.22235576923076922 0.010817307692307692 0.010817307692307692
0 0.7427884615384616 0.21153846153846154 0.008413461538461538 0.008413461538461538
0 0.7620192307692307 0.20552884615384615 0.010817307692307692 0.008413461538461538
0 0.75 0.20072115384615385 0.008413461538461538 0.008413461538461538
0 0.7704326923076923 0.18870192307692307 0.008413461538461538 0.008413461538461538
0 0.8329326923076923 0.12620192307692307 0.013221153846153846 0.013221153846153846
0 0.8233173076923077 0.1141826923076923 0.010817307692307692 0.010817307692307692
0 0.8076923076923077 0.10576923076923077 0.015625 0.013221153846153846
0 0.7944711538461539 0.09615384615384616 0.010817307692307692 0.010817307692307692
0 0.7776442307692307 0.08774038461538461 0.010817307692307692 0.013221153846153846
0 0.7680288461538461 0.07451923076923077 0.013221153846153846 0.008413461538461538
0 0.7560096153846154 0.09615384615384616 0.010817307692307692 0.010817307692307692
0 0.7391826923076923 0.08173076923076923 0.013221153846153846 0.010817307692307692
0 0.75 0.0673076923076923 0.008413461538461538 0.008413461538461538
0 0.7199519230769231 0.07091346153846154 0.015625 0.010817307692307692
0 0.6935096153846154 0.07572115384615384 0.008413461538461538 0.010817307692307692
0 0.6983173076923077 0.0625 0.008413461538461538 0.010817307692307692
0 0.6850961538461539 0.054086538461538464 0.008413461538461538 0.008413461538461538
0 0.6694711538461539 0.056490384615384616 0.008413461538461538 0.008413461538461538
0 0.6430288461538461 0.040865384615384616 0.010817307692307692 0.008413461538461538
0 0.6201923076923077 0.03125 0.010817307692307692 0.013221153846153846
0 0.6021634615384616 0.030048076923076924 0.010817307692307692 0.010817307692307692
0 0.5817307692307693 0.016826923076923076 0.010817307692307692 0.010817307692307692
0 0.5685096153846154 0.010817307692307692 0.007211538461538462 0.008413461538461538
0 0.5877403846153846 0.05889423076923077 0.008413461538461538 0.018028846153846152
0 0.5985576923076923 0.054086538461538464 0.008413461538461538 0.013221153846153846
0 0.5372596153846154 0.03125 0.007211538461538462 0.008413461538461538
0 0.7103365384615384 0.036057692307692304 0.010817307692307692 0.008413461538461538
0 0.6995192307692307 0.026442307692307692 0.010817307692307692 0.008413461538461538
0 0.6923076923076923 0.02283653846153846 0.010817307692307692 0.013221153846153846
0 0.6802884615384616 0.019230769230769232 0.008413461538461538 0.010817307692307692
0 0.6658653846153846 0.009615384615384616 0.010817307692307692 0.015625
0 0.6526442307692307 0.006009615384615385 0.008413461538461538 0.010817307692307692
0 0.6430288461538461 0.054086538461538464 0.010817307692307692 0.008413461538461538
0 0.5444711538461539 0.006009615384615385 0.010817307692307692 0.010817307692307692
0 0.27163461538461536 0.003605769230769231 0.007211538461538462 0.007211538461538462
0 0.9783653846153846 0.021634615384615384 0.007211538461538462 0.007211538461538462
0 0.9903846153846154 0.008413461538461538 0.007211538461538462 0.007211538461538462
0 0.9567307692307693 0.06129807692307692 0.008413461538461538 0.008413461538461538
0 0.9471153846153846 0.07091346153846154 0.007211538461538462 0.007211538461538462
0 0.9375 0.08052884615384616 0.008413461538461538 0.008413461538461538
0 0.9338942307692307 0.10336538461538461 0.010817307692307692 0.008413461538461538
0 0.9699519230769231 0.03365384615384615 0.007211538461538462 0.008413461538461538
0 0.5396634615384616 0.24879807692307693 0.007211538461538462 0.007211538461538462
0 0.5432692307692307 0.23557692307692307 0.008413461538461538 0.007211538461538462
0 0.5576923076923077 0.24519230769230768 0.010817307692307692 0.008413461538461538
0 0.5661057692307693 0.2536057692307692 0.007211538461538462 0.007211538461538462
0 0.5793269230769231 0.24158653846153846 0.008413461538461538 0.008413461538461538
0 0.49158653846153844 0.2980769230769231 0.004807692307692308 0.007211538461538462
0 0.49399038461538464 0.27884615384615385 0.010817307692307692 0.008413461538461538
0 0.45913461538461536 0.3016826923076923 0.008413461538461538 0.008413461538461538
0 0.4675480769230769 0.2800480769230769 0.007211538461538462 0.015625
0 0.4495192307692308 0.2764423076923077 0.010817307692307692 0.008413461538461538
0 0.4951923076923077 0.25841346153846156 0.008413461538461538 0.008413461538461538
0 0.4891826923076923 0.34615384615384615 0.008413461538461538 0.010817307692307692
0 0.4855769230769231 0.36658653846153844 0.010817307692307692 0.007211538461538462
0 0.4723557692307692 0.3425480769230769 0.007211538461538462 0.008413461538461538
0 0.4723557692307692 0.35697115384615385 0.007211538461538462 0.007211538461538462
0 0.4723557692307692 0.36658653846153844 0.007211538461538462 0.007211538461538462
0 0.4699519230769231 0.38100961538461536 0.007211538461538462 0.004807692307692308
0 0.45552884615384615 0.37740384615384615 0.007211538461538462 0.007211538461538462
0 0.4579326923076923 0.35697115384615385 0.007211538461538462 0.007211538461538462
0 0.45552884615384615 0.34615384615384615 0.007211538461538462 0.007211538461538462
0 0.46153846153846156 0.32572115384615385 0.008413461538461538 0.007211538461538462
0 0.4338942307692308 0.3233173076923077 0.007211538461538462 0.007211538461538462
0 0.4483173076923077 0.3161057692307692 0.008413461538461538 0.007211538461538462
0 0.6201923076923077 0.375 0.007211538461538462 0.007211538461538462
0 0.6225961538461539 0.36538461538461536 0.007211538461538462 0.008413461538461538
0 0.6346153846153846 0.3605769230769231 0.008413461538461538 0.008413461538461538
0 0.6346153846153846 0.34615384615384615 0.008413461538461538 0.007211538461538462
0 0.6370192307692307 0.31971153846153844 0.008413461538461538 0.008413461538461538
0 0.5925480769230769 0.35336538461538464 0.008413461538461538 0.004807692307692308
0 0.6069711538461539 0.34975961538461536 0.007211538461538462 0.007211538461538462
0 0.546875 0.2800480769230769 0.008413461538461538 0.007211538461538462
0 0.5120192307692307 0.3076923076923077 0.007211538461538462 0.007211538461538462
0 0.5096153846153846 0.2932692307692308 0.007211538461538462 0.008413461538461538
0 0.4963942307692308 0.38822115384615385 0.007211538461538462 0.007211538461538462
0 0.4987980769230769 0.3762019230769231 0.010817307692307692 0.004807692307692308
0 0.4675480769230769 0.4014423076923077 0.010817307692307692 0.010817307692307692
0 0.4362980769230769 0.29447115384615385 0.002403846153846154 0.002403846153846154
0 0.4423076923076923 0.25240384615384615 0.007211538461538462 0.008413461538461538
0 0.44350961538461536 0.23918269230769232 0.004807692307692308 0.004807692307692308
0 0.4519230769230769 0.23798076923076922 0.007211538461538462 0.007211538461538462
0 0.39783653846153844 0.2668269230769231 0.007211538461538462 0.007211538461538462
0 0.8173076923076923 0.34615384615384615 0.008413461538461538 0.010817307692307692
0 0.8305288461538461 0.3473557692307692 0.008413461538461538 0.008413461538461538
0 0.8293269230769231 0.30649038461538464 0.004807692307692308 0.008413461538461538
0 0.8137019230769231 0.31850961538461536 0.007211538461538462 0.007211538461538462
0 0.8149038461538461 0.30528846153846156 0.004807692307692308 0.007211538461538462
0 0.8413461538461539 0.3076923076923077 0.007211538461538462 0.007211538461538462
0 0.8713942307692307 0.37259615384615385 0.008413461538461538 0.007211538461538462
0 0.8713942307692307 0.359375 0.004807692307692308 0.007211538461538462
0 0.8701923076923077 0.3485576923076923 0.007211538461538462 0.004807692307692308
0 0.8701923076923077 0.3317307692307692 0.007211538461538462 0.010817307692307692
0 0.8725961538461539 0.3161057692307692 0.007211538461538462 0.007211538461538462
0 0.8737980769230769 0.3004807692307692 0.004807692307692308 0.007211538461538462
0 0.9927884615384616 0.13701923076923078 0.004807692307692308 0.004807692307692308
0 0.9819711538461539 0.15144230769230768 0.008413461538461538 0.007211538461538462
0 0.8725961538461539 0.2932692307692308 0.007211538461538462 0.004807692307692308
0 0.8725961538461539 0.2764423076923077 0.007211538461538462 0.008413461538461538
0 0.8725961538461539 0.26322115384615385 0.007211538461538462 0.008413461538461538
0 0.8737980769230769 0.24639423076923078 0.008413461538461538 0.007211538461538462
0 0.8762019230769231 0.22355769230769232 0.008413461538461538 0.007211538461538462
0 0.8485576923076923 0.3798076923076923 0.007211538461538462 0.007211538461538462
0 0.8449519230769231 0.3629807692307692 0.004807692307692308 0.008413461538461538
0 0.8004807692307693 0.30408653846153844 0.007211538461538462 0.004807692307692308
0 0.6971153846153846 0.35216346153846156 0.007211538461538462 0.007211538461538462
0 0.7271634615384616 0.3629807692307692 0.008413461538461538 0.013221153846153846
0 0.7403846153846154 0.37259615384615385 0.007211538461538462 0.007211538461538462
0 0.5985576923076923 0.2536057692307692 0.007211538461538462 0.007211538461538462
0 0.7235576923076923 0.43990384615384615 0.004807692307692308 0.007211538461538462
0 0.6826923076923077 0.4362980769230769 0.008413461538461538 0.007211538461538462
0 0.6502403846153846 0.4362980769230769 0.007211538461538462 0.007211538461538462
0 0.6634615384615384 0.4375 0.007211538461538462 0.008413461538461538
0 0.7596153846153846 0.41466346153846156 0.010817307692307692 0.008413461538461538
0 0.6442307692307693 0.41586538461538464 0.004807692307692308 0.007211538461538462
0 0.8149038461538461 0.41346153846153844 0.008413461538461538 0.007211538461538462
0 0.7716346153846154 0.453125 0.007211538461538462 0.008413461538461538
0 0.7740384615384616 0.4362980769230769 0.007211538461538462 0.007211538461538462
0 0.7524038461538461 0.4495192307692308 0.008413461538461538 0.007211538461538462
0 0.7139423076923077 0.4699519230769231 0.008413461538461538 0.007211538461538462
0 0.7572115384615384 0.5024038461538461 0.008413461538461538 0.008413461538461538
0 0.5949519230769231 0.47475961538461536 0.008413461538461538 0.008413461538461538
0 0.6574519230769231 0.4987980769230769 0.008413461538461538 0.007211538461538462
0 0.7596153846153846 0.5252403846153846 0.007211538461538462 0.004807692307692308
0 0.8100961538461539 0.5757211538461539 0.010817307692307692 0.010817307692307692
0 0.8112980769230769 0.5637019230769231 0.008413461538461538 0.007211538461538462
0 0.8257211538461539 0.5432692307692307 0.007211538461538462 0.008413461538461538
0 0.8197115384615384 0.5372596153846154 0.008413461538461538 0.007211538461538462
0 0.7872596153846154 0.5673076923076923 0.007211538461538462 0.004807692307692308
0 0.7872596153846154 0.5564903846153846 0.007211538461538462 0.004807692307692308
0 0.7692307692307693 0.5625 0.007211538461538462 0.013221153846153846
0 0.8581730769230769 0.5793269230769231 0.013221153846153846 0.013221153846153846
0 0.8786057692307693 0.5805288461538461 0.013221153846153846 0.015625
0 0.8701923076923077 0.5625 0.010817307692307692 0.008413461538461538
0 0.8557692307692307 0.5564903846153846 0.008413461538461538 0.008413461538461538
0 0.6802884615384616 0.5625 0.013221153846153846 0.013221153846153846
0 0.5805288461538461 0.5276442307692307 0.008413461538461538 0.010817307692307692
0 0.5985576923076923 0.5300480769230769 0.008413461538461538 0.007211538461538462
0 0.5216346153846154 0.5264423076923077 0.010817307692307692 0.010817307692307692
0 0.8665865384615384 0.6165865384615384 0.010817307692307692 0.010817307692307692
0 0.8185096153846154 0.6165865384615384 0.010817307692307692 0.013221153846153846
0 0.7824519230769231 0.6117788461538461 0.010817307692307692 0.007211538461538462
0 0.7271634615384616 0.6129807692307693 0.013221153846153846 0.013221153846153846
0 0.7139423076923077 0.6129807692307693 0.008413461538461538 0.008413461538461538
0 0.8834134615384616 0.6514423076923077 0.008413461538461538 0.010817307692307692
0 0.8798076923076923 0.6237980769230769 0.007211538461538462 0.008413461538461538
0 0.8834134615384616 0.7055288461538461 0.010817307692307692 0.013221153846153846
0 0.8834134615384616 0.6778846153846154 0.008413461538461538 0.008413461538461538
0 0.8834134615384616 0.7608173076923077 0.010817307692307692 0.013221153846153846
0 0.8774038461538461 0.8076923076923077 0.010817307692307692 0.010817307692307692
0 0.8822115384615384 0.7908653846153846 0.010817307692307692 0.008413461538461538
0 0.8834134615384616 0.7788461538461539 0.007211538461538462 0.008413461538461538
0 0.625 0.7668269230769231 0.007211538461538462 0.007211538461538462
0 0.8798076923076923 0.8389423076923077 0.010817307692307692 0.007211538461538462
0 0.8822115384615384 0.8485576923076923 0.007211538461538462 0.007211538461538462
0 0.8810096153846154 0.8641826923076923 0.008413461538461538 0.007211538461538462
0 0.8810096153846154 0.8822115384615384 0.008413461538461538 0.010817307692307692
0 0.9699519230769231 0.9290865384615384 0.020432692307692308 0.015625
0 0.9927884615384616 0.5733173076923077 0.008413461538461538 0.007211538461538462
0 0.9927884615384616 0.5576923076923077 0.008413461538461538 0.007211538461538462
0 0.9927884615384616 0.5985576923076923 0.008413461538461538 0.008413461538461538
0 0.9639423076923077 0.6117788461538461 0.013221153846153846 0.010817307692307692
0 0.9615384615384616 0.5985576923076923 0.013221153846153846 0.008413461538461538
0 0.9591346153846154 0.5805288461538461 0.008413461538461538 0.010817307692307692
0 0.96875 0.5612980769230769 0.008413461538461538 0.008413461538461538
0 0.9603365384615384 0.5432692307692307 0.010817307692307692 0.013221153846153846
0 0.9627403846153846 0.5180288461538461 0.010817307692307692 0.008413461538461538
0 0.9615384615384616 0.4951923076923077 0.008413461538461538 0.008413461538461538
0 0.9747596153846154 0.49038461538461536 0.008413461538461538 0.010817307692307692
0 0.9867788461538461 0.4951923076923077 0.008413461538461538 0.013221153846153846
0 0.9951923076923077 0.6850961538461539 0.004807692307692308 0.008413461538461538
0 0.96875 0.7235576923076923 0.008413461538461538 0.008413461538461538
0 0.9699519230769231 0.6959134615384616 0.007211538461538462 0.008413461538461538
0 0.96875 0.6694711538461539 0.008413461538461538 0.008413461538461538
0 0.96875 0.6394230769230769 0.008413461538461538 0.008413461538461538
0 0.96875 0.7536057692307693 0.008413461538461538 0.010817307692307692
0 0.9675480769230769 0.7788461538461539 0.010817307692307692 0.008413461538461538
0 0.9711538461538461 0.8076923076923077 0.008413461538461538 0.010817307692307692
0 0.96875 0.8269230769230769 0.008413461538461538 0.008413461538461538
0 0.7403846153846154 0.9098557692307693 0.010817307692307692 0.013221153846153846
0 0.6862980769230769 0.9134615384615384 0.010817307692307692 0.010817307692307692
0 0.4579326923076923 0.5889423076923077 0.015625 0.010817307692307692
0 0.9915865384615384 0.3088942307692308 0.013221153846153846 0.013221153846153846
0 0.9795673076923077 0.27403846153846156 0.013221153846153846 0.015625
0 0.15625 0.3894230769230769 0.020432692307692308 0.013221153846153846