0 0.17668269230769232 0.6670673076923077 0.010817307692307692 0.013221153846153846
0 0.18028846153846154 0.7055288461538461 0.008413461538461538 0.010817307692307692
0 0.17668269230769232 0.7536057692307693 0.010817307692307692 0.010817307692307692
0 0.13341346153846154 0.5012019230769231 0.010817307692307692 0.010817307692307692
0 0.10216346153846154 0.5024038461538461 0.010817307692307692 0.008413461538461538
0 0.0733173076923077 0.5036057692307693 0.010817307692307692 0.010817307692307692
0 0.06129807692307692 0.5012019230769231 0.013221153846153846 0.010817307692307692
0 0.04447115384615385 0.5012019230769231 0.008413461538461538 0.010817307692307692
0 0.028846153846153848 0.5 0.013221153846153846 0.008413461538461538
0 0.16105769230769232 0.5012019230769231 0.010817307692307692 0.007211538461538462
0 0.18028846153846154 0.5012019230769231 0.013221153846153846 0.010817307692307692
0 0.020432692307692308 0.5841346153846154 0.013221153846153846 0.010817307692307692
0 0.02283653846153846 0.5985576923076923 0.008413461538461538 0.008413461538461538
0 0.020432692307692308 0.609375 0.013221153846153846 0.007211538461538462
0 0.020432692307692308 0.6370192307692307 0.008413461538461538 0.008413461538461538
0 0.016826923076923076 0.6646634615384616 0.007211538461538462 0.004807692307692308
0 0.1346153846153846 0.7199519230769231 0.008413461538461538 0.010817307692307692
0 0.11658653846153846 0.9350961538461539 0.008413461538461538 0.008413461538461538
0 0.11658653846153846 0.9903846153846154 0.010817307692307692 0.010817307692307692
0 0.026442307692307692 0.9266826923076923 0.008413461538461538 0.010817307692307692
0 0.040865384615384616 0.45072115384615385 0.008413461538461538 0.008413461538461538
0 0.009615384615384616 0.4519230769230769 0.007211538461538462 0.010817307692307692
0 0.0733173076923077 0.44711538461538464 0.010817307692307692 0.010817307692307692
0 0.11658653846153846 0.4543269230769231 0.007211538461538462 0.010817307692307692
0 0.1814903846153846 0.4519230769230769 0.007211538461538462 0.007211538461538462
0 0.17548076923076922 0.43990384615384615 0.013221153846153846 0.010817307692307692
0 0.18028846153846154 0.42908653846153844 0.008413461538461538 0.010817307692307692
0 0.17908653846153846 0.41346153846153844 0.010817307692307692 0.007211538461538462
0 0.17908653846153846 0.40024038461538464 0.007211538461538462 0.015625
0 0.17668269230769232 0.38341346153846156 0.007211538461538462 0.008413461538461538
0 0.17548076923076922 0.3713942307692308 0.008413461538461538 0.008413461538461538
0 0.17668269230769232 0.359375 0.007211538461538462 0.007211538461538462
0 0.17548076923076922 0.3473557692307692 0.008413461538461538 0.008413461538461538
0 0.18269230769230768 0.33533653846153844 0.008413461538461538 0.008413461538461538
0 0.17908653846153846 0.3233173076923077 0.007211538461538462 0.007211538461538462
0 0.1814903846153846 0.3125 0.010817307692307692 0.008413461538461538
0 0.18028846153846154 0.29927884615384615 0.008413461538461538 0.008413461538461538
0 0.18028846153846154 0.15264423076923078 0.008413461538461538 0.018028846153846152
0 0.1814903846153846 0.1346153846153846 0.007211538461538462 0.008413461538461538
0 0.18028846153846154 0.11778846153846154 0.008413461538461538 0.007211538461538462
0 0.18389423076923078 0.09254807692307693 0.007211538461538462 0.008413461538461538
0 0.18389423076923078 0.04807692307692308 0.007211538461538462 0.007211538461538462
0 0.1875 0.0625 0.008413461538461538 0.008413461538461538
0 0.18509615384615385 0.026442307692307692 0.008413461538461538 0.010817307692307692
0 0.18509615384615385 0.004807692307692308 0.008413461538461538 0.008413461538461538
0 0.028846153846153848 0.8737980769230769 0.008413461538461538 0.008413461538461538
0 0.05048076923076923 0.8786057692307693 0.007211538461538462 0.008413461538461538
0 0.046875 0.8954326923076923 0.008413461538461538 0.007211538461538462
0 0.04567307692307692 0.9134615384615384 0.007211538461538462 0.007211538461538462
0 0.04447115384615385 0.9338942307692307 0.008413461538461538 0.007211538461538462
0 0.06490384615384616 0.9326923076923077 0.008413461538461538 0.008413461538461538
0 0.0673076923076923 0.9146634615384616 0.008413461538461538 0.008413461538461538
0 0.06610576923076923 0.8954326923076923 0.007211538461538462 0.007211538461538462
0 0.08413461538461539 0.8966346153846154 0.007211538461538462 0.008413461538461538
0 0.04447115384615385 0.953125 0.013221153846153846 0.008413461538461538
0 0.046875 0.9711538461538461 0.004807692307692308 0.008413461538461538
0 0.027644230769230768 0.8930288461538461 0.007211538461538462 0.010817307692307692
0 0.12259615384615384 0.9170673076923077 0.010817307692307692 0.013221153846153846
0 0.0625 0.9879807692307693 0.008413461538461538 0.007211538461538462
0 0.0829326923076923 0.9891826923076923 0.008413461538461538 0.008413461538461538
0 0.026442307692307692 0.96875 0.008413461538461538 0.008413461538461538
0 0.026442307692307692 0.9879807692307693 0.008413461538461538 0.010817307692307692
0 0.13701923076923078 0.9375 0.008413461538461538 0.008413461538461538
0 0.07211538461538461 0.0673076923076923 0.013221153846153846 0.018028846153846152
0 0.042067307692307696 0.14302884615384615 0.010817307692307692 0.010817307692307692
0 0.046875 0.17427884615384615 0.013221153846153846 0.015625
0 0.078125 0.18509615384615385 0.010817307692307692 0.018028846153846152
0 0.05889423076923077 0.1935096153846154 0.018028846153846152 0.008413461538461538
0 0.08413461538461539 0.06850961538461539 0.010817307692307692 0.010817307692307692
0 0.016826923076923076 0.7079326923076923 0.010817307692307692 0.015625