0 0.9651442307692307 0.5036057692307693 0.010817307692307692 0.010817307692307692
0 0.953125 0.5012019230769231 0.013221153846153846 0.010817307692307692
0 0.9375 0.5012019230769231 0.008413461538461538 0.010817307692307692
0 0.9206730769230769 0.5 0.013221153846153846 0.008413461538461538
0 0.9122596153846154 0.5841346153846154 0.013221153846153846 0.010817307692307692
0 0.9146634615384616 0.5985576923076923 0.008413461538461538 0.008413461538461538
0 0.9122596153846154 0.609375 0.013221153846153846 0.007211538461538462
0 0.9122596153846154 0.6370192307692307 0.008413461538461538 0.008413461538461538
0 0.9086538461538461 0.6646634615384616 0.007211538461538462 0.004807692307692308
0 0.8245192307692307 0.984375 0.008413461538461538 0.008413461538461538
0 0.8257211538461539 0.9723557692307693 0.007211538461538462 0.007211538461538462
0 0.8329326923076923 0.9639423076923077 0.008413461538461538 0.008413461538461538
0 0.8076923076923077 0.90625 0.010817307692307692 0.015625
0 0.7992788461538461 0.9326923076923077 0.008413461538461538 0.008413461538461538
0 0.8557692307692307 0.5144230769230769 0.008413461538461538 0.010817307692307692
0 0.8858173076923077 0.5108173076923077 0.010817307692307692 0.008413461538461538
0 0.8533653846153846 0.5444711538461539 0.008413461538461538 0.010817307692307692
0 0.8497596153846154 0.5697115384615384 0.007211538461538462 0.008413461538461538
0 0.8485576923076923 0.5949519230769231 0.008413461538461538 0.013221153846153846
0 0.8377403846153846 0.6995192307692307 0.004807692307692308 0.010817307692307692
0 0.8329326923076923 0.7331730769230769 0.008413461538461538 0.010817307692307692
0 0.8293269230769231 0.9411057692307693 0.008413461538461538 0.013221153846153846
0 0.6165865384615384 0.9867788461538461 0.013221153846153846 0.013221153846153846
0 0.9194711538461539 0.9266826923076923 0.008413461538461538 0.010817307692307692
0 0.4579326923076923 0.9603365384615384 0.015625 0.015625
0 0.5288461538461539 0.8966346153846154 0.013221153846153846 0.013221153846153846
0 0.8293269230769231 0.5396634615384616 0.008413461538461538 0.007211538461538462
0 0.3545673076923077 0.44711538461538464 0.010817307692307692 0.010817307692307692
0 0.3329326923076923 0.44711538461538464 0.008413461538461538 0.007211538461538462
0 0.5384615384615384 0.44711538461538464 0.013221153846153846 0.010817307692307692
0 0.29447115384615385 0.3641826923076923 0.008413461538461538 0.007211538461538462
0 0.2956730769230769 0.34975961538461536 0.007211538461538462 0.007211538461538462
0 0.2956730769230769 0.328125 0.007211538461538462 0.007211538461538462
0 0.296875 0.31009615384615385 0.008413461538461538 0.007211538461538462
0 0.29447115384615385 0.38221153846153844 0.007211538461538462 0.007211538461538462
0 0.40865384615384615 0.44591346153846156 0.007211538461538462 0.008413461538461538
0 0.42788461538461536 0.44591346153846156 0.008413461538461538 0.008413461538461538
0 0.44711538461538464 0.44591346153846156 0.010817307692307692 0.008413461538461538
0 0.4699519230769231 0.44711538461538464 0.007211538461538462 0.007211538461538462
0 0.4807692307692308 0.44711538461538464 0.007211538461538462 0.007211538461538462
0 0.4579326923076923 0.38341346153846156 0.007211538461538462 0.007211538461538462
0 0.46875 0.38822115384615385 0.004807692307692308 0.007211538461538462
0 0.4795673076923077 0.38822115384615385 0.004807692307692308 0.007211538461538462
0 0.5949519230769231 0.44711538461538464 0.008413461538461538 0.007211538461538462
0 0.48197115384615385 0.2824519230769231 0.013221153846153846 0.010817307692307692
0 0.49759615384615385 0.2824519230769231 0.008413461538461538 0.007211538461538462
0 0.30528846153846156 0.27163461538461536 0.007211538461538462 0.007211538461538462
0 0.3161057692307692 0.27884615384615385 0.007211538461538462 0.008413461538461538
0 0.2980769230769231 0.4483173076923077 0.007211538461538462 0.004807692307692308
0 0.29447115384615385 0.4375 0.007211538461538462 0.008413461538461538
0 0.7127403846153846 0.45072115384615385 0.010817307692307692 0.008413461538461538
0 0.6766826923076923 0.45072115384615385 0.010817307692307692 0.008413461538461538
0 0.7752403846153846 0.4483173076923077 0.008413461538461538 0.013221153846153846
0 0.7920673076923077 0.45072115384615385 0.007211538461538462 0.008413461538461538
0 0.8088942307692307 0.4519230769230769 0.008413461538461538 0.007211538461538462
0 0.8209134615384616 0.3954326923076923 0.010817307692307692 0.010817307692307692
0 0.8822115384615384 0.453125 0.007211538461538462 0.004807692307692308
0 0.9326923076923077 0.45072115384615385 0.008413461538461538 0.008413461538461538
0 0.9014423076923077 0.4519230769230769 0.007211538461538462 0.010817307692307692
0 0.9651442307692307 0.44711538461538464 0.010817307692307692 0.010817307692307692
0 0.9555288461538461 0.04927884615384615 0.013221153846153846 0.013221153846153846
0 0.9663461538461539 0.06971153846153846 0.008413461538461538 0.008413461538461538
0 0.9663461538461539 0.08173076923076923 0.008413461538461538 0.007211538461538462
0 0.9651442307692307 0.09375 0.007211538461538462 0.007211538461538462
0 0.9314903846153846 0.09134615384615384 0.007211538461538462 0.007211538461538462
0 0.9266826923076923 0.12259615384615384 0.007211538461538462 0.007211538461538462
0 0.9230769230769231 0.15745192307692307 0.008413461538461538 0.008413461538461538
0 0.6850961538461539 0.28365384615384615 0.008413461538461538 0.008413461538461538
0 0.13942307692307693 0.40024038461538464 0.013221153846153846 0.010817307692307692
0 0.12740384615384615 0.0625 0.015625 0.020432692307692308
0 0.03245192307692308 0.037259615384615384 0.020432692307692308 0.020432692307692308
0 0.9206730769230769 0.8737980769230769 0.008413461538461538 0.008413461538461538
0 0.9423076923076923 0.8786057692307693 0.007211538461538462 0.008413461538461538
0 0.9387019230769231 0.8954326923076923 0.008413461538461538 0.007211538461538462
0 0.9375 0.9134615384615384 0.007211538461538462 0.007211538461538462
0 0.9375 0.9338942307692307 0.008413461538461538 0.007211538461538462
0 0.9567307692307693 0.9326923076923077 0.008413461538461538 0.008413461538461538
0 0.9591346153846154 0.9146634615384616 0.008413461538461538 0.008413461538461538
0 0.9579326923076923 0.8954326923076923 0.007211538461538462 0.007211538461538462
0 0.9759615384615384 0.8966346153846154 0.007211538461538462 0.008413461538461538
0 0.9375 0.953125 0.013221153846153846 0.008413461538461538
0 0.9387019230769231 0.9711538461538461 0.004807692307692308 0.008413461538461538
0 0.9194711538461539 0.8930288461538461 0.007211538461538462 0.010817307692307692
0 0.9555288461538461 0.9879807692307693 0.008413461538461538 0.007211538461538462
0 0.9747596153846154 0.9891826923076923 0.008413461538461538 0.008413461538461538
0 0.9194711538461539 0.96875 0.008413461538461538 0.008413461538461538
0 0.9194711538461539 0.9879807692307693 0.008413461538461538 0.010817307692307692
0 0.019230769230769232 0.8665865384615384 0.010817307692307692 0.008413461538461538
0 0.08052884615384616 0.7199519230769231 0.015625 0.010817307692307692
0 0.09014423076923077 0.625 0.018028846153846152 0.015625
0 0.07932692307692307 0.6598557692307693 0.018028846153846152 0.008413461538461538
0 0.13341346153846154 0.6081730769230769 0.010817307692307692 0.018028846153846152
0 0.0733173076923077 0.6899038461538461 0.015625 0.015625
0 0.1141826923076923 0.7079326923076923 0.007211538461538462 0.007211538461538462
0 0.12379807692307693 0.7151442307692307 0.008413461538461538 0.007211538461538462
0 0.17067307692307693 0.7079326923076923 0.013221153846153846 0.010817307692307692
0 0.06129807692307692 0.5504807692307693 0.018028846153846152 0.020432692307692308