0 0.5348557692307693 0.7091346153846154 0.028846153846153848 0.026442307692307692
0 0.9254807692307693 0.6959134615384616 0.02283653846153846 0.026442307692307692
0 0.96875 0.44350961538461536 0.013221153846153846 0.013221153846153846
0 0.8641826923076923 0.17427884615384615 0.015625 0.015625
0 0.8497596153846154 0.16466346153846154 0.010817307692307692 0.013221153846153846
0 0.8389423076923077 0.1502403846153846 0.010817307692307692 0.015625
0 0.8605769230769231 0.14182692307692307 0.013221153846153846 0.018028846153846152
0 0.8473557692307693 0.1201923076923077 0.013221153846153846 0.010817307692307692
0 0.8978365384615384 0.07211538461538461 0.015625 0.018028846153846152
0 0.9447115384615384 0.3125 0.015625 0.018028846153846152
0 0.9194711538461539 0.17548076923076922 0.013221153846153846 0.008413461538461538
0 0.7932692307692307 0.019230769230769232 0.013221153846153846 0.010817307692307692
0 0.8653846153846154 0.026442307692307692 0.018028846153846152 0.010817307692307692
0 0.8701923076923077 0.2512019230769231 0.007211538461538462 0.007211538461538462
0 0.8810096153846154 0.25721153846153844 0.008413461538461538 0.008413461538461538
0 0.8894230769230769 0.2439903846153846 0.013221153846153846 0.010817307692307692