0 0.3425480769230769 0.9158653846153846 0.013221153846153846 0.010817307692307692
0 0.35697115384615385 0.90625 0.015625 0.010817307692307692
0 0.4699519230769231 0.9242788461538461 0.007211538461538462 0.007211538461538462
0 0.4567307692307692 0.9471153846153846 0.008413461538461538 0.007211538461538462
0 0.5024038461538461 0.9399038461538461 0.008413461538461538 0.007211538461538462
0 0.4879807692307692 0.9194711538461539 0.007211538461538462 0.008413461538461538
0 0.4723557692307692 0.9038461538461539 0.007211538461538462 0.007211538461538462
0 0.6418269230769231 0.9555288461538461 0.008413461538461538 0.008413461538461538
0 0.6370192307692307 0.9459134615384616 0.008413461538461538 0.008413461538461538
0 0.625 0.9399038461538461 0.007211538461538462 0.007211538461538462
0 0.6334134615384616 0.9639423076923077 0.008413461538461538 0.008413461538461538
0 0.6334134615384616 0.9206730769230769 0.008413461538461538 0.008413461538461538
0 0.6189903846153846 0.9146634615384616 0.008413461538461538 0.008413461538461538
0 0.3269230769230769 0.7415865384615384 0.008413461538461538 0.008413461538461538
0 0.6887019230769231 0.6646634615384616 0.013221153846153846 0.02283653846153846
0 0.71875 0.6646634615384616 0.018028846153846152 0.02283653846153846
0 0.9591346153846154 0.6646634615384616 0.013221153846153846 0.013221153846153846
0 0.8329326923076923 0.6646634615384616 0.018028846153846152 0.013221153846153846
0 0.7944711538461539 0.6622596153846154 0.010817307692307692 0.008413461538461538
0 0.6538461538461539 0.6610576923076923 0.010817307692307692 0.010817307692307692
0 0.6706730769230769 0.7632211538461539 0.008413461538461538 0.008413461538461538
0 0.671875 0.7932692307692307 0.007211538461538462 0.008413461538461538
0 0.3016826923076923 0.8545673076923077 0.008413461538461538 0.010817307692307692
0 0.31009615384615385 0.6610576923076923 0.015625 0.020432692307692308