0 0.4723557692307692 0.006009615384615385 0.007211538461538462 0.007211538461538462
0 0.3269230769230769 0.16947115384615385 0.008413461538461538 0.008413461538461538
0 0.6887019230769231 0.24519230769230768 0.013221153846153846 0.02283653846153846
0 0.71875 0.24519230769230768 0.018028846153846152 0.02283653846153846
0 0.9591346153846154 0.24519230769230768 0.013221153846153846 0.013221153846153846
0 0.8329326923076923 0.24519230769230768 0.018028846153846152 0.013221153846153846
0 0.7944711538461539 0.24759615384615385 0.010817307692307692 0.008413461538461538
0 0.6538461538461539 0.24879807692307693 0.010817307692307692 0.010817307692307692
0 0.6706730769230769 0.1466346153846154 0.008413461538461538 0.008413461538461538
0 0.671875 0.11658653846153846 0.007211538461538462 0.008413461538461538
0 0.31009615384615385 0.24879807692307693 0.015625 0.020432692307692308