0 0.11658653846153846 0.04326923076923077 0.008413461538461538 0.008413461538461538
0 0.11658653846153846 0.0985576923076923 0.010817307692307692 0.010817307692307692
0 0.0829326923076923 0.11658653846153846 0.008413461538461538 0.010817307692307692
0 0.05889423076923077 0.13341346153846154 0.008413461538461538 0.010817307692307692
0 0.17668269230769232 0.18269230769230768 0.007211538461538462 0.008413461538461538
0 0.018028846153846152 0.31490384615384615 0.008413461538461538 0.008413461538461538
0 0.026442307692307692 0.03485576923076923 0.008413461538461538 0.010817307692307692
0 0.046875 0.003605769230769231 0.008413461538461538 0.007211538461538462
0 0.04567307692307692 0.021634615384615384 0.007211538461538462 0.007211538461538462
0 0.04447115384615385 0.042067307692307696 0.008413461538461538 0.007211538461538462
0 0.06490384615384616 0.040865384615384616 0.008413461538461538 0.008413461538461538
0 0.0673076923076923 0.02283653846153846 0.008413461538461538 0.008413461538461538
0 0.06610576923076923 0.003605769230769231 0.007211538461538462 0.007211538461538462
0 0.08413461538461539 0.004807692307692308 0.007211538461538462 0.008413461538461538
0 0.04447115384615385 0.06129807692307692 0.013221153846153846 0.008413461538461538
0 0.046875 0.07932692307692307 0.004807692307692308 0.008413461538461538
0 0.12259615384615384 0.025240384615384616 0.010817307692307692 0.013221153846153846
0 0.025240384615384616 0.1141826923076923 0.013221153846153846 0.010817307692307692
0 0.0625 0.09615384615384616 0.008413461538461538 0.007211538461538462
0 0.0829326923076923 0.09735576923076923 0.008413461538461538 0.008413461538461538
0 0.0625 0.11658653846153846 0.007211538461538462 0.007211538461538462
0 0.09975961538461539 0.13581730769230768 0.007211538461538462 0.007211538461538462
0 0.10096153846153846 0.15384615384615385 0.008413461538461538 0.007211538461538462
0 0.09735576923076923 0.17307692307692307 0.008413461538461538 0.008413461538461538
0 0.026442307692307692 0.07692307692307693 0.008413461538461538 0.008413461538461538
0 0.026442307692307692 0.09615384615384616 0.008413461538461538 0.010817307692307692
0 0.13701923076923078 0.04447115384615385 0.008413461538461538 0.008413461538461538