0 0.08653846153846154 0.021634615384615384 0.007211538461538462 0.007211538461538462
0 0.0985576923076923 0.008413461538461538 0.007211538461538462 0.007211538461538462
0 0.06490384615384616 0.06129807692307692 0.008413461538461538 0.008413461538461538
0 0.055288461538461536 0.07091346153846154 0.007211538461538462 0.007211538461538462
0 0.04447115384615385 0.08052884615384616 0.008413461538461538 0.008413461538461538
0 0.042067307692307696 0.10336538461538461 0.010817307692307692 0.008413461538461538
0 0.078125 0.03365384615384615 0.007211538461538462 0.008413461538461538
0 0.15144230769230768 0.055288461538461536 0.008413461538461538 0.007211538461538462
0 0.16947115384615385 0.027644230769230768 0.010817307692307692 0.010817307692307692
0 0.13581730769230768 0.08413461538461539 0.007211538461538462 0.007211538461538462
0 0.11778846153846154 0.109375 0.007211538461538462 0.007211538461538462
0 0.12379807692307693 0.1201923076923077 0.004807692307692308 0.007211538461538462
0 0.11658653846153846 0.1346153846153846 0.007211538461538462 0.004807692307692308
0 0.10096153846153846 0.13701923076923078 0.004807692307692308 0.004807692307692308
0 0.17067307692307693 0.08052884615384616 0.008413461538461538 0.007211538461538462
0 0.15144230769230768 0.08052884615384616 0.007211538461538462 0.007211538461538462
0 0.09014423076923077 0.15144230769230768 0.008413461538461538 0.007211538461538462
0 0.2127403846153846 0.10697115384615384 0.007211538461538462 0.007211538461538462
0 0.078125 0.9290865384615384 0.020432692307692308 0.015625
0 0.11658653846153846 0.5745192307692307 0.008413461538461538 0.008413461538461538
0 0.13221153846153846 0.5901442307692307 0.007211538461538462 0.008413461538461538
0 0.12980769230769232 0.6021634615384616 0.007211538461538462 0.007211538461538462
0 0.14543269230769232 0.6009615384615384 0.007211538461538462 0.008413461538461538
0 0.14543269230769232 0.6141826923076923 0.007211538461538462 0.007211538461538462
0 0.15745192307692307 0.6141826923076923 0.008413461538461538 0.007211538461538462
0 0.15625 0.625 0.007211538461538462 0.007211538461538462
0 0.14543269230769232 0.625 0.007211538461538462 0.007211538461538462
0 0.12980769230769232 0.6165865384615384 0.007211538461538462 0.008413461538461538
0 0.13221153846153846 0.6286057692307693 0.007211538461538462 0.008413461538461538
0 0.11177884615384616 0.5853365384615384 0.007211538461538462 0.008413461538461538
0 0.10096153846153846 0.5733173076923077 0.008413461538461538 0.007211538461538462
0 0.10096153846153846 0.5576923076923077 0.008413461538461538 0.007211538461538462
0 0.1141826923076923 0.5997596153846154 0.007211538461538462 0.007211538461538462
0 0.10096153846153846 0.5985576923076923 0.008413461538461538 0.008413461538461538
0 0.1141826923076923 0.6141826923076923 0.007211538461538462 0.007211538461538462
0 0.11658653846153846 0.6274038461538461 0.007211538461538462 0.007211538461538462
0 0.07211538461538461 0.6117788461538461 0.013221153846153846 0.010817307692307692
0 0.06971153846153846 0.5985576923076923 0.013221153846153846 0.008413461538461538
0 0.0673076923076923 0.5805288461538461 0.008413461538461538 0.010817307692307692
0 0.07692307692307693 0.5612980769230769 0.008413461538461538 0.008413461538461538
0 0.06850961538461539 0.5432692307692307 0.010817307692307692 0.013221153846153846
0 0.07091346153846154 0.5180288461538461 0.010817307692307692 0.008413461538461538
0 0.06971153846153846 0.4951923076923077 0.008413461538461538 0.008413461538461538
0 0.0829326923076923 0.49038461538461536 0.008413461538461538 0.010817307692307692
0 0.10216346153846154 0.5132211538461539 0.010817307692307692 0.008413461538461538
0 0.09495192307692307 0.4951923076923077 0.008413461538461538 0.013221153846153846
0 0.12980769230769232 0.5372596153846154 0.010817307692307692 0.010817307692307692
0 0.1466346153846154 0.5180288461538461 0.008413461538461538 0.008413461538461538
0 0.16346153846153846 0.5300480769230769 0.010817307692307692 0.010817307692307692
0 0.17067307692307693 0.5552884615384616 0.008413461538461538 0.010817307692307692
0 0.16105769230769232 0.5456730769230769 0.010817307692307692 0.007211538461538462
0 0.19591346153846154 0.5456730769230769 0.008413461538461538 0.007211538461538462
0 0.18389423076923078 0.5444711538461539 0.007211538461538462 0.007211538461538462
0 0.21033653846153846 0.5564903846153846 0.010817307692307692 0.008413461538461538
0 0.1935096153846154 0.5709134615384616 0.004807692307692308 0.007211538461538462
0 0.1814903846153846 0.5637019230769231 0.007211538461538462 0.007211538461538462
0 0.22956730769230768 0.5853365384615384 0.004807692307692308 0.008413461538461538
0 0.27524038461538464 0.6165865384615384 0.008413461538461538 0.008413461538461538
0 0.25721153846153844 0.6057692307692307 0.008413461538461538 0.008413461538461538
0 0.12980769230769232 0.6430288461538461 0.007211538461538462 0.007211538461538462
0 0.11658653846153846 0.6430288461538461 0.004807692307692308 0.007211538461538462
0 0.1045673076923077 0.6430288461538461 0.007211538461538462 0.007211538461538462
0 0.11778846153846154 0.65625 0.007211538461538462 0.007211538461538462
0 0.1310096153846154 0.65625 0.008413461538461538 0.010817307692307692
0 0.1502403846153846 0.6550480769230769 0.010817307692307692 0.008413461538461538
0 0.14423076923076922 0.6418269230769231 0.008413461538461538 0.004807692307692308
0 0.15745192307692307 0.6382211538461539 0.004807692307692308 0.007211538461538462
0 0.17427884615384615 0.640625 0.007211538461538462 0.007211538461538462
0 0.17427884615384615 0.6274038461538461 0.007211538461538462 0.007211538461538462
0 0.1875 0.6394230769230769 0.008413461538461538 0.008413461538461538
0 0.10336538461538461 0.6682692307692307 0.008413461538461538 0.007211538461538462
0 0.10336538461538461 0.6850961538461539 0.004807692307692308 0.008413461538461538
0 0.13221153846153846 0.6694711538461539 0.007211538461538462 0.007211538461538462
0 0.14543269230769232 0.6694711538461539 0.007211538461538462 0.007211538461538462
0 0.15865384615384615 0.671875 0.007211538461538462 0.007211538461538462
0 0.15745192307692307 0.6862980769230769 0.008413461538461538 0.007211538461538462
0 0.15865384615384615 0.6995192307692307 0.007211538461538462 0.007211538461538462
0 0.16105769230769232 0.7103365384615384 0.007211538461538462 0.007211538461538462
0 0.13581730769230768 0.6995192307692307 0.007211538461538462 0.007211538461538462
0 0.13341346153846154 0.6887019230769231 0.008413461538461538 0.004807692307692308
0 0.1466346153846154 0.7103365384615384 0.004807692307692308 0.007211538461538462
0 0.14783653846153846 0.7211538461538461 0.007211538461538462 0.004807692307692308
0 0.14783653846153846 0.7295673076923077 0.007211538461538462 0.008413461538461538
0 0.14783653846153846 0.7403846153846154 0.007211538461538462 0.007211538461538462
0 0.1502403846153846 0.7524038461538461 0.007211538461538462 0.008413461538461538
0 0.13341346153846154 0.7403846153846154 0.007211538461538462 0.007211538461538462
0 0.13341346153846154 0.7247596153846154 0.008413461538461538 0.008413461538461538
0 0.13341346153846154 0.7115384615384616 0.008413461538461538 0.008413461538461538
0 0.11778846153846154 0.7103365384615384 0.010817307692307692 0.007211538461538462
0 0.11778846153846154 0.6995192307692307 0.007211538461538462 0.007211538461538462
0 0.11658653846153846 0.6899038461538461 0.008413461538461538 0.007211538461538462
0 0.07692307692307693 0.7235576923076923 0.008413461538461538 0.008413461538461538
0 0.078125 0.6959134615384616 0.007211538461538462 0.008413461538461538
0 0.07692307692307693 0.6694711538461539 0.008413461538461538 0.008413461538461538
0 0.07692307692307693 0.6394230769230769 0.008413461538461538 0.008413461538461538
0 0.07692307692307693 0.7536057692307693 0.008413461538461538 0.010817307692307692
0 0.07572115384615384 0.7788461538461539 0.010817307692307692 0.008413461538461538
0 0.07932692307692307 0.8076923076923077 0.008413461538461538 0.010817307692307692
0 0.10697115384615384 0.8076923076923077 0.007211538461538462 0.007211538461538462
0 0.109375 0.7944711538461539 0.007211538461538462 0.007211538461538462
0 0.1201923076923077 0.7644230769230769 0.007211538461538462 0.007211538461538462
0 0.171875 0.6694711538461539 0.007211538461538462 0.007211538461538462
0 0.18629807692307693 0.6694711538461539 0.010817307692307692 0.008413461538461538
0 0.18990384615384615 0.6814903846153846 0.007211538461538462 0.007211538461538462
0 0.17548076923076922 0.6826923076923077 0.008413461538461538 0.008413461538461538
0 0.1875 0.6971153846153846 0.007211538461538462 0.007211538461538462
0 0.17548076923076922 0.6971153846153846 0.004807692307692308 0.007211538461538462
0 0.17668269230769232 0.7103365384615384 0.007211538461538462 0.007211538461538462
0 0.19110576923076922 0.7235576923076923 0.004807692307692308 0.007211538461538462
0 0.1778846153846154 0.7223557692307693 0.004807692307692308 0.007211538461538462
0 0.16105769230769232 0.7247596153846154 0.007211538461538462 0.008413461538461538
0 0.17668269230769232 0.7632211538461539 0.007211538461538462 0.008413461538461538
0 0.1658653846153846 0.7524038461538461 0.007211538461538462 0.008413461538461538
0 0.16346153846153846 0.7379807692307693 0.007211538461538462 0.007211538461538462
0 0.16346153846153846 0.765625 0.007211538461538462 0.004807692307692308
0 0.17548076923076922 0.7788461538461539 0.004807692307692308 0.004807692307692308
0 0.1658653846153846 0.7776442307692307 0.007211538461538462 0.007211538461538462
0 0.13581730769230768 0.765625 0.007211538461538462 0.008413461538461538
0 0.1935096153846154 0.7379807692307693 0.008413461538461538 0.007211538461538462
0 0.19110576923076922 0.75 0.008413461538461538 0.008413461538461538
0 0.18990384615384615 0.7632211538461539 0.007211538461538462 0.008413461538461538
0 0.18870192307692307 0.7091346153846154 0.008413461538461538 0.004807692307692308
0 0.12259615384615384 0.7391826923076923 0.007211538461538462 0.004807692307692308
0 0.1201923076923077 0.7271634615384616 0.007211538461538462 0.004807692307692308
0 0.20432692307692307 0.7235576923076923 0.007211538461538462 0.007211538461538462
0 0.203125 0.7103365384615384 0.004807692307692308 0.007211538461538462
0 0.20192307692307693 0.6959134615384616 0.007211538461538462 0.004807692307692308
0 0.203125 0.6826923076923077 0.008413461538461538 0.008413461538461538
0 0.20192307692307693 0.6682692307692307 0.007211538461538462 0.007211538461538462
0 0.21514423076923078 0.6935096153846154 0.007211538461538462 0.008413461538461538
0 0.21875 0.6790865384615384 0.008413461538461538 0.007211538461538462
0 0.21634615384615385 0.7091346153846154 0.008413461538461538 0.008413461538461538
0 0.20673076923076922 0.7367788461538461 0.008413461538461538 0.008413461538461538
0 0.20552884615384615 0.7512019230769231 0.007211538461538462 0.007211538461538462
0 0.20673076923076922 0.7644230769230769 0.008413461538461538 0.007211538461538462
0 0.20673076923076922 0.7800480769230769 0.008413461538461538 0.007211538461538462
0 0.20793269230769232 0.7944711538461539 0.007211538461538462 0.004807692307692308
0 0.20552884615384615 0.8064903846153846 0.007211538461538462 0.008413461538461538
0 0.1935096153846154 0.8076923076923077 0.008413461538461538 0.007211538461538462
0 0.19230769230769232 0.7788461538461539 0.007211538461538462 0.008413461538461538
0 0.21995192307692307 0.8052884615384616 0.007211538461538462 0.007211538461538462
0 0.22235576923076922 0.7932692307692307 0.007211538461538462 0.004807692307692308
0 0.22235576923076922 0.7776442307692307 0.007211538461538462 0.007211538461538462
0 0.22235576923076922 0.7620192307692307 0.007211538461538462 0.007211538461538462
0 0.21995192307692307 0.75 0.007211538461538462 0.004807692307692308
0 0.2439903846153846 0.7391826923076923 0.007211538461538462 0.008413461538461538
0 0.24519230769230768 0.7235576923076923 0.008413461538461538 0.008413461538461538
0 0.24639423076923078 0.7079326923076923 0.007211538461538462 0.007211538461538462
0 0.23197115384615385 0.7103365384615384 0.008413461538461538 0.007211538461538462
0 0.23076923076923078 0.7235576923076923 0.007211538461538462 0.007211538461538462
0 0.23317307692307693 0.7512019230769231 0.007211538461538462 0.007211538461538462
0 0.23557692307692307 0.7644230769230769 0.007211538461538462 0.007211538461538462
0 0.23557692307692307 0.7800480769230769 0.007211538461538462 0.007211538461538462
0 0.23557692307692307 0.7920673076923077 0.007211538461538462 0.007211538461538462
0 0.23557692307692307 0.8076923076923077 0.007211538461538462 0.007211538461538462
0 0.17668269230769232 0.7391826923076923 0.007211538461538462 0.004807692307692308
0 0.21995192307692307 0.7367788461538461 0.007211538461538462 0.004807692307692308
0 0.20192307692307693 0.6514423076923077 0.007211538461538462 0.007211538461538462
0 0.17427884615384615 0.6550480769230769 0.007211538461538462 0.004807692307692308
0 0.23076923076923078 0.6959134615384616 0.007211538461538462 0.008413461538461538
0 0.2439903846153846 0.6935096153846154 0.007211538461538462 0.004807692307692308
0 0.23197115384615385 0.6802884615384616 0.004807692307692308 0.004807692307692308
0 0.25961538461538464 0.7055288461538461 0.007211538461538462 0.007211538461538462
0 0.265625 0.7235576923076923 0.008413461538461538 0.008413461538461538
0 0.25961538461538464 0.7367788461538461 0.007211538461538462 0.008413461538461538
0 0.27403846153846156 0.7367788461538461 0.007211538461538462 0.008413461538461538
0 0.2608173076923077 0.7487980769230769 0.004807692307692308 0.007211538461538462
0 0.24759615384615385 0.75 0.004807692307692308 0.008413461538461538
0 0.27524038461538464 0.75 0.004807692307692308 0.008413461538461538
0 0.24879807692307693 0.7644230769230769 0.007211538461538462 0.007211538461538462
0 0.26322115384615385 0.7632211538461539 0.004807692307692308 0.008413461538461538
0 0.2620192307692308 0.7776442307692307 0.007211538461538462 0.007211538461538462
0 0.24759615384615385 0.7776442307692307 0.004807692307692308 0.007211538461538462
0 0.24759615384615385 0.7944711538461539 0.004807692307692308 0.007211538461538462
0 0.25 0.8076923076923077 0.004807692307692308 0.007211538461538462
0 0.2620192307692308 0.8064903846153846 0.007211538461538462 0.004807692307692308
0 0.2644230769230769 0.7932692307692307 0.007211538461538462 0.004807692307692308
0 0.2764423076923077 0.7632211538461539 0.007211538461538462 0.008413461538461538
0 0.2764423076923077 0.7776442307692307 0.007211538461538462 0.007211538461538462
0 0.2776442307692308 0.8052884615384616 0.007211538461538462 0.007211538461538462
0 0.29086538461538464 0.7908653846153846 0.008413461538461538 0.004807692307692308
0 0.2920673076923077 0.7764423076923077 0.007211538461538462 0.004807692307692308
0 0.28725961538461536 0.7644230769230769 0.007211538461538462 0.002403846153846154
0 0.29086538461538464 0.75 0.008413461538461538 0.008413461538461538
0 0.31009615384615385 0.7403846153846154 0.010817307692307692 0.010817307692307692
0 0.41947115384615385 0.7896634615384616 0.008413461538461538 0.007211538461538462
0 0.43028846153846156 0.7944711538461539 0.008413461538461538 0.007211538461538462
0 0.39663461538461536 0.8341346153846154 0.008413461538461538 0.007211538461538462
0 0.3389423076923077 0.8353365384615384 0.007211538461538462 0.008413461538461538
0 0.3293269230769231 0.8353365384615384 0.008413461538461538 0.008413461538461538
0 0.29927884615384615 0.8341346153846154 0.008413461538461538 0.007211538461538462
0 0.2848557692307692 0.8353365384615384 0.007211538461538462 0.004807692307692308
0 0.30649038461538464 0.8016826923076923 0.004807692307692308 0.004807692307692308
0 0.26322115384615385 0.8353365384615384 0.008413461538461538 0.008413461538461538
0 0.21394230769230768 0.8353365384615384 0.008413461538461538 0.008413461538461538
0 0.19951923076923078 0.8365384615384616 0.007211538461538462 0.007211538461538462
0 0.07692307692307693 0.8269230769230769 0.008413461538461538 0.008413461538461538
0 0.16466346153846154 0.7920673076923077 0.008413461538461538 0.010817307692307692
0 0.125 0.47716346153846156 0.015625 0.013221153846153846
0 0.14302884615384615 0.4855769230769231 0.015625 0.010817307692307692
0 0.1622596153846154 0.4891826923076923 0.013221153846153846 0.008413461538461538
0 0.171875 0.49278846153846156 0.015625 0.013221153846153846
0 0.18990384615384615 0.5012019230769231 0.015625 0.015625
0 0.21634615384615385 0.5084134615384616 0.013221153846153846 0.013221153846153846
0 0.23557692307692307 0.5180288461538461 0.010817307692307692 0.013221153846153846
0 0.2536057692307692 0.5240384615384616 0.015625 0.015625
0 0.09975961538461539 0.46033653846153844 0.015625 0.020432692307692308
0 0.10697115384615384 0.43149038461538464 0.015625 0.015625
0 0.10096153846153846 0.41225961538461536 0.026442307692307692 0.013221153846153846
0 0.10336538461538461 0.3954326923076923 0.018028846153846152 0.010817307692307692
0 0.0985576923076923 0.38100961538461536 0.02283653846153846 0.008413461538461538
0 0.10096153846153846 0.3629807692307692 0.018028846153846152 0.013221153846153846
0 0.10096153846153846 0.34975961538461536 0.018028846153846152 0.010817307692307692
0 0.10096153846153846 0.3329326923076923 0.018028846153846152 0.013221153846153846
0 0.0985576923076923 0.3088942307692308 0.013221153846153846 0.013221153846153846
0 0.08774038461538461 0.27403846153846156 0.013221153846153846 0.015625
0 0.3161057692307692 0.24759615384615385 0.015625 0.013221153846153846
0 0.2824519230769231 0.2439903846153846 0.015625 0.010817307692307692
0 0.25600961538461536 0.24519230769230768 0.010817307692307692 0.013221153846153846
0 0.18028846153846154 0.2403846153846154 0.013221153846153846 0.020432692307692308
0 0.10576923076923077 0.23918269230769232 0.02283653846153846 0.008413461538461538
0 0.09975961538461539 0.2536057692307692 0.015625 0.015625
0 0.23557692307692307 0.24519230769230768 0.010817307692307692 0.013221153846153846
0 0.36778846153846156 0.24278846153846154 0.010817307692307692 0.013221153846153846
0 0.38341346153846156 0.24519230769230768 0.013221153846153846 0.013221153846153846
0 0.4014423076923077 0.24278846153846154 0.008413461538461538 0.013221153846153846
0 0.41346153846153844 0.23677884615384615 0.015625 0.013221153846153846
0 0.43028846153846156 0.23918269230769232 0.013221153846153846 0.013221153846153846
0 0.43149038461538464 0.24879807692307693 0.010817307692307692 0.010817307692307692
0 0.5444711538461539 0.23918269230769232 0.010817307692307692 0.013221153846153846
0 0.5420673076923077 0.2704326923076923 0.010817307692307692 0.008413461538461538
0 0.5432692307692307 0.2848557692307692 0.013221153846153846 0.010817307692307692
0 0.21033653846153846 0.2439903846153846 0.010817307692307692 0.010817307692307692
0 0.2091346153846154 0.2620192307692308 0.008413461538461538 0.010817307692307692
0 0.5264423076923077 0.8185096153846154 0.015625 0.025240384615384616
0 0.5973557692307693 0.6009615384615384 0.013221153846153846 0.018028846153846152
0 0.9134615384615384 0.6490384615384616 0.015625 0.018028846153846152
0 0.5288461538461539 0.13701923076923078 0.013221153846153846 0.013221153846153846
0 0.5564903846153846 0.13581730769230768 0.008413461538461538 0.010817307692307692
0 0.5709134615384616 0.13221153846153846 0.007211538461538462 0.010817307692307692
0 0.5889423076923077 0.12620192307692307 0.007211538461538462 0.008413461538461538
0 0.6033653846153846 0.12259615384615384 0.004807692307692308 0.010817307692307692
0 0.8317307692307693 0.018028846153846152 0.007211538461538462 0.008413461538461538
0 0.8473557692307693 0.010817307692307692 0.004807692307692308 0.008413461538461538
0 0.7055288461538461 0.0985576923076923 0.007211538461538462 0.010817307692307692
0 0.5661057692307693 0.14903846153846154 0.007211538461538462 0.008413461538461538
0 0.5757211538461539 0.14543269230769232 0.010817307692307692 0.010817307692307692
0 0.5540865384615384 0.15264423076923078 0.008413461538461538 0.008413461538461538
0 0.5408653846153846 0.15625 0.004807692307692308 0.007211538461538462
0 0.7764423076923077 0.06490384615384616 0.008413461538461538 0.008413461538461538
0 0.7992788461538461 0.052884615384615384 0.008413461538461538 0.007211538461538462