0 0.0673076923076923 0.38341346153846156 0.013221153846153846 0.013221153846153846
0 0.08413461538461539 0.36177884615384615 0.007211538461538462 0.010817307692307692
0 0.9603365384615384 0.9915865384615384 0.010817307692307692 0.010817307692307692
0 0.9098557692307693 0.9867788461538461 0.008413461538461538 0.008413461538461538
0 0.9194711538461539 0.9807692307692307 0.010817307692307692 0.007211538461538462
0 0.9254807692307693 0.9615384615384616 0.008413461538461538 0.008413461538461538
0 0.9723557692307693 0.9579326923076923 0.007211538461538462 0.010817307692307692
0 0.9915865384615384 0.9555288461538461 0.013221153846153846 0.010817307692307692
0 0.8028846153846154 0.9915865384615384 0.007211538461538462 0.007211538461538462
0 0.7788461538461539 0.9735576923076923 0.008413461538461538 0.008413461538461538
0 0.6983173076923077 0.9867788461538461 0.008413461538461538 0.008413461538461538
0 0.4074519230769231 0.9050480769230769 0.013221153846153846 0.008413461538461538
0 0.3269230769230769 0.9699519230769231 0.013221153846153846 0.015625
0 0.4951923076923077 0.9567307692307693 0.018028846153846152 0.018028846153846152
0 0.515625 0.9483173076923077 0.013221153846153846 0.013221153846153846
0 0.5444711538461539 0.9266826923076923 0.025240384615384616 0.020432692307692308
0 0.5564903846153846 0.9122596153846154 0.008413461538461538 0.008413461538461538
0 0.5841346153846154 0.8882211538461539 0.015625 0.010817307692307692
0 0.6081730769230769 0.8725961538461539 0.018028846153846152 0.020432692307692308
0 0.6382211538461539 0.8653846153846154 0.015625 0.008413461538461538
0 0.4375 0.9891826923076923 0.013221153846153846 0.013221153846153846
0 0.38341346153846156 0.9350961538461539 0.010817307692307692 0.013221153846153846
0 0.4375 0.890625 0.013221153846153846 0.010817307692307692
0 0.4807692307692308 0.8605769230769231 0.010817307692307692 0.013221153846153846
0 0.6274038461538461 0.7487980769230769 0.015625 0.015625
0 0.6141826923076923 0.7668269230769231 0.015625 0.015625
0 0.5913461538461539 0.7884615384615384 0.010817307692307692 0.013221153846153846
0 0.5685096153846154 0.8004807692307693 0.020432692307692308 0.015625
0 0.5721153846153846 0.8185096153846154 0.008413461538461538 0.010817307692307692
0 0.5564903846153846 0.8305288461538461 0.013221153846153846 0.010817307692307692
0 0.5288461538461539 0.8269230769230769 0.013221153846153846 0.013221153846153846
0 0.41225961538461536 0.8389423076923077 0.036057692307692304 0.025240384615384616
0 0.3918269230769231 0.8629807692307693 0.026442307692307692 0.02283653846153846
0 0.33774038461538464 0.9002403846153846 0.018028846153846152 0.020432692307692308
0 0.45913461538461536 0.7920673076923077 0.018028846153846152 0.015625
0 0.5084134615384616 0.7487980769230769 0.02283653846153846 0.015625
0 0.49399038461538464 0.7764423076923077 0.03365384615384615 0.015625
0 0.5625 0.7391826923076923 0.020432692307692308 0.013221153846153846
0 0.5444711538461539 0.7512019230769231 0.010817307692307692 0.010817307692307692
0 0.5805288461538461 0.703125 0.026442307692307692 0.02283653846153846
0 0.6634615384615384 0.7403846153846154 0.015625 0.020432692307692308
0 0.6923076923076923 0.7524038461538461 0.025240384615384616 0.026442307692307692
0 0.6694711538461539 0.7980769230769231 0.025240384615384616 0.020432692307692308
0 0.6550480769230769 0.8197115384615384 0.018028846153846152 0.03125
0 0.6850961538461539 0.8353365384615384 0.026442307692307692 0.03125
0 0.6334134615384616 0.8341346153846154 0.015625 0.020432692307692308
0 0.29447115384615385 0.9387019230769231 0.020432692307692308 0.02283653846153846
0 0.27283653846153844 0.9591346153846154 0.013221153846153846 0.02283653846153846
0 0.16466346153846154 0.796875 0.018028846153846152 0.018028846153846152
0 0.15504807692307693 0.8305288461538461 0.008413461538461538 0.010817307692307692
0 0.12379807692307693 0.8173076923076923 0.018028846153846152 0.018028846153846152
0 0.20432692307692307 0.7572115384615384 0.010817307692307692 0.008413461538461538
0 0.21634615384615385 0.7463942307692307 0.018028846153846152 0.010817307692307692
0 0.22355769230769232 0.7271634615384616 0.015625 0.013221153846153846
0 0.3581730769230769 0.6634615384615384 0.008413461538461538 0.015625
0 0.3762019230769231 0.6538461538461539 0.018028846153846152 0.020432692307692308
0 0.21514423076923078 0.7043269230769231 0.010817307692307692 0.010817307692307692
0 0.46875 0.6298076923076923 0.02283653846153846 0.025240384615384616
0 0.4483173076923077 0.6682692307692307 0.018028846153846152 0.028846153846153848
0 0.4519230769230769 0.7007211538461539 0.010817307692307692 0.013221153846153846
0 0.4951923076923077 0.6814903846153846 0.02283653846153846 0.020432692307692308
0 0.4831730769230769 0.6514423076923077 0.025240384615384616 0.015625
0 0.5588942307692307 0.6550480769230769 0.013221153846153846 0.013221153846153846
0 0.5600961538461539 0.6862980769230769 0.010817307692307692 0.010817307692307692
0 0.5120192307692307 0.6370192307692307 0.020432692307692308 0.026442307692307692
0 0.5216346153846154 0.6598557692307693 0.020432692307692308 0.008413461538461538
0 0.609375 0.6394230769230769 0.015625 0.013221153846153846
0 0.6033653846153846 0.6526442307692307 0.02283653846153846 0.018028846153846152
0 0.6165865384615384 0.6887019230769231 0.018028846153846152 0.018028846153846152
0 0.6394230769230769 0.6201923076923077 0.008413461538461538 0.010817307692307692
0 0.65625 0.6141826923076923 0.010817307692307692 0.015625
0 0.6165865384615384 0.5901442307692307 0.008413461538461538 0.008413461538461538
0 0.6430288461538461 0.6442307692307693 0.010817307692307692 0.013221153846153846
0 0.6706730769230769 0.6382211538461539 0.013221153846153846 0.010817307692307692
0 0.6923076923076923 0.6418269230769231 0.015625 0.013221153846153846
0 0.6790865384615384 0.6658653846153846 0.015625 0.020432692307692308
0 0.6887019230769231 0.6911057692307693 0.013221153846153846 0.018028846153846152
0 0.6947115384615384 0.5685096153846154 0.015625 0.020432692307692308
0 0.6742788461538461 0.5925480769230769 0.015625 0.02283653846153846
0 0.7259615384615384 0.5685096153846154 0.015625 0.010817307692307692
0 0.7283653846153846 0.5805288461538461 0.010817307692307692 0.013221153846153846
0 0.7692307692307693 0.6298076923076923 0.010817307692307692 0.010817307692307692
0 0.7668269230769231 0.640625 0.007211538461538462 0.010817307692307692
0 0.7163461538461539 0.6875 0.02283653846153846 0.02283653846153846
0 0.8485576923076923 0.7427884615384616 0.015625 0.013221153846153846
0 0.8557692307692307 0.6346153846153846 0.013221153846153846 0.013221153846153846
0 0.8413461538461539 0.5949519230769231 0.010817307692307692 0.013221153846153846
0 0.8185096153846154 0.5504807692307693 0.010817307692307692 0.010817307692307692
0 0.7235576923076923 0.5540865384615384 0.008413461538461538 0.013221153846153846
0 0.8870192307692307 0.53125 0.008413461538461538 0.013221153846153846
0 0.8858173076923077 0.5516826923076923 0.010817307692307692 0.013221153846153846
0 0.9194711538461539 0.5600961538461539 0.013221153846153846 0.020432692307692308
0 0.9026442307692307 0.5973557692307693 0.008413461538461538 0.008413461538461538
0 0.9471153846153846 0.5805288461538461 0.010817307692307692 0.013221153846153846
0 0.9519230769230769 0.5985576923076923 0.010817307692307692 0.010817307692307692
0 0.41947115384615385 0.8125 0.008413461538461538 0.008413461538461538
0 0.796875 0.8269230769230769 0.008413461538461538 0.008413461538461538
0 0.8125 0.859375 0.013221153846153846 0.007211538461538462
0 0.8209134615384616 0.875 0.007211538461538462 0.010817307692307692
0 0.8533653846153846 0.8305288461538461 0.013221153846153846 0.013221153846153846
0 0.7415865384615384 0.7415865384615384 0.010817307692307692 0.013221153846153846
0 0.7752403846153846 0.6742788461538461 0.008413461538461538 0.007211538461538462
0 0.9170673076923077 0.6658653846153846 0.008413461538461538 0.010817307692307692
0 0.9278846153846154 0.6814903846153846 0.013221153846153846 0.015625
0 0.9567307692307693 0.6730769230769231 0.018028846153846152 0.013221153846153846
0 0.9771634615384616 0.6790865384615384 0.013221153846153846 0.010817307692307692
0 0.9615384615384616 0.6983173076923077 0.013221153846153846 0.008413461538461538
0 0.9507211538461539 0.7295673076923077 0.008413461538461538 0.008413461538461538
0 0.8725961538461539 0.7295673076923077 0.010817307692307692 0.018028846153846152
0 0.8930288461538461 0.7451923076923077 0.010817307692307692 0.013221153846153846
0 0.9086538461538461 0.7872596153846154 0.010817307692307692 0.010817307692307692
0 0.8725961538461539 0.7956730769230769 0.010817307692307692 0.007211538461538462
0 0.8737980769230769 0.8125 0.013221153846153846 0.010817307692307692
0 0.9903846153846154 0.7596153846153846 0.010817307692307692 0.010817307692307692
0 0.703125 0.8834134615384616 0.008413461538461538 0.013221153846153846
0 0.7319711538461539 0.9050480769230769 0.008413461538461538 0.008413461538461538
0 0.7908653846153846 0.9170673076923077 0.008413461538461538 0.008413461538461538
0 0.9350961538461539 0.65625 0.013221153846153846 0.010817307692307692
0 0.9915865384615384 0.3545673076923077 0.010817307692307692 0.010817307692307692
0 0.8990384615384616 0.4014423076923077 0.008413461538461538 0.008413461538461538
0 0.8918269230769231 0.41586538461538464 0.008413461538461538 0.007211538461538462
0 0.8978365384615384 0.3389423076923077 0.010817307692307692 0.010817307692307692
0 0.9134615384615384 0.34375 0.010817307692307692 0.010817307692307692
0 0.41225961538461536 0.4182692307692308 0.018028846153846152 0.020432692307692308
0 0.5348557692307693 0.3798076923076923 0.020432692307692308 0.020432692307692308
0 0.5841346153846154 0.3713942307692308 0.015625 0.018028846153846152
0 0.3317307692307692 0.3137019230769231 0.015625 0.015625
0 0.12379807692307693 0.36658653846153844 0.018028846153846152 0.018028846153846152
0 0.038461538461538464 0.7932692307692307 0.008413461538461538 0.008413461538461538
0 0.014423076923076924 0.8088942307692307 0.015625 0.013221153846153846
0 0.06009615384615385 0.8509615384615384 0.010817307692307692 0.013221153846153846
0 0.234375 0.8485576923076923 0.013221153846153846 0.018028846153846152
0 0.7451923076923077 0.6875 0.018028846153846152 0.02283653846153846