0 0.9411057692307693 0.004807692307692308 0.013221153846153846 0.009615384615384616
0 0.7860576923076923 0.03365384615384615 0.013221153846153846 0.013221153846153846
0 0.7944711538461539 0.051682692307692304 0.008413461538461538 0.013221153846153846
0 0.9002403846153846 0.20192307692307693 0.020432692307692308 0.015625
0 0.7848557692307693 0.18509615384615385 0.010817307692307692 0.008413461538461538
0 0.7127403846153846 0.10096153846153846 0.028846153846153848 0.026442307692307692
0 0.7451923076923077 0.14423076923076922 0.013221153846153846 0.013221153846153846
0 0.7079326923076923 0.1201923076923077 0.010817307692307692 0.010817307692307692
0 0.8737980769230769 0.23557692307692307 0.008413461538461538 0.010817307692307692
0 0.8858173076923077 0.25240384615384615 0.015625 0.008413461538461538
0 0.9603365384615384 0.2403846153846154 0.010817307692307692 0.010817307692307692
0 0.8100961538461539 0.12379807692307693 0.010817307692307692 0.013221153846153846
0 0.5877403846153846 0.7271634615384616 0.013221153846153846 0.013221153846153846
0 0.5997596153846154 0.7524038461538461 0.010817307692307692 0.013221153846153846
0 0.38100961538461536 0.7716346153846154 0.013221153846153846 0.015625
0 0.33533653846153844 0.7127403846153846 0.013221153846153846 0.010817307692307692
0 0.2920673076923077 0.6622596153846154 0.010817307692307692 0.013221153846153846
0 0.2920673076923077 0.47716346153846156 0.010817307692307692 0.013221153846153846
0 0.2920673076923077 0.5901442307692307 0.010817307692307692 0.008413461538461538
0 0.29086538461538464 0.6887019230769231 0.013221153846153846 0.008413461538461538
0 0.2920673076923077 0.7391826923076923 0.015625 0.008413461538461538
0 0.29086538461538464 0.7163461538461539 0.008413461538461538 0.02283653846153846
0 0.29086538461538464 0.78125 0.013221153846153846 0.013221153846153846
0 0.2956730769230769 0.7980769230769231 0.020432692307692308 0.010817307692307692
0 0.29086538461538464 0.8137019230769231 0.013221153846153846 0.015625
0 0.29086538461538464 0.8329326923076923 0.013221153846153846 0.013221153846153846
0 0.28846153846153844 0.8485576923076923 0.013221153846153846 0.018028846153846152
0 0.2932692307692308 0.6286057692307693 0.013221153846153846 0.018028846153846152
0 0.2956730769230769 0.9170673076923077 0.015625 0.008413461538461538
0 0.29447115384615385 0.9050480769230769 0.015625 0.008413461538461538
0 0.2956730769230769 0.8930288461538461 0.015625 0.010817307692307692
0 0.28966346153846156 0.8762019230769231 0.010817307692307692 0.018028846153846152
0 0.19230769230769232 0.6334134615384616 0.015625 0.013221153846153846
0 0.20072115384615385 0.6538461538461539 0.008413461538461538 0.010817307692307692
0 0.15144230769230768 0.6766826923076923 0.008413461538461538 0.010817307692307692
0 0.1502403846153846 0.6995192307692307 0.010817307692307692 0.010817307692307692
0 0.1346153846153846 0.7848557692307693 0.008413461538461538 0.010817307692307692
0 0.1346153846153846 0.8137019230769231 0.008413461538461538 0.010817307692307692
0 0.12620192307692307 0.8822115384615384 0.008413461538461538 0.015625
0 0.13341346153846154 0.8665865384615384 0.015625 0.010817307692307692
0 0.18870192307692307 0.8485576923076923 0.008413461538461538 0.013221153846153846
0 0.18389423076923078 0.8834134615384616 0.007211538461538462 0.013221153846153846
0 0.23557692307692307 0.8353365384615384 0.010817307692307692 0.013221153846153846
0 0.23557692307692307 0.8581730769230769 0.010817307692307692 0.013221153846153846
0 0.23557692307692307 0.8798076923076923 0.010817307692307692 0.010817307692307692
0 0.17307692307692307 0.8100961538461539 0.013221153846153846 0.010817307692307692
0 0.23076923076923078 0.7860576923076923 0.015625 0.013221153846153846
0 0.23677884615384615 0.7944711538461539 0.013221153846153846 0.015625
0 0.22716346153846154 0.7548076923076923 0.013221153846153846 0.013221153846153846
0 0.22596153846153846 0.71875 0.010817307692307692 0.013221153846153846
0 0.23317307692307693 0.734375 0.010817307692307692 0.008413461538461538
0 0.21634615384615385 0.9230769230769231 0.008413461538461538 0.013221153846153846
0 0.15144230769230768 0.8557692307692307 0.010817307692307692 0.013221153846153846
0 0.10336538461538461 0.9026442307692307 0.02283653846153846 0.013221153846153846
0 0.10336538461538461 0.8834134615384616 0.018028846153846152 0.015625
0 0.10576923076923077 0.8545673076923077 0.018028846153846152 0.020432692307692308
0 0.10336538461538461 0.8353365384615384 0.018028846153846152 0.018028846153846152
0 0.1045673076923077 0.8064903846153846 0.015625 0.018028846153846152
0 0.10096153846153846 0.7872596153846154 0.02283653846153846 0.015625
0 0.10336538461538461 0.7584134615384616 0.013221153846153846 0.015625
0 0.10216346153846154 0.7415865384615384 0.010817307692307692 0.013221153846153846
0 0.0985576923076923 0.7103365384615384 0.013221153846153846 0.010817307692307692
0 0.09735576923076923 0.6983173076923077 0.013221153846153846 0.013221153846153846
0 0.09495192307692307 0.6622596153846154 0.008413461538461538 0.008413461538461538
0 0.09735576923076923 0.6514423076923077 0.013221153846153846 0.018028846153846152
0 0.23317307692307693 0.6935096153846154 0.010817307692307692 0.013221153846153846
0 0.22956730769230768 0.6670673076923077 0.008413461538461538 0.013221153846153846
0 0.21875 0.9050480769230769 0.013221153846153846 0.008413461538461538
0 0.21754807692307693 0.8894230769230769 0.010817307692307692 0.013221153846153846
0 0.008413461538461538 0.9723557692307693 0.010817307692307692 0.015625
0 0.026442307692307692 0.9735576923076923 0.008413461538461538 0.013221153846153846
0 0.04807692307692308 0.96875 0.015625 0.008413461538461538
0 0.06490384615384616 0.9747596153846154 0.013221153846153846 0.013221153846153846
0 0.10336538461538461 0.9747596153846154 0.008413461538461538 0.008413461538461538
0 0.1875 0.9747596153846154 0.010817307692307692 0.013221153846153846
0 0.18870192307692307 0.9242788461538461 0.013221153846153846 0.015625
0 0.1935096153846154 0.9086538461538461 0.013221153846153846 0.010817307692307692