0 0.9375 0.18389423076923078 0.020432692307692308 0.015625
0 0.9375 0.20192307692307693 0.018028846153846152 0.010817307692307692
0 0.9387019230769231 0.21754807692307693 0.013221153846153846 0.010817307692307692
0 0.9387019230769231 0.234375 0.018028846153846152 0.013221153846153846
0 0.9326923076923077 0.25841346153846156 0.026442307692307692 0.02283653846153846
0 0.9447115384615384 0.3076923076923077 0.010817307692307692 0.010817307692307692
0 0.9459134615384616 0.3269230769230769 0.008413461538461538 0.008413461538461538
0 0.9447115384615384 0.3425480769230769 0.010817307692307692 0.008413461538461538
0 0.9459134615384616 0.3641826923076923 0.008413461538461538 0.010817307692307692
0 0.9483173076923077 0.37740384615384615 0.013221153846153846 0.010817307692307692
0 0.9483173076923077 0.39903846153846156 0.013221153846153846 0.013221153846153846
0 0.9014423076923077 0.328125 0.010817307692307692 0.010817307692307692
0 0.9158653846153846 0.32211538461538464 0.010817307692307692 0.013221153846153846
0 0.8954326923076923 0.20072115384615385 0.010817307692307692 0.008413461538461538
0 0.14302884615384615 0.7872596153846154 0.015625 0.025240384615384616
0 0.1045673076923077 0.8052884615384616 0.020432692307692308 0.020432692307692308
0 0.037259615384615384 0.796875 0.015625 0.018028846153846152
0 0.028846153846153848 0.984375 0.02283653846153846 0.02283653846153846
0 0.13341346153846154 0.8774038461538461 0.018028846153846152 0.020432692307692308
0 0.06129807692307692 0.8689903846153846 0.013221153846153846 0.013221153846153846
0 0.09375 0.8689903846153846 0.015625 0.018028846153846152
0 0.44711538461538464 0.6466346153846154 0.028846153846153848 0.036057692307692304
0 0.4795673076923077 0.6009615384615384 0.013221153846153846 0.02283653846153846
0 0.49278846153846156 0.5444711538461539 0.013221153846153846 0.013221153846153846
0 0.5120192307692307 0.5673076923076923 0.010817307692307692 0.013221153846153846
0 0.5384615384615384 0.7920673076923077 0.013221153846153846 0.025240384615384616
0 0.5913461538461539 0.8088942307692307 0.020432692307692308 0.036057692307692304
0 0.5793269230769231 0.8533653846153846 0.013221153846153846 0.018028846153846152
0 0.6454326923076923 0.8545673076923077 0.015625 0.025240384615384616
0 0.16105769230769232 0.9086538461538461 0.010817307692307692 0.015625
0 0.04326923076923077 0.04326923076923077 0.018028846153846152 0.02283653846153846
0 0.5444711538461539 0.15384615384615385 0.010817307692307692 0.010817307692307692
0 0.53125 0.171875 0.013221153846153846 0.020432692307692308
0 0.5961538461538461 0.7680288461538461 0.015625 0.02283653846153846
0 0.21033653846153846 0.71875 0.010817307692307692 0.013221153846153846
0 0.055288461538461536 0.8317307692307693 0.015625 0.015625
0 0.38822115384615385 0.9194711538461539 0.010817307692307692 0.015625
0 0.6370192307692307 0.5925480769230769 0.026442307692307692 0.02283653846153846
0 0.5733173076923077 0.6274038461538461 0.020432692307692308 0.020432692307692308
0 0.484375 0.9110576923076923 0.02283653846153846 0.025240384615384616