0 0.7908653846153846 0.13581730769230768 0.013221153846153846 0.010817307692307692
0 0.7824519230769231 0.12620192307692307 0.010817307692307692 0.008413461538461538
0 0.8822115384615384 0.12139423076923077 0.007211538461538462 0.008413461538461538
0 0.8834134615384616 0.14302884615384615 0.008413461538461538 0.007211538461538462
0 0.8810096153846154 0.1502403846153846 0.004807692307692308 0.007211538461538462
0 0.8894230769230769 0.15985576923076922 0.004807692307692308 0.004807692307692308
0 0.8822115384615384 0.16947115384615385 0.007211538461538462 0.007211538461538462
0 0.8822115384615384 0.17908653846153846 0.007211538461538462 0.007211538461538462
0 0.8786057692307693 0.20552884615384615 0.008413461538461538 0.008413461538461538
0 0.6165865384615384 0.2692307692307692 0.007211538461538462 0.007211538461538462
0 0.6009615384615384 0.2692307692307692 0.008413461538461538 0.007211538461538462
0 0.59375 0.2548076923076923 0.010817307692307692 0.013221153846153846
0 0.6334134615384616 0.31009615384615385 0.008413461538461538 0.010817307692307692
0 0.6069711538461539 0.3016826923076923 0.007211538461538462 0.004807692307692308
0 0.5949519230769231 0.2956730769230769 0.004807692307692308 0.007211538461538462
0 0.6694711538461539 0.30288461538461536 0.007211538461538462 0.007211538461538462
0 0.6334134615384616 0.2956730769230769 0.007211538461538462 0.007211538461538462
0 0.8810096153846154 0.3137019230769231 0.008413461538461538 0.010817307692307692
0 0.8822115384615384 0.28725961538461536 0.010817307692307692 0.010817307692307692
0 0.8810096153846154 0.25841346153846156 0.008413461538461538 0.010817307692307692
0 0.8858173076923077 0.2704326923076923 0.007211538461538462 0.008413461538461538
0 0.8822115384615384 0.23317307692307693 0.007211538461538462 0.007211538461538462
0 0.8822115384615384 0.3449519230769231 0.010817307692307692 0.013221153846153846
0 0.8545673076923077 0.3858173076923077 0.007211538461538462 0.010817307692307692
0 0.8858173076923077 0.3737980769230769 0.007211538461538462 0.008413461538461538
0 0.8954326923076923 0.36658653846153844 0.007211538461538462 0.008413461538461538
0 0.8882211538461539 0.40024038461538464 0.007211538461538462 0.007211538461538462
0 0.8954326923076923 0.38822115384615385 0.007211538461538462 0.007211538461538462
0 0.8870192307692307 0.5108173076923077 0.008413461538461538 0.008413461538461538
0 0.8858173076923077 0.5709134615384616 0.010817307692307692 0.007211538461538462
0 0.8870192307692307 0.5600961538461539 0.008413461538461538 0.007211538461538462
0 0.8870192307692307 0.45552884615384615 0.008413461538461538 0.007211538461538462
0 0.8918269230769231 0.4855769230769231 0.008413461538461538 0.007211538461538462
0 0.6610576923076923 0.5637019230769231 0.007211538461538462 0.007211538461538462
0 0.6730769230769231 0.5637019230769231 0.004807692307692308 0.007211538461538462
0 0.6514423076923077 0.5564903846153846 0.008413461538461538 0.008413461538461538
0 0.6117788461538461 0.5528846153846154 0.010817307692307692 0.007211538461538462
0 0.6201923076923077 0.5721153846153846 0.007211538461538462 0.008413461538461538
0 0.6334134615384616 0.5793269230769231 0.008413461538461538 0.008413461538461538
0 0.6334134615384616 0.5985576923076923 0.007211538461538462 0.007211538461538462
0 0.6622596153846154 0.6021634615384616 0.008413461538461538 0.007211538461538462
0 0.6682692307692307 0.609375 0.007211538461538462 0.007211538461538462
0 0.6742788461538461 0.6165865384615384 0.007211538461538462 0.007211538461538462
0 0.7800480769230769 0.671875 0.010817307692307692 0.010817307692307692
0 0.796875 0.6911057692307693 0.008413461538461538 0.008413461538461538
0 0.8016826923076923 0.6778846153846154 0.008413461538461538 0.008413461538461538
0 0.6586538461538461 0.7103365384615384 0.007211538461538462 0.007211538461538462
0 0.6538461538461539 0.7043269230769231 0.007211538461538462 0.007211538461538462
0 0.6394230769230769 0.6959134615384616 0.008413461538461538 0.008413461538461538
0 0.625 0.6899038461538461 0.007211538461538462 0.007211538461538462
0 0.625 0.6574519230769231 0.007211538461538462 0.008413461538461538
0 0.6538461538461539 0.6814903846153846 0.007211538461538462 0.007211538461538462
0 0.5745192307692307 0.6334134615384616 0.008413461538461538 0.008413461538461538
0 0.5793269230769231 0.6790865384615384 0.008413461538461538 0.007211538461538462
0 0.5588942307692307 0.6694711538461539 0.008413461538461538 0.008413461538461538
0 0.9699519230769231 0.037259615384615384 0.020432692307692308 0.015625
0 0.5456730769230769 0.6514423076923077 0.010817307692307692 0.010817307692307692
0 0.5456730769230769 0.6694711538461539 0.010817307692307692 0.013221153846153846
0 0.5408653846153846 0.6298076923076923 0.013221153846153846 0.010817307692307692
0 0.515625 0.6334134615384616 0.008413461538461538 0.008413461538461538
0 0.5144230769230769 0.6153846153846154 0.007211538461538462 0.008413461538461538
0 0.02403846153846154 0.4326923076923077 0.010817307692307692 0.013221153846153846
0 0.08533653846153846 0.41947115384615385 0.008413461538461538 0.007211538461538462
0 0.09134615384615384 0.43028846153846156 0.007211538461538462 0.008413461538461538
0 0.1141826923076923 0.42788461538461536 0.007211538461538462 0.008413461538461538
0 0.08533653846153846 0.39783653846153844 0.008413461538461538 0.007211538461538462
0 0.12620192307692307 0.40625 0.013221153846153846 0.007211538461538462
0 0.125 0.3918269230769231 0.010817307692307692 0.008413461538461538
0 0.10576923076923077 0.38341346153846156 0.008413461538461538 0.007211538461538462
0 0.11899038461538461 0.375 0.008413461538461538 0.007211538461538462
0 0.12980769230769232 0.3545673076923077 0.007211538461538462 0.007211538461538462
0 0.11778846153846154 0.34375 0.007211538461538462 0.007211538461538462
0 0.11778846153846154 0.33052884615384615 0.007211538461538462 0.004807692307692308
0 0.09254807692307693 0.4639423076923077 0.008413461538461538 0.008413461538461538
0 0.1346153846153846 0.28846153846153844 0.008413461538461538 0.008413461538461538
0 0.1466346153846154 0.2776442307692308 0.008413461538461538 0.007211538461538462
0 0.1502403846153846 0.3137019230769231 0.007211538461538462 0.010817307692307692
0 0.16346153846153846 0.34975961538461536 0.007211538461538462 0.007211538461538462
0 0.14302884615384615 0.4855769230769231 0.010817307692307692 0.010817307692307692
0 0.12620192307692307 0.4951923076923077 0.008413461538461538 0.008413461538461538
0 0.1310096153846154 0.5084134615384616 0.008413461538461538 0.007211538461538462
0 0.0889423076923077 0.5444711538461539 0.015625 0.015625
0 0.09975961538461539 0.5552884615384616 0.010817307692307692 0.007211538461538462
0 0.19230769230769232 0.5384615384615384 0.015625 0.013221153846153846
0 0.1778846153846154 0.5216346153846154 0.008413461538461538 0.007211538461538462
0 0.21394230769230768 0.5216346153846154 0.008413461538461538 0.007211538461538462
0 0.21394230769230768 0.5072115384615384 0.008413461538461538 0.008413461538461538
0 0.21875 0.4951923076923077 0.008413461538461538 0.004807692307692308
0 0.1971153846153846 0.4807692307692308 0.010817307692307692 0.010817307692307692
0 0.1875 0.47115384615384615 0.008413461538461538 0.008413461538461538
0 0.18269230769230768 0.4579326923076923 0.008413461538461538 0.010817307692307692
0 0.14903846153846154 0.46634615384615385 0.008413461538461538 0.008413461538461538
0 0.15504807692307693 0.47475961538461536 0.008413461538461538 0.008413461538461538
0 0.12259615384615384 0.44711538461538464 0.010817307692307692 0.007211538461538462
0 0.006009615384615385 0.6682692307692307 0.007211538461538462 0.007211538461538462
0 0.025240384615384616 0.6586538461538461 0.008413461538461538 0.010817307692307692
0 0.008413461538461538 0.6454326923076923 0.008413461538461538 0.007211538461538462
0 0.04807692307692308 0.578125 0.010817307692307692 0.010817307692307692
0 0.07091346153846154 0.5997596153846154 0.010817307692307692 0.007211538461538462
0 0.23557692307692307 0.5432692307692307 0.007211538461538462 0.008413461538461538
0 0.24158653846153846 0.5504807692307693 0.008413461538461538 0.007211538461538462
0 0.25721153846153844 0.5564903846153846 0.008413461538461538 0.008413461538461538
0 0.25841346153846156 0.53125 0.010817307692307692 0.008413461538461538
0 0.22716346153846154 0.4699519230769231 0.008413461538461538 0.007211538461538462
0 0.20673076923076922 0.45913461538461536 0.008413461538461538 0.008413461538461538
0 0.06971153846153846 0.37259615384615385 0.008413461538461538 0.007211538461538462
0 0.27403846153846156 0.5252403846153846 0.007211538461538462 0.008413461538461538
0 0.265625 0.5168269230769231 0.008413461538461538 0.007211538461538462
0 0.21754807692307693 0.6983173076923077 0.007211538461538462 0.008413461538461538
0 0.21033653846153846 0.6814903846153846 0.007211538461538462 0.010817307692307692
0 0.22716346153846154 0.6838942307692307 0.008413461538461538 0.007211538461538462
0 0.33653846153846156 0.6706730769230769 0.010817307692307692 0.013221153846153846
0 0.35697115384615385 0.6742788461538461 0.007211538461538462 0.007211538461538462
0 0.3870192307692308 0.53125 0.008413461538461538 0.008413461538461538
0 0.39663461538461536 0.5384615384615384 0.008413461538461538 0.008413461538461538
0 0.4014423076923077 0.5084134615384616 0.010817307692307692 0.008413461538461538
0 0.390625 0.5168269230769231 0.007211538461538462 0.007211538461538462
0 0.36778846153846156 0.5012019230769231 0.010817307692307692 0.010817307692307692
0 0.3557692307692308 0.46875 0.004807692307692308 0.008413461538461538
0 0.3786057692307692 0.484375 0.013221153846153846 0.008413461538461538
0 0.39783653846153844 0.4675480769230769 0.007211538461538462 0.007211538461538462
0 0.27884615384615385 0.5084134615384616 0.008413461538461538 0.007211538461538462
0 0.4483173076923077 0.5600961538461539 0.013221153846153846 0.010817307692307692
0 0.44471153846153844 0.5336538461538461 0.010817307692307692 0.008413461538461538
0 0.4579326923076923 0.5408653846153846 0.007211538461538462 0.008413461538461538
0 0.4579326923076923 0.5276442307692307 0.007211538461538462 0.007211538461538462
0 0.47596153846153844 0.5372596153846154 0.007211538461538462 0.007211538461538462
0 0.4651442307692308 0.5492788461538461 0.007211538461538462 0.008413461538461538
0 0.4483173076923077 0.5865384615384616 0.013221153846153846 0.010817307692307692
0 0.37740384615384615 0.5865384615384616 0.007211538461538462 0.007211538461538462
0 0.4951923076923077 0.6153846153846154 0.008413461538461538 0.008413461538461538
0 0.44591346153846156 0.6033653846153846 0.008413461538461538 0.008413461538461538
0 0.3233173076923077 0.6069711538461539 0.007211538461538462 0.010817307692307692
0 0.4891826923076923 0.42427884615384615 0.008413461538461538 0.010817307692307692
0 0.4963942307692308 0.6730769230769231 0.010817307692307692 0.008413461538461538
0 0.5576923076923077 0.7139423076923077 0.010817307692307692 0.008413461538461538
0 0.4579326923076923 0.7836538461538461 0.007211538461538462 0.008413461538461538
0 0.44591346153846156 0.7800480769230769 0.008413461538461538 0.007211538461538462
0 0.45552884615384615 0.7524038461538461 0.008413461538461538 0.008413461538461538
0 0.34134615384615385 0.6983173076923077 0.007211538461538462 0.004807692307692308
0 0.5697115384615384 0.7572115384615384 0.008413461538461538 0.008413461538461538
0 0.2764423076923077 0.7776442307692307 0.007211538461538462 0.007211538461538462
0 0.17427884615384615 0.734375 0.010817307692307692 0.008413461538461538
0 0.1502403846153846 0.7331730769230769 0.007211538461538462 0.010817307692307692
0 0.10697115384615384 0.7163461538461539 0.007211538461538462 0.008413461538461538
0 0.0985576923076923 0.7079326923076923 0.008413461538461538 0.007211538461538462
0 0.1141826923076923 0.7043269230769231 0.007211538461538462 0.007211538461538462
0 0.02283653846153846 0.6899038461538461 0.008413461538461538 0.010817307692307692
0 0.036057692307692304 0.6947115384615384 0.008413461538461538 0.015625
0 0.04927884615384615 0.7055288461538461 0.013221153846153846 0.015625
0 0.06129807692307692 0.71875 0.008413461538461538 0.013221153846153846
0 0.0625 0.7331730769230769 0.008413461538461538 0.010817307692307692
0 0.003605769230769231 0.7932692307692307 0.007211538461538462 0.009615384615384616
0 0.004807692307692308 0.75 0.009615384615384616 0.009615384615384616
0 0.020432692307692308 0.7127403846153846 0.008413461538461538 0.010817307692307692
0 0.06850961538461539 0.8100961538461539 0.010817307692307692 0.010817307692307692
0 0.039663461538461536 0.7896634615384616 0.007211538461538462 0.007211538461538462
0 0.018028846153846152 0.8149038461538461 0.008413461538461538 0.008413461538461538
0 0.027644230769230768 0.8209134615384616 0.010817307692307692 0.007211538461538462
0 0.03365384615384615 0.8401442307692307 0.008413461538461538 0.008413461538461538
0 0.08052884615384616 0.84375 0.007211538461538462 0.010817307692307692
0 0.0985576923076923 0.8461538461538461 0.013221153846153846 0.010817307692307692
0 0.09014423076923077 0.8305288461538461 0.008413461538461538 0.008413461538461538
0 0.10817307692307693 0.8052884615384616 0.008413461538461538 0.010817307692307692
0 0.12379807692307693 0.8137019230769231 0.008413461538461538 0.010817307692307692
0 0.09254807692307693 0.9350961538461539 0.008413461538461538 0.013221153846153846
0 0.03125 0.9915865384615384 0.013221153846153846 0.008413461538461538
0 0.29086538461538464 0.9819711538461539 0.008413461538461538 0.013221153846153846
0 0.23197115384615385 0.9735576923076923 0.008413461538461538 0.008413461538461538
0 0.24158653846153846 0.9615384615384616 0.008413461538461538 0.008413461538461538
0 0.21754807692307693 0.9627403846153846 0.010817307692307692 0.015625
0 0.14903846153846154 0.9735576923076923 0.008413461538461538 0.010817307692307692
0 0.18389423076923078 0.9603365384615384 0.007211538461538462 0.007211538461538462
0 0.16105769230769232 0.9375 0.010817307692307692 0.010817307692307692
0 0.1875 0.9399038461538461 0.013221153846153846 0.010817307692307692
0 0.20793269230769232 0.9338942307692307 0.007211538461538462 0.010817307692307692
0 0.23076923076923078 0.9302884615384616 0.010817307692307692 0.008413461538461538
0 0.17548076923076922 0.8966346153846154 0.008413461538461538 0.008413461538461538
0 0.17427884615384615 0.8762019230769231 0.010817307692307692 0.008413461538461538
0 0.13581730769230768 0.890625 0.007211538461538462 0.007211538461538462
0 0.1502403846153846 0.8966346153846154 0.010817307692307692 0.008413461538461538
0 0.14302884615384615 0.8798076923076923 0.010817307692307692 0.010817307692307692
0 0.2800480769230769 0.9110576923076923 0.010817307692307692 0.010817307692307692
0 0.28966346153846156 0.8882211538461539 0.010817307692307692 0.007211538461538462
0 0.19591346153846154 0.8966346153846154 0.013221153846153846 0.013221153846153846
0 0.19471153846153846 0.8317307692307693 0.010817307692307692 0.010817307692307692
0 0.16105769230769232 0.8413461538461539 0.010817307692307692 0.010817307692307692
0 0.23918269230769232 0.8365384615384616 0.008413461538461538 0.010817307692307692
0 0.22355769230769232 0.8617788461538461 0.008413461538461538 0.010817307692307692
0 0.2800480769230769 0.8605769230769231 0.010817307692307692 0.008413461538461538
0 0.3918269230769231 0.9182692307692307 0.008413461538461538 0.010817307692307692
0 0.4182692307692308 0.9795673076923077 0.007211538461538462 0.018028846153846152
0 0.49158653846153844 0.921875 0.008413461538461538 0.010817307692307692
0 0.2644230769230769 0.8125 0.010817307692307692 0.010817307692307692
0 0.1502403846153846 0.7764423076923077 0.010817307692307692 0.008413461538461538
0 0.30528846153846156 0.7560096153846154 0.007211538461538462 0.010817307692307692
0 0.8894230769230769 0.9639423076923077 0.013221153846153846 0.013221153846153846
0 0.8882211538461539 0.9387019230769231 0.015625 0.013221153846153846
0 0.8209134615384616 0.875 0.015625 0.015625
0 0.8870192307692307 0.90625 0.008413461538461538 0.010817307692307692
0 0.9699519230769231 0.8798076923076923 0.007211538461538462 0.010817307692307692
0 0.9867788461538461 0.859375 0.013221153846153846 0.015625
0 0.9855769230769231 0.8413461538461539 0.010817307692307692 0.010817307692307692
0 0.8894230769230769 0.8485576923076923 0.013221153846153846 0.013221153846153846
0 0.8834134615384616 0.7403846153846154 0.010817307692307692 0.010817307692307692
0 0.9723557692307693 0.8221153846153846 0.015625 0.013221153846153846
0 0.9759615384615384 0.9290865384615384 0.010817307692307692 0.010817307692307692
0 0.9723557692307693 0.9807692307692307 0.010817307692307692 0.010817307692307692
0 0.9867788461538461 0.890625 0.008413461538461538 0.010817307692307692
0 0.9747596153846154 0.7632211538461539 0.013221153846153846 0.008413461538461538
0 0.9711538461538461 0.7355769230769231 0.018028846153846152 0.015625
0 0.9723557692307693 0.7103365384615384 0.015625 0.010817307692307692
0 0.9735576923076923 0.6959134615384616 0.013221153846153846 0.008413461538461538
0 0.8882211538461539 0.6814903846153846 0.015625 0.010817307692307692
0 0.8858173076923077 0.6274038461538461 0.015625 0.015625
0 0.9735576923076923 0.6706730769230769 0.015625 0.013221153846153846
0 0.96875 0.6502403846153846 0.013221153846153846 0.015625
0 0.9735576923076923 0.6201923076923077 0.018028846153846152 0.015625
0 0.9663461538461539 0.5925480769230769 0.013221153846153846 0.013221153846153846
0 0.8894230769230769 0.5865384615384616 0.008413461538461538 0.010817307692307692
0 0.9723557692307693 0.5637019230769231 0.015625 0.010817307692307692
0 0.9723557692307693 0.5360576923076923 0.010817307692307692 0.008413461538461538
0 0.9699519230769231 0.5096153846153846 0.010817307692307692 0.010817307692307692
0 0.96875 0.48197115384615385 0.008413461538461538 0.008413461538461538
0 0.9651442307692307 0.453125 0.010817307692307692 0.018028846153846152
0 0.9723557692307693 0.4230769230769231 0.015625 0.013221153846153846
0 0.9699519230769231 0.36778846153846156 0.010817307692307692 0.010817307692307692
0 0.9711538461538461 0.39663461538461536 0.013221153846153846 0.013221153846153846
0 0.9675480769230769 0.20432692307692307 0.010817307692307692 0.015625
0 0.9675480769230769 0.2692307692307692 0.010817307692307692 0.010817307692307692
0 0.9675480769230769 0.29927884615384615 0.015625 0.02283653846153846
0 0.96875 0.3401442307692308 0.008413461538461538 0.008413461538461538
0 0.96875 0.16947115384615385 0.018028846153846152 0.008413461538461538
0 0.96875 0.140625 0.013221153846153846 0.010817307692307692
0 0.9699519230769231 0.1141826923076923 0.010817307692307692 0.007211538461538462
0 0.7403846153846154 0.018028846153846152 0.010817307692307692 0.013221153846153846
0 0.6862980769230769 0.021634615384615384 0.010817307692307692 0.010817307692307692
0 0.7584134615384616 0.8569711538461539 0.015625 0.025240384615384616
0 0.6153846153846154 0.7560096153846154 0.013221153846153846 0.015625
0 0.9435096153846154 0.9795673076923077 0.008413461538461538 0.008413461538461538
0 0.9387019230769231 0.9555288461538461 0.008413461538461538 0.007211538461538462
0 0.9411057692307693 0.9338942307692307 0.013221153846153846 0.007211538461538462
0 0.9399038461538461 0.9134615384615384 0.010817307692307692 0.010817307692307692