0 0.9158653846153846 0.4326923076923077 0.010817307692307692 0.013221153846153846
0 0.9771634615384616 0.41947115384615385 0.008413461538461538 0.007211538461538462
0 0.9831730769230769 0.43028846153846156 0.007211538461538462 0.008413461538461538
0 0.9771634615384616 0.39783653846153844 0.008413461538461538 0.007211538461538462
0 0.8569711538461539 0.36177884615384615 0.010817307692307692 0.010817307692307692
0 0.8882211538461539 0.3581730769230769 0.010817307692307692 0.004807692307692308
0 0.875 0.36658653846153844 0.007211538461538462 0.007211538461538462
0 0.984375 0.4639423076923077 0.008413461538461538 0.008413461538461538
0 0.8076923076923077 0.24278846153846154 0.010817307692307692 0.008413461538461538
0 0.7920673076923077 0.24158653846153846 0.007211538461538462 0.007211538461538462
0 0.7439903846153846 0.25961538461538464 0.007211538461538462 0.007211538461538462
0 0.9807692307692307 0.5444711538461539 0.015625 0.015625
0 0.9915865384615384 0.5552884615384616 0.010817307692307692 0.007211538461538462
0 0.8209134615384616 0.5492788461538461 0.010817307692307692 0.008413461538461538
0 0.8533653846153846 0.5973557692307693 0.008413461538461538 0.008413461538461538
0 0.8557692307692307 0.578125 0.008413461538461538 0.007211538461538462
0 0.7620192307692307 0.5757211538461539 0.010817307692307692 0.007211538461538462
0 0.7728365384615384 0.5841346153846154 0.008413461538461538 0.007211538461538462
0 0.8978365384615384 0.6682692307692307 0.007211538461538462 0.007211538461538462
0 0.9170673076923077 0.6586538461538461 0.008413461538461538 0.010817307692307692
0 0.9014423076923077 0.6454326923076923 0.008413461538461538 0.007211538461538462
0 0.8870192307692307 0.6274038461538461 0.008413461538461538 0.007211538461538462
0 0.8341346153846154 0.6466346153846154 0.010817307692307692 0.008413461538461538
0 0.75 0.6670673076923077 0.013221153846153846 0.008413461538461538
0 0.7367788461538461 0.6526442307692307 0.008413461538461538 0.004807692307692308
0 0.6394230769230769 0.6490384615384616 0.018028846153846152 0.008413461538461538
0 0.9399038461538461 0.578125 0.010817307692307692 0.010817307692307692
0 0.9627403846153846 0.5997596153846154 0.010817307692307692 0.007211538461538462
0 0.9615384615384616 0.37259615384615385 0.008413461538461538 0.007211538461538462
0 0.9915865384615384 0.7079326923076923 0.008413461538461538 0.007211538461538462
0 0.9146634615384616 0.6899038461538461 0.008413461538461538 0.010817307692307692
0 0.8822115384615384 0.6754807692307693 0.010817307692307692 0.008413461538461538
0 0.9278846153846154 0.6947115384615384 0.008413461538461538 0.015625
0 0.9411057692307693 0.7055288461538461 0.013221153846153846 0.015625
0 0.953125 0.71875 0.008413461538461538 0.013221153846153846
0 0.9555288461538461 0.7331730769230769 0.008413461538461538 0.010817307692307692
0 0.8677884615384616 0.734375 0.010817307692307692 0.013221153846153846
0 0.8665865384615384 0.7572115384615384 0.010817307692307692 0.013221153846153846
0 0.8701923076923077 0.7752403846153846 0.010817307692307692 0.008413461538461538
0 0.8725961538461539 0.7932692307692307 0.010817307692307692 0.013221153846153846
0 0.8942307692307693 0.7932692307692307 0.008413461538461538 0.008413461538461538
0 0.8497596153846154 0.765625 0.007211538461538462 0.008413461538461538
0 0.8581730769230769 0.7764423076923077 0.008413461538461538 0.010817307692307692
0 0.8954326923076923 0.75 0.010817307692307692 0.008413461538461538
0 0.9122596153846154 0.7127403846153846 0.008413461538461538 0.010817307692307692
0 0.9603365384615384 0.8100961538461539 0.010817307692307692 0.010817307692307692
0 0.9314903846153846 0.7896634615384616 0.007211538461538462 0.007211538461538462
0 0.9098557692307693 0.8149038461538461 0.008413461538461538 0.008413461538461538
0 0.9194711538461539 0.8209134615384616 0.010817307692307692 0.007211538461538462
0 0.9254807692307693 0.8401442307692307 0.008413461538461538 0.008413461538461538
0 0.9723557692307693 0.84375 0.007211538461538462 0.010817307692307692
0 0.9915865384615384 0.8461538461538461 0.013221153846153846 0.010817307692307692
0 0.9819711538461539 0.8305288461538461 0.008413461538461538 0.008413461538461538
0 0.7848557692307693 0.7055288461538461 0.015625 0.010817307692307692
0 0.7740384615384616 0.6875 0.010817307692307692 0.010817307692307692
0 0.8052884615384616 0.7788461538461539 0.015625 0.008413461538461538
0 0.7860576923076923 0.7956730769230769 0.013221153846153846 0.015625
0 0.59375 0.5288461538461539 0.010817307692307692 0.013221153846153846
0 0.578125 0.6117788461538461 0.010817307692307692 0.010817307692307692
0 0.5504807692307693 0.6670673076923077 0.010817307692307692 0.008413461538461538
0 0.5216346153846154 0.6466346153846154 0.010817307692307692 0.008413461538461538
0 0.49158653846153844 0.6646634615384616 0.008413461538461538 0.008413461538461538
0 0.49038461538461536 0.6478365384615384 0.010817307692307692 0.010817307692307692
0 0.5084134615384616 0.6658653846153846 0.010817307692307692 0.010817307692307692
0 0.5204326923076923 0.6622596153846154 0.008413461538461538 0.008413461538461538
0 0.5925480769230769 0.6911057692307693 0.013221153846153846 0.013221153846153846
0 0.5685096153846154 0.6730769230769231 0.015625 0.013221153846153846
0 0.5564903846153846 0.6538461538461539 0.013221153846153846 0.007211538461538462
0 0.6213942307692307 0.6899038461538461 0.013221153846153846 0.010817307692307692
0 0.6298076923076923 0.7307692307692307 0.010817307692307692 0.010817307692307692
0 0.65625 0.7584134615384616 0.010817307692307692 0.008413461538461538
0 0.6478365384615384 0.7463942307692307 0.010817307692307692 0.015625
0 0.65625 0.7259615384615384 0.010817307692307692 0.010817307692307692
0 0.6117788461538461 0.7199519230769231 0.010817307692307692 0.010817307692307692
0 0.7487980769230769 0.734375 0.010817307692307692 0.008413461538461538
0 0.7451923076923077 0.71875 0.008413461538461538 0.008413461538461538
0 0.7319711538461539 0.7235576923076923 0.008413461538461538 0.008413461538461538
0 0.7079326923076923 0.6959134615384616 0.010817307692307692 0.008413461538461538
0 0.7560096153846154 0.6778846153846154 0.007211538461538462 0.004807692307692308
0 0.8028846153846154 0.8100961538461539 0.007211538461538462 0.007211538461538462
0 0.7632211538461539 0.7740384615384616 0.008413461538461538 0.007211538461538462
0 0.7680288461538461 0.8004807692307693 0.008413461538461538 0.010817307692307692
0 0.7788461538461539 0.8293269230769231 0.008413461538461538 0.008413461538461538
0 0.7512019230769231 0.7680288461538461 0.007211538461538462 0.008413461538461538
0 0.7307692307692307 0.7608173076923077 0.007211538461538462 0.008413461538461538
0 0.7223557692307693 0.7487980769230769 0.010817307692307692 0.010817307692307692
0 0.6754807692307693 0.7704326923076923 0.013221153846153846 0.008413461538461538
0 0.6742788461538461 0.7896634615384616 0.007211538461538462 0.007211538461538462
0 0.6911057692307693 0.7992788461538461 0.008413461538461538 0.008413461538461538
0 0.6935096153846154 0.7824519230769231 0.008413461538461538 0.007211538461538462
0 0.6983173076923077 0.8149038461538461 0.008413461538461538 0.008413461538461538
0 0.5072115384615384 0.78125 0.008413461538461538 0.008413461538461538
0 0.5252403846153846 0.78125 0.008413461538461538 0.008413461538461538
0 0.5576923076923077 0.78125 0.010817307692307692 0.013221153846153846
0 0.5805288461538461 0.7836538461538461 0.015625 0.013221153846153846
0 0.5216346153846154 0.7584134615384616 0.020432692307692308 0.013221153846153846
0 0.47596153846153844 0.7451923076923077 0.010817307692307692 0.013221153846153846
0 0.46033653846153844 0.7391826923076923 0.010817307692307692 0.008413461538461538
0 0.49158653846153844 0.7584134615384616 0.008413461538461538 0.010817307692307692
0 0.47716346153846156 0.7247596153846154 0.008413461538461538 0.008413461538461538
0 0.44591346153846156 0.71875 0.018028846153846152 0.018028846153846152
0 0.4230769230769231 0.7115384615384616 0.008413461538461538 0.008413461538461538
0 0.41586538461538464 0.6983173076923077 0.010817307692307692 0.013221153846153846
0 0.39783653846153844 0.6947115384615384 0.010817307692307692 0.010817307692307692
0 0.3954326923076923 0.6814903846153846 0.010817307692307692 0.010817307692307692
0 0.4567307692307692 0.6478365384615384 0.013221153846153846 0.015625
0 0.4483173076923077 0.6045673076923077 0.008413461538461538 0.010817307692307692
0 0.45552884615384615 0.6177884615384616 0.008413461538461538 0.010817307692307692
0 0.49158653846153844 0.609375 0.008413461538461538 0.015625
0 0.41586538461538464 0.578125 0.010817307692307692 0.010817307692307692
0 0.41346153846153844 0.6105769230769231 0.010817307692307692 0.013221153846153846
0 0.39903846153846156 0.6310096153846154 0.013221153846153846 0.013221153846153846
0 0.3737980769230769 0.671875 0.013221153846153846 0.015625
0 0.35096153846153844 0.6502403846153846 0.018028846153846152 0.015625
0 0.3401442307692308 0.6875 0.008413461538461538 0.010817307692307692
0 0.4074519230769231 0.8966346153846154 0.013221153846153846 0.008413461538461538
0 0.3269230769230769 0.8317307692307693 0.013221153846153846 0.015625
0 0.37740384615384615 0.765625 0.015625 0.018028846153846152
0 0.4951923076923077 0.8449519230769231 0.018028846153846152 0.018028846153846152
0 0.515625 0.8533653846153846 0.013221153846153846 0.013221153846153846
0 0.5324519230769231 0.8665865384615384 0.015625 0.013221153846153846
0 0.5444711538461539 0.875 0.025240384615384616 0.020432692307692308
0 0.5564903846153846 0.8894230769230769 0.008413461538461538 0.008413461538461538
0 0.5685096153846154 0.9026442307692307 0.015625 0.013221153846153846
0 0.5841346153846154 0.9134615384615384 0.015625 0.010817307692307692
0 0.6081730769230769 0.9290865384615384 0.018028846153846152 0.020432692307692308
0 0.6382211538461539 0.9375 0.015625 0.008413461538461538
0 0.4699519230769231 0.828125 0.015625 0.010817307692307692
0 0.4375 0.8125 0.013221153846153846 0.013221153846153846
0 0.41225961538461536 0.7944711538461539 0.008413461538461538 0.008413461538461538
0 0.33653846153846156 0.7271634615384616 0.010817307692307692 0.013221153846153846
0 0.2980769230769231 0.7211538461538461 0.010817307692307692 0.008413461538461538
0 0.28125 0.7007211538461539 0.013221153846153846 0.013221153846153846
0 0.38341346153846156 0.8665865384615384 0.010817307692307692 0.013221153846153846
0 0.4375 0.9110576923076923 0.013221153846153846 0.010817307692307692
0 0.4807692307692308 0.9411057692307693 0.010817307692307692 0.013221153846153846
0 0.5721153846153846 0.9831730769230769 0.008413461538461538 0.010817307692307692
0 0.5564903846153846 0.9723557692307693 0.013221153846153846 0.010817307692307692
0 0.5288461538461539 0.9747596153846154 0.013221153846153846 0.013221153846153846
0 0.5036057692307693 0.9615384615384616 0.010817307692307692 0.013221153846153846
0 0.25841346153846156 0.7848557692307693 0.02283653846153846 0.015625
0 0.21394230769230768 0.6899038461538461 0.008413461538461538 0.010817307692307692
0 0.21153846153846154 0.6574519230769231 0.013221153846153846 0.013221153846153846
0 0.2283653846153846 0.6634615384615384 0.015625 0.015625
0 0.14903846153846154 0.7439903846153846 0.018028846153846152 0.020432692307692308
0 0.19110576923076922 0.7788461538461539 0.013221153846153846 0.013221153846153846
0 0.2127403846153846 0.7836538461538461 0.020432692307692308 0.02283653846153846
0 0.234375 0.7980769230769231 0.013221153846153846 0.020432692307692308
0 0.25961538461538464 0.8185096153846154 0.015625 0.025240384615384616
0 0.41225961538461536 0.9627403846153846 0.036057692307692304 0.025240384615384616
0 0.3918269230769231 0.9387019230769231 0.026442307692307692 0.02283653846153846
0 0.36658653846153844 0.9194711538461539 0.025240384615384616 0.02283653846153846
0 0.33774038461538464 0.9014423076923077 0.018028846153846152 0.020432692307692308
0 0.6550480769230769 0.9819711538461539 0.018028846153846152 0.03125
0 0.6850961538461539 0.9663461538461539 0.026442307692307692 0.03125
0 0.6334134615384616 0.9675480769230769 0.015625 0.020432692307692308
0 0.29447115384615385 0.8629807692307693 0.020432692307692308 0.02283653846153846
0 0.27283653846153844 0.8425480769230769 0.013221153846153846 0.02283653846153846
0 0.31490384615384615 0.8786057692307693 0.02283653846153846 0.018028846153846152
0 0.15504807692307693 0.9723557692307693 0.008413461538461538 0.010817307692307692
0 0.12379807692307693 0.984375 0.018028846153846152 0.018028846153846152
0 0.41947115384615385 0.9891826923076923 0.008413461538461538 0.008413461538461538
0 0.796875 0.9747596153846154 0.008413461538461538 0.008413461538461538
0 0.4891826923076923 0.8064903846153846 0.013221153846153846 0.008413461538461538
0 0.8125 0.9423076923076923 0.013221153846153846 0.007211538461538462
0 0.8209134615384616 0.9266826923076923 0.007211538461538462 0.010817307692307692
0 0.8533653846153846 0.9711538461538461 0.013221153846153846 0.013221153846153846
0 0.8737980769230769 0.9903846153846154 0.013221153846153846 0.010817307692307692
0 0.703125 0.9194711538461539 0.008413461538461538 0.013221153846153846
0 0.7319711538461539 0.8966346153846154 0.008413461538461538 0.008413461538461538
0 0.7908653846153846 0.8846153846153846 0.008413461538461538 0.008413461538461538
0 0.984375 0.9350961538461539 0.008413461538461538 0.013221153846153846
0 0.6959134615384616 0.9399038461538461 0.008413461538461538 0.010817307692307692
0 0.9230769230769231 0.9915865384615384 0.013221153846153846 0.008413461538461538
0 0.18389423076923078 0.6165865384615384 0.020432692307692308 0.025240384615384616
0 0.1935096153846154 0.7067307692307693 0.018028846153846152 0.02283653846153846
0 0.08413461538461539 0.6875 0.020432692307692308 0.025240384615384616
0 0.11177884615384616 0.6658653846153846 0.010817307692307692 0.015625
0 0.09495192307692307 0.6358173076923077 0.018028846153846152 0.020432692307692308
0 0.046875 0.6514423076923077 0.026442307692307692 0.025240384615384616
0 0.028846153846153848 0.6322115384615384 0.018028846153846152 0.025240384615384616
0 0.11778846153846154 0.5733173076923077 0.03365384615384615 0.03365384615384615
0 0.17307692307692307 0.5444711538461539 0.013221153846153846 0.018028846153846152
0 0.19951923076923078 0.5276442307692307 0.025240384615384616 0.028846153846153848
0 0.18028846153846154 0.4831730769230769 0.03125 0.038461538461538464
0 0.32211538461538464 0.6153846153846154 0.013221153846153846 0.013221153846153846
0 0.2980769230769231 0.5985576923076923 0.020432692307692308 0.020432692307692308
0 0.2764423076923077 0.5757211538461539 0.018028846153846152 0.020432692307692308
0 0.2548076923076923 0.5504807692307693 0.013221153846153846 0.020432692307692308
0 0.020432692307692308 0.3762019230769231 0.03125 0.026442307692307692
0 0.22235576923076922 0.22716346153846154 0.015625 0.02283653846153846
0 0.24519230769230768 0.23557692307692307 0.02283653846153846 0.025240384615384616
0 0.25841346153846156 0.2644230769230769 0.018028846153846152 0.020432692307692308
0 0.27283653846153844 0.2800480769230769 0.013221153846153846 0.020432692307692308
0 0.14423076923076922 0.12740384615384615 0.018028846153846152 0.020432692307692308
0 0.004807692307692308 0.6141826923076923 0.009615384615384616 0.015625
0 0.018028846153846152 0.6033653846153846 0.013221153846153846 0.02283653846153846
0 0.06009615384615385 0.9507211538461539 0.010817307692307692 0.013221153846153846
0 0.234375 0.953125 0.013221153846153846 0.018028846153846152
0 0.09375 0.1346153846153846 0.010817307692307692 0.013221153846153846
0 0.1814903846153846 0.3701923076923077 0.015625 0.020432692307692308
0 0.17548076923076922 0.3485576923076923 0.013221153846153846 0.013221153846153846
0 0.2439903846153846 0.41947115384615385 0.010817307692307692 0.010817307692307692
0 0.03365384615384615 0.35096153846153844 0.018028846153846152 0.013221153846153846
0 0.008413461538461538 0.3425480769230769 0.013221153846153846 0.008413461538461538
0 0.0673076923076923 0.28365384615384615 0.008413461538461538 0.013221153846153846
0 0.08052884615384616 0.3293269230769231 0.013221153846153846 0.013221153846153846
0 0.07091346153846154 0.02403846153846154 0.010817307692307692 0.020432692307692308
0 0.75 0.06850961538461539 0.013221153846153846 0.015625
0 0.6598557692307693 0.2932692307692308 0.013221153846153846 0.013221153846153846
0 0.4230769230769231 0.20192307692307693 0.013221153846153846 0.015625
0 0.6862980769230769 0.021634615384615384 0.007211538461538462 0.015625
0 0.15384615384615385 0.21033653846153846 0.020432692307692308 0.020432692307692308
0 0.7127403846153846 0.03365384615384615 0.015625 0.013221153846153846
0 0.07451923076923077 0.5216346153846154 0.02283653846153846 0.025240384615384616
0 0.109375 0.4891826923076923 0.025240384615384616 0.02283653846153846
0 0.14182692307692307 0.4699519230769231 0.02283653846153846 0.025240384615384616