0 0.5300480769230769 0.9615384615384616 0.015625 0.013221153846153846
0 0.49158653846153844 0.9411057692307693 0.008413461538461538 0.013221153846153846
0 0.49399038461538464 0.8185096153846154 0.03365384615384615 0.028846153846153848
0 0.4182692307692308 0.8990384615384616 0.025240384615384616 0.02283653846153846
0 0.44350961538461536 0.9555288461538461 0.013221153846153846 0.018028846153846152
0 0.5264423076923077 0.8677884615384616 0.007211538461538462 0.010817307692307692
0 0.5300480769230769 0.8870192307692307 0.010817307692307692 0.013221153846153846
0 0.9591346153846154 0.5192307692307693 0.02283653846153846 0.020432692307692308
0 0.9350961538461539 0.5204326923076923 0.018028846153846152 0.018028846153846152
0 0.8641826923076923 0.5204326923076923 0.025240384615384616 0.02283653846153846
0 0.8257211538461539 0.5096153846153846 0.015625 0.020432692307692308
0 0.8088942307692307 0.5084134615384616 0.013221153846153846 0.025240384615384616
0 0.7932692307692307 0.5084134615384616 0.018028846153846152 0.028846153846153848
0 0.7740384615384616 0.5132211538461539 0.015625 0.02283653846153846
0 0.7415865384615384 0.5060096153846154 0.020432692307692308 0.020432692307692308
0 0.6947115384615384 0.5120192307692307 0.020432692307692308 0.020432692307692308
0 0.71875 0.515625 0.018028846153846152 0.02283653846153846
0 0.671875 0.515625 0.015625 0.018028846153846152
0 0.4014423076923077 0.8221153846153846 0.015625 0.018028846153846152
0 0.4050480769230769 0.7932692307692307 0.018028846153846152 0.018028846153846152
0 0.46875 0.7776442307692307 0.008413461538461538 0.015625
0 0.48677884615384615 0.7740384615384616 0.013221153846153846 0.010817307692307692
0 0.5228365384615384 0.7836538461538461 0.013221153846153846 0.018028846153846152
0 0.5492788461538461 0.5120192307692307 0.008413461538461538 0.015625
0 0.5637019230769231 0.5120192307692307 0.010817307692307692 0.015625
0 0.59375 0.5132211538461539 0.010817307692307692 0.013221153846153846
0 0.36177884615384615 0.4963942307692308 0.020432692307692308 0.020432692307692308
0 0.34134615384615385 0.5012019230769231 0.010817307692307692 0.010817307692307692
0 0.3389423076923077 0.4879807692307692 0.010817307692307692 0.010817307692307692
0 0.3269230769230769 0.49038461538461536 0.013221153846153846 0.010817307692307692
0 0.328125 0.5036057692307693 0.010817307692307692 0.010817307692307692
0 0.30649038461538464 0.4879807692307692 0.013221153846153846 0.015625
0 0.28846153846153844 0.49278846153846156 0.013221153846153846 0.013221153846153846
0 0.27403846153846156 0.49759615384615385 0.015625 0.018028846153846152
0 0.24639423076923078 0.49759615384615385 0.015625 0.013221153846153846
0 0.23317307692307693 0.5 0.010817307692307692 0.008413461538461538
0 0.22235576923076922 0.5036057692307693 0.010817307692307692 0.010817307692307692
0 0.20793269230769232 0.49759615384615385 0.010817307692307692 0.008413461538461538
0 0.18269230769230768 0.4879807692307692 0.008413461538461538 0.010817307692307692
0 0.16105769230769232 0.4879807692307692 0.015625 0.010817307692307692
0 0.13701923076923078 0.4951923076923077 0.013221153846153846 0.018028846153846152
0 0.12379807692307693 0.4963942307692308 0.013221153846153846 0.010817307692307692
0 0.10817307692307693 0.49399038461538464 0.008413461538461538 0.010817307692307692
0 0.09615384615384616 0.49759615384615385 0.010817307692307692 0.013221153846153846
0 0.08173076923076923 0.49759615384615385 0.010817307692307692 0.018028846153846152
0 0.06850961538461539 0.5 0.010817307692307692 0.013221153846153846
0 0.05048076923076923 0.4879807692307692 0.015625 0.015625
0 0.003605769230769231 0.5673076923076923 0.007211538461538462 0.013221153846153846
0 0.03125 0.8461538461538461 0.02283653846153846 0.015625
0 0.03125 0.8293269230769231 0.02283653846153846 0.018028846153846152
0 0.030048076923076924 0.8149038461538461 0.020432692307692308 0.013221153846153846
0 0.027644230769230768 0.7980769230769231 0.015625 0.010817307692307692
0 0.030048076923076924 0.7764423076923077 0.010817307692307692 0.013221153846153846
0 0.04567307692307692 0.7728365384615384 0.015625 0.018028846153846152
0 0.04326923076923077 0.7560096153846154 0.018028846153846152 0.010817307692307692
0 0.042067307692307696 0.7427884615384616 0.020432692307692308 0.013221153846153846
0 0.040865384615384616 0.7259615384615384 0.018028846153846152 0.015625
0 0.0673076923076923 0.7223557692307693 0.018028846153846152 0.015625
0 0.08413461538461539 0.7199519230769231 0.015625 0.015625
0 0.11177884615384616 0.7211538461538461 0.015625 0.013221153846153846
0 0.12620192307692307 0.7223557692307693 0.013221153846153846 0.010817307692307692
0 0.14543269230769232 0.7235576923076923 0.020432692307692308 0.02283653846153846
0 0.1622596153846154 0.7259615384615384 0.013221153846153846 0.025240384615384616
0 0.08052884615384616 0.7980769230769231 0.008413461538461538 0.010817307692307692
0 0.08173076923076923 0.8125 0.007211538461538462 0.008413461538461538
0 0.08413461538461539 0.8233173076923077 0.007211538461538462 0.007211538461538462
0 0.12980769230769232 0.8509615384615384 0.010817307692307692 0.008413461538461538
0 0.12860576923076922 0.8377403846153846 0.008413461538461538 0.008413461538461538
0 0.1814903846153846 0.8665865384615384 0.028846153846153848 0.025240384615384616
0 0.18269230769230768 0.8461538461538461 0.026442307692307692 0.015625
0 0.18028846153846154 0.8257211538461539 0.026442307692307692 0.020432692307692308
0 0.18269230769230768 0.8028846153846154 0.026442307692307692 0.020432692307692308
0 0.17908653846153846 0.7824519230769231 0.025240384615384616 0.015625
0 0.1814903846153846 0.765625 0.025240384615384616 0.018028846153846152
0 0.0985576923076923 0.9098557692307693 0.018028846153846152 0.013221153846153846
0 0.5288461538461539 0.9375 0.013221153846153846 0.015625
0 0.5300480769230769 0.9158653846153846 0.010817307692307692 0.010817307692307692
0 0.3786057692307692 0.7079326923076923 0.013221153846153846 0.015625
0 0.9891826923076923 0.35096153846153844 0.018028846153846152 0.018028846153846152
0 0.9903846153846154 0.28725961538461536 0.015625 0.015625
0 0.9879807692307693 0.2668269230769231 0.010817307692307692 0.010817307692307692
0 0.9879807692307693 0.25 0.010817307692307692 0.013221153846153846
0 0.9867788461538461 0.23677884615384615 0.008413461538461538 0.013221153846153846
0 0.5372596153846154 0.4375 0.020432692307692308 0.013221153846153846
0 0.5600961538461539 0.43509615384615385 0.015625 0.018028846153846152
0 0.5973557692307693 0.4014423076923077 0.03125 0.018028846153846152
0 0.6213942307692307 0.40024038461538464 0.018028846153846152 0.015625
0 0.6382211538461539 0.40024038461538464 0.015625 0.010817307692307692
0 0.6514423076923077 0.4014423076923077 0.010817307692307692 0.013221153846153846
0 0.5817307692307693 0.4326923076923077 0.010817307692307692 0.013221153846153846
0 0.6009615384615384 0.4338942307692308 0.013221153846153846 0.015625
0 0.6514423076923077 0.41947115384615385 0.008413461538461538 0.010817307692307692
0 0.6658653846153846 0.4182692307692308 0.010817307692307692 0.010817307692307692
0 0.6778846153846154 0.4182692307692308 0.013221153846153846 0.010817307692307692
0 0.7055288461538461 0.41586538461538464 0.013221153846153846 0.015625
0 0.7259615384615384 0.41947115384615385 0.010817307692307692 0.013221153846153846
0 0.7391826923076923 0.41947115384615385 0.013221153846153846 0.013221153846153846
0 0.7536057692307693 0.4182692307692308 0.010817307692307692 0.015625
0 0.7680288461538461 0.4170673076923077 0.013221153846153846 0.013221153846153846
0 0.7932692307692307 0.4338942307692308 0.008413461538461538 0.010817307692307692
0 0.90625 0.22115384615384615 0.015625 0.02283653846153846
0 0.8846153846153846 0.21995192307692307 0.018028846153846152 0.025240384615384616
0 0.8605769230769231 0.21995192307692307 0.02283653846153846 0.020432692307692308
0 0.8317307692307693 0.22235576923076922 0.020432692307692308 0.025240384615384616
0 0.8028846153846154 0.21875 0.020432692307692308 0.013221153846153846
0 0.7740384615384616 0.23317307692307693 0.020432692307692308 0.015625
0 0.9495192307692307 0.08173076923076923 0.010817307692307692 0.010817307692307692
0 0.9555288461538461 0.09375 0.007211538461538462 0.010817307692307692
0 0.9447115384615384 0.06490384615384616 0.010817307692307692 0.008413461538461538
0 0.9423076923076923 0.051682692307692304 0.007211538461538462 0.008413461538461538
0 0.8197115384615384 0.17067307692307693 0.013221153846153846 0.013221153846153846
0 0.8185096153846154 0.15144230769230768 0.010817307692307692 0.010817307692307692
0 0.8185096153846154 0.13822115384615385 0.010817307692307692 0.010817307692307692
0 0.8185096153846154 0.12139423076923077 0.010817307692307692 0.008413461538461538
0 0.8185096153846154 0.10817307692307693 0.010817307692307692 0.008413461538461538
0 0.8173076923076923 0.09254807692307693 0.013221153846153846 0.008413461538461538
0 0.8137019230769231 0.07692307692307693 0.010817307692307692 0.013221153846153846
0 0.8161057692307693 0.057692307692307696 0.010817307692307692 0.010817307692307692
0 0.8149038461538461 0.038461538461538464 0.008413461538461538 0.013221153846153846
0 0.8305288461538461 0.038461538461538464 0.010817307692307692 0.008413461538461538
0 0.8497596153846154 0.038461538461538464 0.010817307692307692 0.008413461538461538
0 0.8810096153846154 0.040865384615384616 0.013221153846153846 0.018028846153846152
0 0.9290865384615384 0.007211538461538462 0.010817307692307692 0.008413461538461538
0 0.9326923076923077 0.02283653846153846 0.008413461538461538 0.013221153846153846
0 0.9254807692307693 0.037259615384615384 0.008413461538461538 0.010817307692307692
0 0.8858173076923077 0.007211538461538462 0.010817307692307692 0.008413461538461538
0 0.9158653846153846 0.028846153846153848 0.010817307692307692 0.008413461538461538
0 0.7752403846153846 0.04326923076923077 0.02283653846153846 0.02283653846153846
0 0.7668269230769231 0.13221153846153846 0.025240384615384616 0.028846153846153848
0 0.7800480769230769 0.20072115384615385 0.010817307692307692 0.013221153846153846
0 0.7644230769230769 0.203125 0.010817307692307692 0.008413461538461538
0 0.7848557692307693 0.09014423076923077 0.010817307692307692 0.008413461538461538
0 0.6598557692307693 0.11658653846153846 0.013221153846153846 0.013221153846153846
0 0.6778846153846154 0.12379807692307693 0.013221153846153846 0.013221153846153846
0 0.6694711538461539 0.1935096153846154 0.008413461538461538 0.013221153846153846
0 0.6382211538461539 0.20192307692307693 0.007211538461538462 0.015625
0 0.71875 0.13341346153846154 0.008413461538461538 0.008413461538461538
0 0.5769230769230769 0.22956730769230768 0.018028846153846152 0.018028846153846152
0 0.5769230769230769 0.20793269230769232 0.018028846153846152 0.015625
0 0.5540865384615384 0.23317307692307693 0.013221153846153846 0.015625
0 0.5348557692307693 0.23798076923076922 0.010817307692307692 0.010817307692307692
0 0.5360576923076923 0.2512019230769231 0.008413461538461538 0.015625
0 0.5360576923076923 0.2776442307692308 0.018028846153846152 0.015625
0 0.49158653846153844 0.43509615384615385 0.010817307692307692 0.013221153846153846
0 0.47115384615384615 0.4338942307692308 0.008413461538461538 0.010817307692307692
0 0.4519230769230769 0.4338942307692308 0.010817307692307692 0.010817307692307692
0 0.43509615384615385 0.4375 0.008413461538461538 0.008413461538461538
0 0.4182692307692308 0.43509615384615385 0.010817307692307692 0.008413461538461538
0 0.39783653846153844 0.4338942307692308 0.010817307692307692 0.010817307692307692
0 0.3798076923076923 0.4326923076923077 0.015625 0.013221153846153846
0 0.3629807692307692 0.43149038461538464 0.013221153846153846 0.010817307692307692
0 0.34375 0.4338942307692308 0.010817307692307692 0.010817307692307692
0 0.328125 0.4326923076923077 0.010817307692307692 0.013221153846153846
0 0.3088942307692308 0.43028846153846156 0.013221153846153846 0.008413461538461538
0 0.29086538461538464 0.43509615384615385 0.018028846153846152 0.013221153846153846
0 0.27163461538461536 0.4326923076923077 0.010817307692307692 0.013221153846153846
0 0.25240384615384615 0.43149038461538464 0.018028846153846152 0.010817307692307692
0 0.5456730769230769 0.2956730769230769 0.020432692307692308 0.015625
0 0.5552884615384616 0.3317307692307692 0.015625 0.020432692307692308
0 0.7487980769230769 0.20072115384615385 0.010817307692307692 0.013221153846153846
0 0.7163461538461539 0.20673076923076922 0.013221153846153846 0.013221153846153846
0 0.7271634615384616 0.22355769230769232 0.018028846153846152 0.018028846153846152
0 0.7403846153846154 0.24158653846153846 0.020432692307692308 0.020432692307692308
0 0.039663461538461536 0.04326923076923077 0.010817307692307692 0.013221153846153846
0 0.03365384615384615 0.057692307692307696 0.008413461538461538 0.007211538461538462
0 0.026442307692307692 0.08533653846153846 0.007211538461538462 0.008413461538461538
0 0.05889423076923077 0.020432692307692308 0.008413461538461538 0.008413461538461538
0 0.008413461538461538 0.15144230769230768 0.008413461538461538 0.010817307692307692
0 0.23197115384615385 0.43149038461538464 0.008413461538461538 0.010817307692307692
0 0.21754807692307693 0.43028846153846156 0.010817307692307692 0.013221153846153846
0 0.1971153846153846 0.43149038461538464 0.015625 0.010817307692307692
0 0.1814903846153846 0.43028846153846156 0.007211538461538462 0.008413461538461538
0 0.16706730769230768 0.421875 0.008413461538461538 0.007211538461538462
0 0.15865384615384615 0.43149038461538464 0.007211538461538462 0.007211538461538462
0 0.12379807692307693 0.42788461538461536 0.008413461538461538 0.008413461538461538
0 0.09975961538461539 0.42908653846153844 0.007211538461538462 0.010817307692307692
0 0.0829326923076923 0.42788461538461536 0.008413461538461538 0.008413461538461538
0 0.06610576923076923 0.4266826923076923 0.010817307692307692 0.010817307692307692
0 0.046875 0.42908653846153844 0.008413461538461538 0.007211538461538462
0 0.028846153846153848 0.42908653846153844 0.008413461538461538 0.010817307692307692
0 0.007211538461538462 0.4266826923076923 0.008413461538461538 0.010817307692307692
0 0.054086538461538464 0.37259615384615385 0.008413461538461538 0.007211538461538462
0 0.056490384615384616 0.3605769230769231 0.008413461538461538 0.008413461538461538
0 0.19831730769230768 0.3016826923076923 0.008413461538461538 0.013221153846153846
0 0.15144230769230768 0.296875 0.013221153846153846 0.013221153846153846
0 0.16466346153846154 0.28846153846153844 0.008413461538461538 0.008413461538461538
0 0.12740384615384615 0.2704326923076923 0.010817307692307692 0.013221153846153846
0 0.020432692307692308 0.7548076923076923 0.013221153846153846 0.008413461538461538
0 0.010817307692307692 0.7283653846153846 0.008413461538461538 0.007211538461538462
0 0.010817307692307692 0.9194711538461539 0.008413461538461538 0.010817307692307692
0 0.013221153846153846 0.9471153846153846 0.008413461538461538 0.010817307692307692
0 0.009615384615384616 0.984375 0.007211538461538462 0.008413461538461538
0 0.02403846153846154 0.9194711538461539 0.010817307692307692 0.010817307692307692
0 0.013221153846153846 0.8966346153846154 0.008413461538461538 0.008413461538461538
0 0.1310096153846154 0.8978365384615384 0.008413461538461538 0.010817307692307692
0 0.43028846153846156 0.9627403846153846 0.008413461538461538 0.010817307692307692
0 0.15264423076923078 0.9375 0.008413461538461538 0.010817307692307692
0 0.1622596153846154 0.9314903846153846 0.008413461538461538 0.010817307692307692
0 0.14543269230769232 0.9507211538461539 0.010817307692307692 0.008413461538461538
0 0.42788461538461536 0.9326923076923077 0.013221153846153846 0.013221153846153846
0 0.3858173076923077 0.8990384615384616 0.010817307692307692 0.013221153846153846
0 0.5084134615384616 0.8485576923076923 0.008413461538461538 0.010817307692307692
0 0.5264423076923077 0.8509615384615384 0.008413461538461538 0.008413461538461538
0 0.5276442307692307 0.8317307692307693 0.010817307692307692 0.007211538461538462
0 0.5264423076923077 0.8221153846153846 0.008413461538461538 0.008413461538461538
0 0.5264423076923077 0.8125 0.008413461538461538 0.007211538461538462
0 0.0889423076923077 0.09254807692307693 0.015625 0.018028846153846152
0 0.09615384615384616 0.07451923076923077 0.015625 0.013221153846153846
0 0.109375 0.057692307692307696 0.015625 0.015625
0 0.0829326923076923 0.15384615384615385 0.013221153846153846 0.015625
0 0.054086538461538464 0.18028846153846154 0.018028846153846152 0.018028846153846152
0 0.6923076923076923 0.109375 0.010817307692307692 0.015625
0 0.7055288461538461 0.109375 0.013221153846153846 0.015625
0 0.734375 0.1141826923076923 0.013221153846153846 0.020432692307692308
0 0.8305288461538461 0.016826923076923076 0.02283653846153846 0.020432692307692308
0 0.515625 0.23197115384615385 0.018028846153846152 0.018028846153846152
0 0.5480769230769231 0.21153846153846154 0.010817307692307692 0.013221153846153846
0 0.6838942307692307 0.15504807692307693 0.015625 0.02283653846153846
0 0.45552884615384615 0.24158653846153846 0.013221153846153846 0.015625
0 0.6526442307692307 0.16947115384615385 0.018028846153846152 0.018028846153846152
0 0.5552884615384616 0.1935096153846154 0.015625 0.013221153846153846
0 0.5108173076923077 0.29447115384615385 0.013221153846153846 0.013221153846153846
0 0.7872596153846154 0.12860576923076922 0.015625 0.018028846153846152
0 0.16346153846153846 0.15144230769230768 0.020432692307692308 0.013221153846153846
0 0.08774038461538461 0.22235576923076922 0.018028846153846152 0.015625
0 0.29927884615384615 0.12139423076923077 0.02283653846153846 0.018028846153846152
0 0.06850961538461539 0.09495192307692307 0.020432692307692308 0.013221153846153846
0 0.0985576923076923 0.037259615384615384 0.015625 0.010817307692307692
0 0.0625 0.14903846153846154 0.018028846153846152 0.013221153846153846
0 0.06490384615384616 0.12740384615384615 0.013221153846153846 0.020432692307692308