0 0.09615384615384616 0.016826923076923076 0.010817307692307692 0.010817307692307692
0 0.11057692307692307 0.018028846153846152 0.013221153846153846 0.013221153846153846
0 0.12860576923076922 0.015625 0.013221153846153846 0.013221153846153846
0 0.14903846153846154 0.020432692307692308 0.013221153846153846 0.013221153846153846
0 0.1622596153846154 0.015625 0.013221153846153846 0.013221153846153846
0 0.1778846153846154 0.019230769230769232 0.013221153846153846 0.015625
0 0.19230769230769232 0.018028846153846152 0.015625 0.013221153846153846
0 0.2091346153846154 0.018028846153846152 0.013221153846153846 0.013221153846153846
0 0.2439903846153846 0.019230769230769232 0.015625 0.015625
0 0.2608173076923077 0.020432692307692308 0.013221153846153846 0.013221153846153846
0 0.2764423076923077 0.020432692307692308 0.010817307692307692 0.013221153846153846
0 0.28846153846153844 0.018028846153846152 0.013221153846153846 0.013221153846153846
0 0.30288461538461536 0.020432692307692308 0.010817307692307692 0.013221153846153846
0 0.31490384615384615 0.019230769230769232 0.013221153846153846 0.015625
0 0.328125 0.02403846153846154 0.010817307692307692 0.010817307692307692
0 0.3425480769230769 0.02283653846153846 0.013221153846153846 0.013221153846153846
0 0.38341346153846156 0.020432692307692308 0.010817307692307692 0.013221153846153846
0 0.4014423076923077 0.020432692307692308 0.013221153846153846 0.013221153846153846
0 0.4266826923076923 0.018028846153846152 0.010817307692307692 0.008413461538461538
0 0.9735576923076923 0.027644230769230768 0.010817307692307692 0.010817307692307692
0 0.9555288461538461 0.025240384615384616 0.008413461538461538 0.008413461538461538
0 0.9435096153846154 0.026442307692307692 0.013221153846153846 0.010817307692307692
0 0.9266826923076923 0.026442307692307692 0.007211538461538462 0.010817307692307692
0 0.9158653846153846 0.02403846153846154 0.010817307692307692 0.010817307692307692
0 0.9002403846153846 0.025240384615384616 0.010817307692307692 0.008413461538461538
0 0.8846153846153846 0.025240384615384616 0.008413461538461538 0.008413461538461538
0 0.859375 0.026442307692307692 0.010817307692307692 0.008413461538461538
0 0.8425480769230769 0.02403846153846154 0.008413461538461538 0.010817307692307692
0 0.8293269230769231 0.025240384615384616 0.008413461538461538 0.008413461538461538
0 0.8040865384615384 0.02403846153846154 0.008413461538461538 0.007211538461538462
0 0.7596153846153846 0.025240384615384616 0.010817307692307692 0.008413461538461538
0 0.9290865384615384 0.009615384615384616 0.010817307692307692 0.010817307692307692
0 0.6935096153846154 0.02283653846153846 0.008413461538461538 0.008413461538461538
0 0.6682692307692307 0.019230769230769232 0.010817307692307692 0.010817307692307692
0 0.9819711538461539 0.08533653846153846 0.013221153846153846 0.008413461538461538
0 0.9555288461538461 0.08533653846153846 0.010817307692307692 0.008413461538461538
0 0.9675480769230769 0.08774038461538461 0.010817307692307692 0.008413461538461538
0 0.9411057692307693 0.08653846153846154 0.013221153846153846 0.010817307692307692
0 0.9230769230769231 0.08653846153846154 0.013221153846153846 0.010817307692307692
0 0.9098557692307693 0.08533653846153846 0.008413461538461538 0.008413461538461538
0 0.9014423076923077 0.08533653846153846 0.008413461538461538 0.013221153846153846
0 0.8858173076923077 0.08413461538461539 0.010817307692307692 0.010817307692307692
0 0.8713942307692307 0.08173076923076923 0.013221153846153846 0.010817307692307692
0 0.8413461538461539 0.0829326923076923 0.010817307692307692 0.013221153846153846
0 0.8185096153846154 0.08413461538461539 0.010817307692307692 0.010817307692307692
0 0.7872596153846154 0.08173076923076923 0.010817307692307692 0.010817307692307692
0 0.7764423076923077 0.08413461538461539 0.010817307692307692 0.010817307692307692
0 0.7632211538461539 0.08173076923076923 0.008413461538461538 0.010817307692307692
0 0.7487980769230769 0.0829326923076923 0.015625 0.013221153846153846
0 0.7259615384615384 0.0829326923076923 0.015625 0.008413461538461538
0 0.6911057692307693 0.08052884615384616 0.013221153846153846 0.007211538461538462
0 0.5288461538461539 0.09495192307692307 0.018028846153846152 0.018028846153846152
0 0.5420673076923077 0.08052884615384616 0.010817307692307692 0.010817307692307692
0 0.4675480769230769 0.0829326923076923 0.015625 0.013221153846153846
0 0.5985576923076923 0.3112980769230769 0.015625 0.013221153846153846
0 0.42788461538461536 0.12379807692307693 0.026442307692307692 0.018028846153846152
0 0.44350961538461536 0.08052884615384616 0.018028846153846152 0.013221153846153846
0 0.4254807692307692 0.08052884615384616 0.013221153846153846 0.010817307692307692
0 0.4014423076923077 0.08052884615384616 0.010817307692307692 0.010817307692307692
0 0.38822115384615385 0.08173076923076923 0.010817307692307692 0.010817307692307692
0 0.3701923076923077 0.08173076923076923 0.010817307692307692 0.010817307692307692
0 0.10216346153846154 0.078125 0.038461538461538464 0.015625
0 0.140625 0.078125 0.020432692307692308 0.015625
0 0.16466346153846154 0.078125 0.018028846153846152 0.015625
0 0.18269230769230768 0.08052884615384616 0.018028846153846152 0.015625
0 0.203125 0.07932692307692307 0.013221153846153846 0.013221153846153846
0 0.21754807692307693 0.08052884615384616 0.015625 0.013221153846153846
0 0.24158653846153846 0.08052884615384616 0.020432692307692308 0.015625
0 0.265625 0.08052884615384616 0.018028846153846152 0.015625
0 0.2932692307692308 0.08173076923076923 0.02283653846153846 0.015625
0 0.3112980769230769 0.08052884615384616 0.013221153846153846 0.013221153846153846
0 0.3293269230769231 0.08052884615384616 0.018028846153846152 0.015625
0 0.3473557692307692 0.08173076923076923 0.013221153846153846 0.015625
0 0.3605769230769231 0.08533653846153846 0.013221153846153846 0.018028846153846152
0 0.07932692307692307 0.09254807692307693 0.018028846153846152 0.013221153846153846
0 0.08052884615384616 0.10817307692307693 0.018028846153846152 0.018028846153846152
0 0.08533653846153846 0.12379807692307693 0.013221153846153846 0.008413461538461538
0 0.08173076923076923 0.13581730769230768 0.020432692307692308 0.015625
0 0.08413461538461539 0.15745192307692307 0.020432692307692308 0.02283653846153846
0 0.08413461538461539 0.1814903846153846 0.015625 0.010817307692307692
0 0.08173076923076923 0.1935096153846154 0.020432692307692308 0.013221153846153846
0 0.08653846153846154 0.20552884615384615 0.015625 0.010817307692307692
0 0.08533653846153846 0.21875 0.018028846153846152 0.013221153846153846
0 0.08413461538461539 0.23798076923076922 0.015625 0.020432692307692308
0 0.08533653846153846 0.2608173076923077 0.013221153846153846 0.018028846153846152
0 0.08052884615384616 0.2764423076923077 0.025240384615384616 0.018028846153846152
0 0.08052884615384616 0.29927884615384615 0.020432692307692308 0.013221153846153846
0 0.08052884615384616 0.31490384615384615 0.02283653846153846 0.013221153846153846
0 0.07932692307692307 0.3425480769230769 0.018028846153846152 0.018028846153846152
0 0.08533653846153846 0.36538461538461536 0.013221153846153846 0.013221153846153846
0 0.08052884615384616 0.3762019230769231 0.015625 0.013221153846153846
0 0.07692307692307693 0.390625 0.013221153846153846 0.010817307692307692
0 0.07932692307692307 0.4050480769230769 0.013221153846153846 0.013221153846153846
0 0.07451923076923077 0.4254807692307692 0.013221153846153846 0.013221153846153846
0 0.08052884615384616 0.4375 0.015625 0.010817307692307692
0 0.10576923076923077 0.35336538461538464 0.013221153846153846 0.013221153846153846
0 0.1045673076923077 0.3389423076923077 0.010817307692307692 0.010817307692307692
0 0.10697115384615384 0.3125 0.010817307692307692 0.010817307692307692
0 0.10697115384615384 0.2980769230769231 0.010817307692307692 0.010817307692307692
0 0.10817307692307693 0.2848557692307692 0.008413461538461538 0.010817307692307692
0 0.10697115384615384 0.27163461538461536 0.007211538461538462 0.007211538461538462
0 0.11658653846153846 0.2704326923076923 0.008413461538461538 0.008413461538461538
0 0.1201923076923077 0.2824519230769231 0.007211538461538462 0.007211538461538462
0 0.11778846153846154 0.2956730769230769 0.007211538461538462 0.007211538461538462
0 0.11899038461538461 0.3112980769230769 0.004807692307692308 0.008413461538461538
0 0.12139423076923077 0.3245192307692308 0.004807692307692308 0.008413461538461538
0 0.1346153846153846 0.31009615384615385 0.008413461538461538 0.010817307692307692
0 0.14903846153846154 0.3125 0.008413461538461538 0.008413461538461538
0 0.1502403846153846 0.2980769230769231 0.007211538461538462 0.007211538461538462
0 0.13701923076923078 0.2956730769230769 0.008413461538461538 0.007211538461538462
0 0.9867788461538461 0.9194711538461539 0.008413461538461538 0.008413461538461538
0 0.9747596153846154 0.9122596153846154 0.008413461538461538 0.008413461538461538
0 0.9639423076923077 0.9014423076923077 0.018028846153846152 0.013221153846153846
0 0.9314903846153846 0.9783653846153846 0.015625 0.010817307692307692
0 0.9266826923076923 0.9591346153846154 0.010817307692307692 0.008413461538461538
0 0.9146634615384616 0.9519230769230769 0.008413461538461538 0.015625
0 0.9014423076923077 0.9411057692307693 0.015625 0.013221153846153846
0 0.8882211538461539 0.9314903846153846 0.010817307692307692 0.010817307692307692
0 0.8762019230769231 0.9254807692307693 0.008413461538461538 0.013221153846153846
0 0.8521634615384616 0.90625 0.010817307692307692 0.010817307692307692
0 0.8713942307692307 0.9038461538461539 0.008413461538461538 0.010817307692307692
0 0.8052884615384616 0.9254807692307693 0.010817307692307692 0.008413461538461538
0 0.7980769230769231 0.9375 0.010817307692307692 0.008413461538461538
0 0.7932692307692307 0.9471153846153846 0.008413461538461538 0.010817307692307692
0 0.9735576923076923 0.9771634615384616 0.013221153846153846 0.008413461538461538
0 0.9579326923076923 0.9855769230769231 0.007211538461538462 0.007211538461538462
0 0.7163461538461539 0.9651442307692307 0.008413461538461538 0.007211538461538462
0 0.7235576923076923 0.9555288461538461 0.008413461538461538 0.008413461538461538
0 0.7295673076923077 0.9447115384615384 0.008413461538461538 0.010817307692307692
0 0.7644230769230769 0.9290865384615384 0.010817307692307692 0.007211538461538462
0 0.7728365384615384 0.9230769230769231 0.008413461538461538 0.008413461538461538
0 0.7740384615384616 0.9158653846153846 0.007211538461538462 0.007211538461538462
0 0.7776442307692307 0.9110576923076923 0.007211538461538462 0.007211538461538462
0 0.7932692307692307 0.8834134615384616 0.008413461538461538 0.013221153846153846
0 0.796875 0.8774038461538461 0.013221153846153846 0.010817307692307692
0 0.8401442307692307 0.8978365384615384 0.008413461538461538 0.007211538461538462
0 0.8557692307692307 0.8918269230769231 0.013221153846153846 0.008413461538461538
0 0.8389423076923077 0.8834134615384616 0.007211538461538462 0.008413461538461538
0 0.8197115384615384 0.9026442307692307 0.008413461538461538 0.008413461538461538
0 0.8052884615384616 0.8641826923076923 0.010817307692307692 0.010817307692307692
0 0.7944711538461539 0.8545673076923077 0.007211538461538462 0.007211538461538462
0 0.7824519230769231 0.8509615384615384 0.010817307692307692 0.008413461538461538
0 0.7740384615384616 0.8449519230769231 0.010817307692307692 0.008413461538461538
0 0.7596153846153846 0.8341346153846154 0.007211538461538462 0.007211538461538462
0 0.7475961538461539 0.8305288461538461 0.008413461538461538 0.007211538461538462
0 0.7403846153846154 0.8269230769230769 0.010817307692307692 0.013221153846153846
0 0.7175480769230769 0.8413461538461539 0.010817307692307692 0.010817307692307692
0 0.7007211538461539 0.8088942307692307 0.008413461538461538 0.008413461538461538
0 0.6850961538461539 0.8028846153846154 0.008413461538461538 0.010817307692307692
0 0.671875 0.7992788461538461 0.010817307692307692 0.008413461538461538
0 0.6550480769230769 0.8100961538461539 0.008413461538461538 0.007211538461538462
0 0.6538461538461539 0.8185096153846154 0.007211538461538462 0.007211538461538462
0 0.6935096153846154 0.8317307692307693 0.008413461538461538 0.007211538461538462
0 0.703125 0.8269230769230769 0.008413461538461538 0.008413461538461538
0 0.6418269230769231 0.8497596153846154 0.013221153846153846 0.010817307692307692
0 0.6382211538461539 0.8605769230769231 0.007211538461538462 0.008413461538461538
0 0.6346153846153846 0.8689903846153846 0.008413461538461538 0.004807692307692308
0 0.6213942307692307 0.9122596153846154 0.008413461538461538 0.004807692307692308
0 0.6201923076923077 0.9206730769230769 0.007211538461538462 0.008413461538461538
0 0.5793269230769231 0.9699519230769231 0.008413461538461538 0.010817307692307692
0 0.5745192307692307 0.9567307692307693 0.013221153846153846 0.013221153846153846
0 0.5661057692307693 0.9423076923076923 0.010817307692307692 0.010817307692307692
0 0.5564903846153846 0.9278846153846154 0.008413461538461538 0.013221153846153846
0 0.59375 0.9074519230769231 0.010817307692307692 0.008413461538461538
0 0.5865384615384616 0.8894230769230769 0.010817307692307692 0.008413461538461538
0 0.5985576923076923 0.8870192307692307 0.008413461538461538 0.008413461538461538
0 0.6189903846153846 0.8329326923076923 0.008413461538461538 0.004807692307692308
0 0.6165865384615384 0.8449519230769231 0.008413461538461538 0.008413461538461538
0 0.5480769230769231 0.8389423076923077 0.010817307692307692 0.010817307692307692
0 0.5444711538461539 0.828125 0.008413461538461538 0.010817307692307692
0 0.5552884615384616 0.828125 0.010817307692307692 0.010817307692307692
0 0.5360576923076923 0.8149038461538461 0.008413461538461538 0.008413461538461538
0 0.625 0.8088942307692307 0.010817307692307692 0.008413461538461538
0 0.6129807692307693 0.7944711538461539 0.013221153846153846 0.013221153846153846
0 0.6286057692307693 0.7992788461538461 0.008413461538461538 0.008413461538461538
0 0.5492788461538461 0.9134615384615384 0.013221153846153846 0.010817307692307692
0 0.5372596153846154 0.9014423076923077 0.010817307692307692 0.013221153846153846
0 0.53125 0.8870192307692307 0.008413461538461538 0.008413461538461538
0 0.5240384615384616 0.8737980769230769 0.010817307692307692 0.008413461538461538
0 0.5132211538461539 0.8605769230769231 0.004807692307692308 0.008413461538461538
0 0.5036057692307693 0.8461538461538461 0.015625 0.015625
0 0.49278846153846156 0.828125 0.008413461538461538 0.010817307692307692
0 0.5024038461538461 0.8305288461538461 0.008413461538461538 0.010817307692307692
0 0.6310096153846154 0.7836538461538461 0.008413461538461538 0.013221153846153846
0 0.6105769230769231 0.7848557692307693 0.008413461538461538 0.007211538461538462
0 0.5961538461538461 0.7872596153846154 0.015625 0.015625
0 0.5793269230769231 0.7824519230769231 0.013221153846153846 0.010817307692307692
0 0.5492788461538461 0.8149038461538461 0.008413461538461538 0.008413461538461538
0 0.5817307692307693 0.8822115384615384 0.010817307692307692 0.010817307692307692
0 0.48677884615384615 0.8149038461538461 0.013221153846153846 0.008413461538461538
0 0.47596153846153844 0.8004807692307693 0.010817307692307692 0.010817307692307692
0 0.48677884615384615 0.8040865384615384 0.008413461538461538 0.013221153846153846
0 0.5625 0.7764423076923077 0.015625 0.013221153846153846
0 0.6165865384615384 0.7764423076923077 0.008413461538461538 0.008413461538461538
0 0.6045673076923077 0.7728365384615384 0.007211538461538462 0.008413461538461538
0 0.5793269230769231 0.7668269230769231 0.008413461538461538 0.010817307692307692
0 0.5661057692307693 0.7620192307692307 0.010817307692307692 0.007211538461538462
0 0.5276442307692307 0.765625 0.007211538461538462 0.013221153846153846
0 0.5372596153846154 0.7728365384615384 0.007211538461538462 0.013221153846153846
0 0.5552884615384616 0.7584134615384616 0.007211538461538462 0.007211538461538462
0 0.5432692307692307 0.7572115384615384 0.008413461538461538 0.008413461538461538
0 0.53125 0.7536057692307693 0.008413461538461538 0.010817307692307692
0 0.5192307692307693 0.75 0.010817307692307692 0.008413461538461538
0 0.5120192307692307 0.7620192307692307 0.010817307692307692 0.010817307692307692
0 0.4951923076923077 0.7596153846153846 0.008413461538461538 0.010817307692307692
0 0.4855769230769231 0.7608173076923077 0.010817307692307692 0.013221153846153846
0 0.48197115384615385 0.7740384615384616 0.008413461538461538 0.007211538461538462
0 0.5060096153846154 0.7475961538461539 0.010817307692307692 0.013221153846153846
0 0.49278846153846156 0.7427884615384616 0.008413461538461538 0.008413461538461538
0 0.4831730769230769 0.7439903846153846 0.007211538461538462 0.010817307692307692
0 0.47115384615384615 0.7415865384615384 0.013221153846153846 0.010817307692307692
0 0.4723557692307692 0.7584134615384616 0.010817307692307692 0.008413461538461538
0 0.4699519230769231 0.7728365384615384 0.010817307692307692 0.008413461538461538
0 0.46634615384615385 0.7896634615384616 0.013221153846153846 0.010817307692307692
0 0.49158653846153844 0.6802884615384616 0.010817307692307692 0.008413461538461538
0 0.5024038461538461 0.6911057692307693 0.008413461538461538 0.008413461538461538
0 0.515625 0.6802884615384616 0.008413461538461538 0.008413461538461538
0 0.5324519230769231 0.6947115384615384 0.010817307692307692 0.007211538461538462
0 0.5480769230769231 0.6983173076923077 0.010817307692307692 0.008413461538461538
0 0.5492788461538461 0.6862980769230769 0.008413461538461538 0.010817307692307692
0 0.5444711538461539 0.6730769230769231 0.010817307692307692 0.008413461538461538
0 0.5552884615384616 0.671875 0.010817307692307692 0.010817307692307692
0 0.5540865384615384 0.6634615384615384 0.008413461538461538 0.007211538461538462
0 0.5552884615384616 0.6550480769230769 0.010817307692307692 0.013221153846153846
0 0.5504807692307693 0.6418269230769231 0.010817307692307692 0.008413461538461538
0 0.5444711538461539 0.6286057692307693 0.010817307692307692 0.013221153846153846
0 0.5540865384615384 0.6225961538461539 0.008413461538461538 0.010817307692307692
0 0.5528846153846154 0.6129807692307693 0.007211538461538462 0.008413461538461538
0 0.5528846153846154 0.6033653846153846 0.007211538461538462 0.008413461538461538
0 0.5456730769230769 0.5973557692307693 0.010817307692307692 0.008413461538461538
0 0.5444711538461539 0.5841346153846154 0.010817307692307692 0.010817307692307692
0 0.5492788461538461 0.5745192307692307 0.008413461538461538 0.008413461538461538
0 0.5516826923076923 0.5625 0.008413461538461538 0.008413461538461538
0 0.5492788461538461 0.5528846153846154 0.013221153846153846 0.010817307692307692
0 0.30408653846153844 0.7307692307692307 0.008413461538461538 0.010817307692307692
0 0.2932692307692308 0.7247596153846154 0.008413461538461538 0.008413461538461538
0 0.2800480769230769 0.7319711538461539 0.010817307692307692 0.008413461538461538
0 0.2692307692307692 0.7271634615384616 0.010817307692307692 0.008413461538461538
0 0.25600961538461536 0.7271634615384616 0.007211538461538462 0.008413461538461538
0 0.24519230769230768 0.7271634615384616 0.008413461538461538 0.008413461538461538
0 0.23076923076923078 0.7283653846153846 0.010817307692307692 0.010817307692307692
0 0.21875 0.7271634615384616 0.008413461538461538 0.008413461538461538
0 0.203125 0.7295673076923077 0.008413461538461538 0.008413461538461538
0 0.18870192307692307 0.7295673076923077 0.008413461538461538 0.008413461538461538
0 0.17548076923076922 0.7331730769230769 0.008413461538461538 0.010817307692307692
0 0.3485576923076923 0.7307692307692307 0.008413461538461538 0.010817307692307692
0 0.33653846153846156 0.7307692307692307 0.010817307692307692 0.010817307692307692
0 0.3942307692307692 0.7331730769230769 0.008413461538461538 0.010817307692307692
0 0.4423076923076923 0.6790865384615384 0.010817307692307692 0.007211538461538462
0 0.4495192307692308 0.6706730769230769 0.010817307692307692 0.008413461538461538
0 0.43149038461538464 0.671875 0.010817307692307692 0.010817307692307692
0 0.4206730769230769 0.6742788461538461 0.008413461538461538 0.010817307692307692
0 0.40384615384615385 0.671875 0.010817307692307692 0.010817307692307692
0 0.3894230769230769 0.6658653846153846 0.008413461538461538 0.007211538461538462
0 0.4375 0.6610576923076923 0.008413461538461538 0.007211538461538462
0 0.44711538461538464 0.6538461538461539 0.010817307692307692 0.010817307692307692
0 0.44591346153846156 0.6213942307692307 0.008413461538461538 0.008413461538461538
0 0.43509615384615385 0.6213942307692307 0.008413461538461538 0.008413461538461538
0 0.4483173076923077 0.6105769230769231 0.008413461538461538 0.013221153846153846
0 0.4375 0.6105769230769231 0.007211538461538462 0.008413461538461538
0 0.3737980769230769 0.6670673076923077 0.013221153846153846 0.008413461538461538
0 0.3161057692307692 0.6622596153846154 0.010817307692307692 0.013221153846153846
0 0.328125 0.6694711538461539 0.010817307692307692 0.013221153846153846
0 0.3016826923076923 0.6646634615384616 0.008413461538461538 0.008413461538461538
0 0.28725961538461536 0.6646634615384616 0.010817307692307692 0.008413461538461538
0 0.27283653846153844 0.6658653846153846 0.013221153846153846 0.010817307692307692
0 0.25841346153846156 0.6658653846153846 0.010817307692307692 0.010817307692307692
0 0.24639423076923078 0.6634615384615384 0.010817307692307692 0.010817307692307692
0 0.23798076923076922 0.6694711538461539 0.010817307692307692 0.013221153846153846
0 0.21754807692307693 0.6754807692307693 0.010817307692307692 0.008413461538461538
0 0.2091346153846154 0.6670673076923077 0.008413461538461538 0.008413461538461538
0 0.17908653846153846 0.6766826923076923 0.015625 0.007211538461538462
0 0.09014423076923077 0.6430288461538461 0.013221153846153846 0.015625
0 0.09254807692307693 0.6646634615384616 0.008413461538461538 0.008413461538461538
0 0.09615384615384616 0.6802884615384616 0.010817307692307692 0.008413461538461538
0 0.09495192307692307 0.7584134615384616 0.018028846153846152 0.018028846153846152
0 0.11658653846153846 0.7860576923076923 0.008413461538461538 0.008413461538461538
0 0.12139423076923077 0.8040865384615384 0.013221153846153846 0.018028846153846152
0 0.14302884615384615 0.8209134615384616 0.010817307692307692 0.010817307692307692
0 0.14182692307692307 0.8341346153846154 0.013221153846153846 0.010817307692307692
0 0.15504807692307693 0.8569711538461539 0.008413461538461538 0.010817307692307692
0 0.16346153846153846 0.8461538461538461 0.007211538461538462 0.010817307692307692
0 0.16706730769230768 0.8629807692307693 0.013221153846153846 0.013221153846153846
0 0.17548076923076922 0.8846153846153846 0.018028846153846152 0.013221153846153846
0 0.18269230769230768 0.8389423076923077 0.008413461538461538 0.010817307692307692
0 0.18990384615384615 0.8509615384615384 0.010817307692307692 0.013221153846153846
0 0.17427884615384615 0.8305288461538461 0.010817307692307692 0.008413461538461538
0 0.203125 0.9302884615384616 0.018028846153846152 0.013221153846153846
0 0.2127403846153846 0.9435096153846154 0.015625 0.013221153846153846
0 0.22235576923076922 0.9567307692307693 0.010817307692307692 0.013221153846153846
0 0.22956730769230768 0.9711538461538461 0.02283653846153846 0.013221153846153846
0 0.23557692307692307 0.9891826923076923 0.020432692307692308 0.013221153846153846
0 0.30649038461538464 0.9927884615384616 0.008413461538461538 0.008413461538461538
0 0.3125 0.9891826923076923 0.008413461538461538 0.008413461538461538
0 0.07572115384615384 0.46033653846153844 0.020432692307692308 0.015625
0 0.07211538461538461 0.47475961538461536 0.018028846153846152 0.008413461538461538
0 0.07451923076923077 0.4855769230769231 0.018028846153846152 0.010817307692307692
0 0.07692307692307693 0.5012019230769231 0.013221153846153846 0.010817307692307692
0 0.07572115384615384 0.5144230769230769 0.015625 0.010817307692307692
0 0.08173076923076923 0.53125 0.010817307692307692 0.008413461538461538
0 0.08173076923076923 0.5432692307692307 0.007211538461538462 0.008413461538461538
0 0.07932692307692307 0.5528846153846154 0.013221153846153846 0.010817307692307692
0 0.078125 0.5709134615384616 0.015625 0.020432692307692308
0 0.08052884615384616 0.5877403846153846 0.010817307692307692 0.008413461538461538
0 0.08052884615384616 0.5985576923076923 0.010817307692307692 0.008413461538461538
0 0.04447115384615385 0.09975961538461539 0.010817307692307692 0.010817307692307692
0 0.04447115384615385 0.11298076923076923 0.008413461538461538 0.008413461538461538
0 0.04567307692307692 0.12620192307692307 0.010817307692307692 0.013221153846153846
0 0.04447115384615385 0.14302884615384615 0.013221153846153846 0.015625
0 0.04567307692307692 0.1658653846153846 0.010817307692307692 0.010817307692307692
0 0.04567307692307692 0.1778846153846154 0.010817307692307692 0.008413461538461538
0 0.04567307692307692 0.1875 0.010817307692307692 0.010817307692307692
0 0.04326923076923077 0.19831730769230768 0.013221153846153846 0.008413461538461538
0 0.04567307692307692 0.2091346153846154 0.007211538461538462 0.008413461538461538
0 0.04326923076923077 0.21875 0.008413461538461538 0.008413461538461538
0 0.046875 0.22956730769230768 0.008413461538461538 0.008413461538461538
0 0.04326923076923077 0.23798076923076922 0.008413461538461538 0.007211538461538462
0 0.04567307692307692 0.24759615384615385 0.010817307692307692 0.008413461538461538
0 0.10576923076923077 0.2439903846153846 0.008413461538461538 0.010817307692307692
0 0.3088942307692308 0.11538461538461539 0.008413461538461538 0.013221153846153846
0 0.3112980769230769 0.31009615384615385 0.008413461538461538 0.010817307692307692
0 0.2764423076923077 0.27524038461538464 0.013221153846153846 0.013221153846153846
0 0.24519230769230768 0.3016826923076923 0.008413461538461538 0.008413461538461538
0 0.2764423076923077 0.29927884615384615 0.008413461538461538 0.013221153846153846
0 0.1141826923076923 0.10817307692307693 0.007211538461538462 0.008413461538461538
0 0.12620192307692307 0.10817307692307693 0.008413461538461538 0.008413461538461538
0 0.14302884615384615 0.11057692307692307 0.007211538461538462 0.008413461538461538
0 0.15745192307692307 0.109375 0.008413461538461538 0.010817307692307692
0 0.17307692307692307 0.11057692307692307 0.008413461538461538 0.008413461538461538
0 0.04447115384615385 0.25841346153846156 0.008413461538461538 0.008413461538461538
0 0.04807692307692308 0.2704326923076923 0.007211538461538462 0.008413461538461538
0 0.04447115384615385 0.2800480769230769 0.008413461538461538 0.010817307692307692
0 0.052884615384615384 0.3004807692307692 0.007211538461538462 0.010817307692307692
0 0.04326923076923077 0.3016826923076923 0.008413461538461538 0.013221153846153846
0 0.04326923076923077 0.3161057692307692 0.008413461538461538 0.007211538461538462
0 0.046875 0.328125 0.008413461538461538 0.010817307692307692
0 0.04326923076923077 0.3401442307692308 0.008413461538461538 0.008413461538461538
0 0.04567307692307692 0.34975961538461536 0.007211538461538462 0.010817307692307692
0 0.042067307692307696 0.359375 0.010817307692307692 0.010817307692307692
0 0.046875 0.36899038461538464 0.008413461538461538 0.008413461538461538
0 0.04447115384615385 0.390625 0.008413461538461538 0.010817307692307692
0 0.04326923076923077 0.40024038461538464 0.013221153846153846 0.010817307692307692
0 0.04447115384615385 0.4098557692307692 0.008413461538461538 0.008413461538461538
0 0.042067307692307696 0.4230769230769231 0.015625 0.013221153846153846
0 0.1622596153846154 0.3004807692307692 0.008413461538461538 0.010817307692307692
0 0.16346153846153846 0.28966346153846156 0.010817307692307692 0.010817307692307692
0 0.17668269230769232 0.28365384615384615 0.007211538461538462 0.008413461538461538
0 0.1346153846153846 0.2860576923076923 0.008413461538461538 0.008413461538461538
0 0.12139423076923077 0.25841346153846156 0.008413461538461538 0.010817307692307692
0 0.17427884615384615 0.27283653846153844 0.007211538461538462 0.008413461538461538
0 0.18870192307692307 0.27163461538461536 0.008413461538461538 0.010817307692307692
0 0.16706730769230768 0.27283653846153844 0.008413461538461538 0.008413461538461538
0 0.15144230769230768 0.2704326923076923 0.008413461538461538 0.008413461538461538
0 0.13701923076923078 0.25721153846153844 0.008413461538461538 0.008413461538461538
0 0.11778846153846154 0.24278846153846154 0.007211538461538462 0.008413461538461538
0 0.13701923076923078 0.24519230769230768 0.008413461538461538 0.008413461538461538
0 0.20673076923076922 0.25841346153846156 0.008413461538461538 0.010817307692307692
0 0.22235576923076922 0.24639423076923078 0.007211538461538462 0.010817307692307692
0 0.20552884615384615 0.24519230769230768 0.007211538461538462 0.008413461538461538
0 0.1814903846153846 0.24639423076923078 0.010817307692307692 0.010817307692307692
0 0.18990384615384615 0.24639423076923078 0.007211538461538462 0.010817307692307692
0 0.19110576923076922 0.23317307692307693 0.008413461538461538 0.010817307692307692
0 0.18028846153846154 0.23076923076923078 0.008413461538461538 0.007211538461538462
0 0.22235576923076922 0.23197115384615385 0.010817307692307692 0.008413461538461538
0 0.10817307692307693 0.2283653846153846 0.008413461538461538 0.010817307692307692
0 0.10697115384615384 0.21514423076923078 0.007211538461538462 0.007211538461538462
0 0.10817307692307693 0.20072115384615385 0.008413461538461538 0.013221153846153846
0 0.12620192307692307 0.21754807692307693 0.008413461538461538 0.010817307692307692
0 0.13581730769230768 0.23076923076923078 0.007211538461538462 0.010817307692307692
0 0.1622596153846154 0.22716346153846154 0.008413461538461538 0.013221153846153846
0 0.18028846153846154 0.21754807692307693 0.008413461538461538 0.010817307692307692
0 0.1814903846153846 0.20432692307692307 0.007211538461538462 0.010817307692307692
0 0.16947115384615385 0.20552884615384615 0.013221153846153846 0.008413461538461538
0 0.15264423076923078 0.203125 0.013221153846153846 0.008413461538461538
0 0.15264423076923078 0.1778846153846154 0.008413461538461538 0.013221153846153846
0 0.15144230769230768 0.24158653846153846 0.013221153846153846 0.010817307692307692
0 0.13701923076923078 0.21754807692307693 0.008413461538461538 0.010817307692307692
0 0.13701923076923078 0.19951923076923078 0.008413461538461538 0.010817307692307692
0 0.12379807692307693 0.18990384615384615 0.008413461538461538 0.010817307692307692
0 0.140625 0.17668269230769232 0.010817307692307692 0.010817307692307692
0 0.12740384615384615 0.1778846153846154 0.010817307692307692 0.008413461538461538
0 0.16466346153846154 0.18870192307692307 0.008413461538461538 0.008413461538461538
0 0.18028846153846154 0.19230769230769232 0.004807692307692308 0.010817307692307692
0 0.16466346153846154 0.24519230769230768 0.013221153846153846 0.008413461538461538
0 0.11658653846153846 0.1622596153846154 0.008413461538461538 0.008413461538461538
0 0.234375 0.23317307692307693 0.008413461538461538 0.010817307692307692
0 0.24879807692307693 0.21995192307692307 0.010817307692307692 0.010817307692307692
0 0.3112980769230769 0.171875 0.008413461538461538 0.010817307692307692
0 0.31850961538461536 0.16706730769230768 0.010817307692307692 0.008413461538461538
0 0.11538461538461539 0.12139423076923077 0.008413461538461538 0.008413461538461538
0 0.11538461538461539 0.13822115384615385 0.008413461538461538 0.010817307692307692
0 0.11538461538461539 0.15144230769230768 0.008413461538461538 0.008413461538461538
0 0.12980769230769232 0.12259615384615384 0.010817307692307692 0.010817307692307692
0 0.12980769230769232 0.13701923076923078 0.007211538461538462 0.008413461538461538
0 0.12620192307692307 0.15144230769230768 0.013221153846153846 0.010817307692307692
0 0.140625 0.16346153846153846 0.010817307692307692 0.010817307692307692
0 0.13942307692307693 0.14783653846153846 0.008413461538461538 0.010817307692307692
0 0.15504807692307693 0.125 0.008413461538461538 0.010817307692307692
0 0.15745192307692307 0.14903846153846154 0.008413461538461538 0.008413461538461538
0 0.18269230769230768 0.109375 0.008413461538461538 0.010817307692307692
0 0.17067307692307693 0.125 0.008413461538461538 0.010817307692307692
0 0.16947115384615385 0.13701923076923078 0.010817307692307692 0.008413461538461538
0 0.18269230769230768 0.13581730769230768 0.008413461538461538 0.010817307692307692
0 0.18269230769230768 0.1502403846153846 0.008413461538461538 0.010817307692307692
0 0.15504807692307693 0.16466346153846154 0.008413461538461538 0.013221153846153846
0 0.1814903846153846 0.1778846153846154 0.007211538461538462 0.008413461538461538
0 0.19591346153846154 0.16346153846153846 0.008413461538461538 0.010817307692307692
0 0.20432692307692307 0.21754807692307693 0.010817307692307692 0.010817307692307692
0 0.21995192307692307 0.21754807692307693 0.010817307692307692 0.010817307692307692
0 0.234375 0.20192307692307693 0.008413461538461538 0.010817307692307692
0 0.21995192307692307 0.20552884615384615 0.010817307692307692 0.008413461538461538
0 0.20793269230769232 0.20432692307692307 0.007211538461538462 0.010817307692307692
0 0.234375 0.18870192307692307 0.008413461538461538 0.008413461538461538
0 0.20793269230769232 0.18870192307692307 0.010817307692307692 0.008413461538461538
0 0.20793269230769232 0.17427884615384615 0.010817307692307692 0.010817307692307692
0 0.29447115384615385 0.18028846153846154 0.007211538461538462 0.008413461538461538
0 0.24759615384615385 0.20552884615384615 0.008413461538461538 0.010817307692307692
0 0.24759615384615385 0.19110576923076922 0.008413461538461538 0.008413461538461538
0 0.24759615384615385 0.1778846153846154 0.008413461538461538 0.008413461538461538
0 0.23918269230769232 0.17548076923076922 0.008413461538461538 0.008413461538461538
0 0.26322115384615385 0.16466346153846154 0.008413461538461538 0.013221153846153846
0 0.19591346153846154 0.15144230769230768 0.008413461538461538 0.013221153846153846
0 0.21033653846153846 0.1622596153846154 0.007211538461538462 0.008413461538461538
0 0.20793269230769232 0.14903846153846154 0.010817307692307692 0.008413461538461538
0 0.20793269230769232 0.13581730769230768 0.010817307692307692 0.010817307692307692
0 0.2127403846153846 0.12139423076923077 0.007211538461538462 0.008413461538461538
0 0.19831730769230768 0.12139423076923077 0.008413461538461538 0.008413461538461538
0 0.21153846153846154 0.10817307692307693 0.008413461538461538 0.008413461538461538
0 0.2247596153846154 0.11057692307692307 0.008413461538461538 0.008413461538461538
0 0.22596153846153846 0.125 0.010817307692307692 0.010817307692307692
0 0.22355769230769232 0.13701923076923078 0.010817307692307692 0.008413461538461538
0 0.22596153846153846 0.15144230769230768 0.010817307692307692 0.010817307692307692
0 0.22355769230769232 0.16466346153846154 0.010817307692307692 0.008413461538461538
0 0.265625 0.19110576923076922 0.013221153846153846 0.013221153846153846
0 0.29086538461538464 0.16346153846153846 0.008413461538461538 0.010817307692307692
0 0.2932692307692308 0.15144230769230768 0.008413461538461538 0.008413461538461538
0 0.22596153846153846 0.1778846153846154 0.010817307692307692 0.008413461538461538
0 0.23677884615384615 0.16466346153846154 0.008413461538461538 0.013221153846153846
0 0.23918269230769232 0.15144230769230768 0.008413461538461538 0.013221153846153846
0 0.25240384615384615 0.13822115384615385 0.008413461538461538 0.010817307692307692
0 0.2548076923076923 0.12259615384615384 0.008413461538461538 0.010817307692307692
0 0.25240384615384615 0.10817307692307693 0.008413461538461538 0.008413461538461538
0 0.2403846153846154 0.12379807692307693 0.010817307692307692 0.008413461538461538
0 0.26802884615384615 0.109375 0.013221153846153846 0.010817307692307692
0 0.2800480769230769 0.11057692307692307 0.010817307692307692 0.008413461538461538
0 0.26802884615384615 0.12379807692307693 0.008413461538461538 0.013221153846153846
0 0.28125 0.125 0.008413461538461538 0.010817307692307692
0 0.2956730769230769 0.11057692307692307 0.010817307692307692 0.008413461538461538
0 0.2932692307692308 0.13701923076923078 0.008413461538461538 0.008413461538461538
0 0.27884615384615385 0.15144230769230768 0.008413461538461538 0.010817307692307692
0 0.25240384615384615 0.15144230769230768 0.008413461538461538 0.010817307692307692
0 0.265625 0.14903846153846154 0.008413461538461538 0.008413461538461538
0 0.1971153846153846 0.34134615384615385 0.010817307692307692 0.010817307692307692
0 0.18509615384615385 0.35096153846153844 0.008413461538461538 0.008413461538461538
0 0.16346153846153846 0.3605769230769231 0.010817307692307692 0.008413461538461538
0 0.15985576923076922 0.37259615384615385 0.013221153846153846 0.010817307692307692
0 0.15504807692307693 0.38461538461538464 0.013221153846153846 0.013221153846153846
0 0.2620192307692308 0.30408653846153844 0.010817307692307692 0.008413461538461538
0 0.25961538461538464 0.3161057692307692 0.010817307692307692 0.010817307692307692
0 0.25600961538461536 0.3317307692307692 0.010817307692307692 0.010817307692307692
0 0.24158653846153846 0.3449519230769231 0.013221153846153846 0.008413461538461538
0 0.2283653846153846 0.3545673076923077 0.015625 0.010817307692307692
0 0.28846153846153844 0.2980769230769231 0.008413461538461538 0.010817307692307692
0 0.10096153846153846 0.6117788461538461 0.018028846153846152 0.010817307692307692
0 0.10096153846153846 0.5985576923076923 0.013221153846153846 0.010817307692307692
0 0.10096153846153846 0.5805288461538461 0.013221153846153846 0.010817307692307692
0 0.10096153846153846 0.5661057692307693 0.008413461538461538 0.007211538461538462
0 0.10096153846153846 0.5504807692307693 0.013221153846153846 0.010817307692307692
0 0.10096153846153846 0.5384615384615384 0.013221153846153846 0.013221153846153846
0 0.0985576923076923 0.5240384615384616 0.013221153846153846 0.010817307692307692
0 0.09975961538461539 0.5060096153846154 0.010817307692307692 0.015625
0 0.09975961538461539 0.47475961538461536 0.010817307692307692 0.013221153846153846
0 0.0985576923076923 0.4567307692307692 0.013221153846153846 0.013221153846153846
0 0.11538461538461539 0.44350961538461536 0.013221153846153846 0.013221153846153846
0 0.13581730769230768 0.4375 0.020432692307692308 0.013221153846153846
0 0.15384615384615385 0.4266826923076923 0.015625 0.015625
0 0.171875 0.41947115384615385 0.010817307692307692 0.018028846153846152
0 0.1875 0.41466346153846156 0.013221153846153846 0.018028846153846152
0 0.20192307692307693 0.4098557692307692 0.015625 0.018028846153846152
0 0.21995192307692307 0.40384615384615385 0.015625 0.015625
0 0.23557692307692307 0.39783653846153844 0.010817307692307692 0.010817307692307692
0 0.24879807692307693 0.3942307692307692 0.010817307692307692 0.013221153846153846
0 0.26322115384615385 0.3894230769230769 0.013221153846153846 0.013221153846153846
0 0.2764423076923077 0.38461538461538464 0.013221153846153846 0.013221153846153846
0 0.3125 0.3629807692307692 0.020432692307692308 0.018028846153846152
0 0.328125 0.33774038461538464 0.025240384615384616 0.013221153846153846
0 0.27283653846153844 0.44471153846153844 0.018028846153846152 0.015625
0 0.2824519230769231 0.4579326923076923 0.010817307692307692 0.010817307692307692
0 0.2920673076923077 0.47115384615384615 0.015625 0.013221153846153846
0 0.15144230769230768 0.6706730769230769 0.02283653846153846 0.013221153846153846
0 0.040865384615384616 0.44471153846153844 0.013221153846153846 0.010817307692307692
0 0.038461538461538464 0.46634615384615385 0.013221153846153846 0.013221153846153846
0 0.037259615384615384 0.4855769230769231 0.010817307692307692 0.010817307692307692
0 0.04326923076923077 0.4987980769230769 0.008413461538461538 0.010817307692307692
0 0.039663461538461536 0.5084134615384616 0.010817307692307692 0.010817307692307692
0 0.04447115384615385 0.5204326923076923 0.007211538461538462 0.008413461538461538
0 0.037259615384615384 0.5300480769230769 0.010817307692307692 0.010817307692307692
0 0.039663461538461536 0.5432692307692307 0.010817307692307692 0.008413461538461538
0 0.042067307692307696 0.5564903846153846 0.010817307692307692 0.013221153846153846
0 0.042067307692307696 0.5709134615384616 0.010817307692307692 0.010817307692307692
0 0.039663461538461536 0.5829326923076923 0.010817307692307692 0.013221153846153846
0 0.039663461538461536 0.6009615384615384 0.015625 0.013221153846153846
0 0.038461538461538464 0.6189903846153846 0.008413461538461538 0.008413461538461538
0 0.042067307692307696 0.6322115384615384 0.010817307692307692 0.010817307692307692
0 0.04326923076923077 0.6466346153846154 0.008413461538461538 0.013221153846153846
0 0.04447115384615385 0.6646634615384616 0.007211538461538462 0.008413461538461538
0 0.21875 0.6286057692307693 0.008413461538461538 0.013221153846153846
0 0.22956730769230768 0.6274038461538461 0.008413461538461538 0.010817307692307692
0 0.24158653846153846 0.6286057692307693 0.008413461538461538 0.008413461538461538
0 0.2512019230769231 0.6322115384615384 0.007211538461538462 0.010817307692307692
0 0.2620192307692308 0.6310096153846154 0.010817307692307692 0.008413461538461538
0 0.28125 0.6334134615384616 0.008413461538461538 0.008413461538461538
0 0.22355769230769232 0.6045673076923077 0.010817307692307692 0.015625
0 0.23557692307692307 0.6009615384615384 0.007211538461538462 0.008413461538461538
0 0.25240384615384615 0.6153846153846154 0.008413461538461538 0.008413461538461538
0 0.2704326923076923 0.6165865384615384 0.008413461538461538 0.008413461538461538
0 0.29086538461538464 0.6069711538461539 0.018028846153846152 0.015625
0 0.16826923076923078 0.96875 0.010817307692307692 0.008413461538461538
0 0.1310096153846154 0.9146634615384616 0.013221153846153846 0.013221153846153846
0 0.12259615384615384 0.9002403846153846 0.010817307692307692 0.010817307692307692
0 0.11298076923076923 0.8870192307692307 0.008413461538461538 0.008413461538461538
0 0.10336538461538461 0.8713942307692307 0.008413461538461538 0.008413461538461538
0 0.09375 0.8557692307692307 0.007211538461538462 0.008413461538461538
0 0.08653846153846154 0.84375 0.007211538461538462 0.007211538461538462
0 0.08173076923076923 0.8810096153846154 0.007211538461538462 0.008413461538461538
0 0.04447115384615385 0.8665865384615384 0.015625 0.020432692307692308
0 0.12740384615384615 0.3954326923076923 0.015625 0.015625
0 0.9795673076923077 0.8737980769230769 0.02283653846153846 0.018028846153846152
0 0.055288461538461536 0.8125 0.020432692307692308 0.026442307692307692