0 0.7932692307692307 0.6971153846153846 0.018028846153846152 0.010817307692307692
0 0.7944711538461539 0.7103365384615384 0.015625 0.015625
0 0.7680288461538461 0.7247596153846154 0.013221153846153846 0.013221153846153846
0 0.7692307692307693 0.7415865384615384 0.015625 0.008413461538461538
0 0.7668269230769231 0.7632211538461539 0.015625 0.018028846153846152
0 0.7860576923076923 0.765625 0.018028846153846152 0.02283653846153846
0 0.8233173076923077 0.7872596153846154 0.015625 0.020432692307692308
0 0.8125 0.8413461538461539 0.020432692307692308 0.015625
0 0.7932692307692307 0.8257211538461539 0.018028846153846152 0.015625
0 0.7908653846153846 0.8112980769230769 0.02283653846153846 0.013221153846153846
0 0.7908653846153846 0.7896634615384616 0.013221153846153846 0.010817307692307692
0 0.7680288461538461 0.7956730769230769 0.013221153846153846 0.010817307692307692
0 0.7908653846153846 0.8617788461538461 0.02283653846153846 0.020432692307692308
0 0.7944711538461539 0.8822115384615384 0.015625 0.010817307692307692
0 0.8016826923076923 0.8966346153846154 0.018028846153846152 0.018028846153846152
0 0.8100961538461539 0.9146634615384616 0.015625 0.018028846153846152
0 0.7415865384615384 0.8701923076923077 0.018028846153846152 0.015625
0 0.7487980769230769 0.8894230769230769 0.015625 0.013221153846153846
0 0.7680288461538461 0.9399038461538461 0.013221153846153846 0.010817307692307692
0 0.7752403846153846 0.9555288461538461 0.013221153846153846 0.008413461538461538
0 0.7836538461538461 0.9663461538461539 0.008413461538461538 0.008413461538461538
0 0.7920673076923077 0.9783653846153846 0.015625 0.015625
0 0.8305288461538461 0.9507211538461539 0.010817307692307692 0.013221153846153846
0 0.8389423076923077 0.9615384615384616 0.015625 0.013221153846153846
0 0.7007211538461539 0.8822115384615384 0.013221153846153846 0.015625
0 0.703125 0.8990384615384616 0.013221153846153846 0.013221153846153846
0 0.7115384615384616 0.9146634615384616 0.013221153846153846 0.013221153846153846
0 0.5985576923076923 0.7043269230769231 0.020432692307692308 0.015625
0 0.6201923076923077 0.7235576923076923 0.010817307692307692 0.013221153846153846
0 0.6286057692307693 0.7127403846153846 0.013221153846153846 0.010817307692307692
0 0.6430288461538461 0.7403846153846154 0.015625 0.015625
0 0.5805288461538461 0.6634615384615384 0.015625 0.010817307692307692
0 0.5564903846153846 0.6622596153846154 0.013221153846153846 0.013221153846153846
0 0.4735576923076923 0.6947115384615384 0.015625 0.015625
0 0.4855769230769231 0.71875 0.015625 0.013221153846153846
0 0.49278846153846156 0.734375 0.018028846153846152 0.018028846153846152
0 0.5180288461538461 0.8076923076923077 0.02283653846153846 0.020432692307692308
0 0.4651442307692308 0.7908653846153846 0.025240384615384616 0.02283653846153846
0 0.22956730769230768 0.6538461538461539 0.018028846153846152 0.010817307692307692
0 0.2091346153846154 0.6694711538461539 0.013221153846153846 0.015625
0 0.5012019230769231 0.6322115384615384 0.015625 0.015625
0 0.5420673076923077 0.6346153846153846 0.020432692307692308 0.018028846153846152
0 0.36658653846153844 0.6370192307692307 0.015625 0.018028846153846152
0 0.33774038461538464 0.6430288461538461 0.02283653846153846 0.020432692307692308
0 0.3161057692307692 0.6370192307692307 0.010817307692307692 0.013221153846153846
0 0.46634615384615385 0.7199519230769231 0.013221153846153846 0.015625
0 0.4483173076923077 0.7608173076923077 0.013221153846153846 0.013221153846153846
0 0.37740384615384615 0.8954326923076923 0.020432692307692308 0.015625
0 0.40384615384615385 0.9050480769230769 0.015625 0.013221153846153846
0 0.33413461538461536 0.8665865384615384 0.025240384615384616 0.015625
0 0.2980769230769231 0.9771634615384616 0.025240384615384616 0.018028846153846152
0 0.36899038461538464 0.953125 0.02283653846153846 0.018028846153846152
0 0.36778846153846156 0.9302884615384616 0.025240384615384616 0.018028846153846152
0 0.056490384615384616 0.6286057692307693 0.018028846153846152 0.008413461538461538
0 0.09254807692307693 0.6322115384615384 0.02283653846153846 0.020432692307692308
0 0.12139423076923077 0.6334134615384616 0.02283653846153846 0.013221153846153846
0 0.1466346153846154 0.6310096153846154 0.013221153846153846 0.013221153846153846
0 0.16346153846153846 0.6310096153846154 0.010817307692307692 0.013221153846153846
0 0.18629807692307693 0.6334134615384616 0.020432692307692308 0.020432692307692308
0 0.21153846153846154 0.6382211538461539 0.013221153846153846 0.015625
0 0.25841346153846156 0.6334134615384616 0.015625 0.013221153846153846
0 0.08052884615384616 0.6550480769230769 0.010817307692307692 0.013221153846153846
0 0.09375 0.6682692307692307 0.010817307692307692 0.010817307692307692
0 0.15985576923076922 0.7764423076923077 0.013221153846153846 0.013221153846153846
0 0.1310096153846154 0.7908653846153846 0.013221153846153846 0.013221153846153846
0 0.1502403846153846 0.7956730769230769 0.010817307692307692 0.010817307692307692
0 0.42788461538461536 0.7692307692307693 0.013221153846153846 0.010817307692307692
0 0.5913461538461539 0.6826923076923077 0.015625 0.018028846153846152
0 0.7223557692307693 0.7451923076923077 0.020432692307692308 0.018028846153846152
0 0.6117788461538461 0.6742788461538461 0.010817307692307692 0.020432692307692308