0 0.23317307692307693 0.9831730769230769 0.010817307692307692 0.010817307692307692
0 0.23317307692307693 0.9711538461538461 0.010817307692307692 0.008413461538461538
0 0.28846153846153844 0.9543269230769231 0.018028846153846152 0.010817307692307692
0 0.28966346153846156 0.9399038461538461 0.015625 0.007211538461538462
0 0.23317307692307693 0.9314903846153846 0.010817307692307692 0.015625
0 0.23076923076923078 0.8942307692307693 0.010817307692307692 0.008413461538461538
0 0.23076923076923078 0.8822115384615384 0.010817307692307692 0.010817307692307692
0 0.23317307692307693 0.8581730769230769 0.020432692307692308 0.013221153846153846
0 0.23197115384615385 0.8425480769230769 0.008413461538461538 0.013221153846153846
0 0.23076923076923078 0.8305288461538461 0.010817307692307692 0.008413461538461538
0 0.22956730769230768 0.8209134615384616 0.013221153846153846 0.010817307692307692
0 0.22956730769230768 0.8076923076923077 0.013221153846153846 0.010817307692307692
0 0.23557692307692307 0.7848557692307693 0.015625 0.015625
0 0.23317307692307693 0.7704326923076923 0.010817307692307692 0.013221153846153846
0 0.23197115384615385 0.7584134615384616 0.013221153846153846 0.010817307692307692
0 0.234375 0.7415865384615384 0.018028846153846152 0.018028846153846152
0 0.23557692307692307 0.7175480769230769 0.015625 0.015625
0 0.23557692307692307 0.7055288461538461 0.015625 0.008413461538461538
0 0.23557692307692307 0.6947115384615384 0.010817307692307692 0.010817307692307692
0 0.234375 0.6802884615384616 0.013221153846153846 0.008413461538461538
0 0.28846153846153844 0.9278846153846154 0.013221153846153846 0.013221153846153846
0 0.28966346153846156 0.9170673076923077 0.010817307692307692 0.008413461538461538
0 0.28725961538461536 0.8930288461538461 0.010817307692307692 0.010817307692307692
0 0.2920673076923077 0.8798076923076923 0.010817307692307692 0.010817307692307692
0 0.28966346153846156 0.8665865384615384 0.015625 0.008413461538461538
0 0.28846153846153844 0.8545673076923077 0.013221153846153846 0.010817307692307692
0 0.28966346153846156 0.84375 0.015625 0.010817307692307692
0 0.28966346153846156 0.8305288461538461 0.015625 0.010817307692307692
0 0.28966346153846156 0.8173076923076923 0.015625 0.013221153846153846
0 0.29447115384615385 0.7872596153846154 0.010817307692307692 0.010817307692307692
0 0.29447115384615385 0.7043269230769231 0.020432692307692308 0.015625
0 0.29447115384615385 0.6875 0.018028846153846152 0.015625
0 0.2920673076923077 0.6634615384615384 0.015625 0.010817307692307692
0 0.23557692307692307 0.5793269230769231 0.015625 0.013221153846153846
0 0.24158653846153846 0.5649038461538461 0.015625 0.013221153846153846
0 0.23798076923076922 0.5480769230769231 0.025240384615384616 0.025240384615384616
0 0.23677884615384615 0.5264423076923077 0.018028846153846152 0.013221153846153846
0 0.2403846153846154 0.5120192307692307 0.010817307692307692 0.015625
0 0.296875 0.6382211538461539 0.026442307692307692 0.020432692307692308
0 0.29447115384615385 0.6105769230769231 0.02283653846153846 0.02283653846153846
0 0.296875 0.5829326923076923 0.02283653846153846 0.02283653846153846
0 0.296875 0.5612980769230769 0.013221153846153846 0.013221153846153846
0 0.296875 0.5096153846153846 0.013221153846153846 0.015625
0 0.29447115384615385 0.43149038461538464 0.015625 0.010817307692307692
0 0.296875 0.4182692307692308 0.008413461538461538 0.010817307692307692
0 0.296875 0.40625 0.013221153846153846 0.010817307692307692
0 0.2932692307692308 0.3798076923076923 0.013221153846153846 0.015625
0 0.2932692307692308 0.35216346153846156 0.018028846153846152 0.010817307692307692
0 0.29447115384615385 0.32572115384615385 0.015625 0.015625
0 0.29447115384615385 0.3004807692307692 0.013221153846153846 0.010817307692307692
0 0.29447115384615385 0.10697115384615384 0.010817307692307692 0.010817307692307692
0 0.29447115384615385 0.08052884615384616 0.008413461538461538 0.008413461538461538
0 0.2403846153846154 0.016826923076923076 0.010817307692307692 0.010817307692307692
0 0.23798076923076922 0.004807692307692308 0.010817307692307692 0.009615384615384616
0 0.29447115384615385 0.04326923076923077 0.008413461538461538 0.008413461538461538
0 0.2932692307692308 0.018028846153846152 0.008413461538461538 0.008413461538461538
0 0.2956730769230769 0.004807692307692308 0.010817307692307692 0.008413461538461538
0 0.3173076923076923 0.6021634615384616 0.018028846153846152 0.015625
0 0.34375 0.42788461538461536 0.020432692307692308 0.018028846153846152
0 0.23076923076923078 0.24519230769230768 0.015625 0.018028846153846152
0 0.23076923076923078 0.3954326923076923 0.020432692307692308 0.020432692307692308
0 0.22596153846153846 0.13581730769230768 0.025240384615384616 0.025240384615384616
0 0.2283653846153846 0.1935096153846154 0.015625 0.02283653846153846