0 0.23798076923076922 0.014423076923076924 0.010817307692307692 0.010817307692307692
0 0.2956730769230769 0.013221153846153846 0.010817307692307692 0.008413461538461538
0 0.296875 0.027644230769230768 0.013221153846153846 0.010817307692307692
0 0.2980769230769231 0.07932692307692307 0.010817307692307692 0.008413461538461538
0 0.296875 0.09254807692307693 0.008413461538461538 0.008413461538461538
0 0.29447115384615385 0.10336538461538461 0.010817307692307692 0.008413461538461538
0 0.29447115384615385 0.11658653846153846 0.018028846153846152 0.008413461538461538
0 0.29447115384615385 0.1310096153846154 0.010817307692307692 0.013221153846153846
0 0.2932692307692308 0.14543269230769232 0.008413461538461538 0.010817307692307692
0 0.29447115384615385 0.16826923076923078 0.008413461538461538 0.010817307692307692
0 0.29447115384615385 0.1814903846153846 0.013221153846153846 0.015625
0 0.29447115384615385 0.1971153846153846 0.018028846153846152 0.010817307692307692
0 0.23798076923076922 0.22115384615384615 0.010817307692307692 0.008413461538461538
0 0.23798076923076922 0.23197115384615385 0.020432692307692308 0.013221153846153846
0 0.23798076923076922 0.24639423076923078 0.015625 0.010817307692307692
0 0.3269230769230769 0.08774038461538461 0.013221153846153846 0.013221153846153846
0 0.32572115384615385 0.20552884615384615 0.020432692307692308 0.020432692307692308
0 0.3485576923076923 0.20552884615384615 0.010817307692307692 0.015625
0 0.3605769230769231 0.21153846153846154 0.008413461538461538 0.013221153846153846
0 0.3713942307692308 0.203125 0.008413461538461538 0.008413461538461538
0 0.39663461538461536 0.20552884615384615 0.018028846153846152 0.015625
0 0.421875 0.21033653846153846 0.015625 0.015625
0 0.44471153846153844 0.21153846153846154 0.020432692307692308 0.013221153846153846
0 0.47836538461538464 0.21033653846153846 0.020432692307692308 0.025240384615384616
0 0.5024038461538461 0.2091346153846154 0.013221153846153846 0.013221153846153846
0 0.296875 0.2860576923076923 0.008413461538461538 0.013221153846153846
0 0.32211538461538464 0.28365384615384615 0.018028846153846152 0.018028846153846152
0 0.38100961538461536 0.2824519230769231 0.02283653846153846 0.020432692307692308
0 0.41346153846153844 0.28725961538461536 0.015625 0.015625
0 0.43149038461538464 0.2848557692307692 0.010817307692307692 0.010817307692307692
0 0.44711538461538464 0.2848557692307692 0.010817307692307692 0.010817307692307692
0 0.4735576923076923 0.26322115384615385 0.015625 0.013221153846153846
0 0.48677884615384615 0.28725961538461536 0.02283653846153846 0.025240384615384616
0 0.5072115384615384 0.28966346153846156 0.013221153846153846 0.020432692307692308
0 0.5240384615384616 0.28966346153846156 0.010817307692307692 0.010817307692307692
0 0.5588942307692307 0.28725961538461536 0.013221153846153846 0.015625
0 0.5889423076923077 0.28846153846153844 0.010817307692307692 0.013221153846153846
0 0.6069711538461539 0.28966346153846156 0.010817307692307692 0.010817307692307692
0 0.6694711538461539 0.2920673076923077 0.013221153846153846 0.020432692307692308
0 0.6887019230769231 0.28966346153846156 0.02283653846153846 0.015625
0 0.5264423076923077 0.21153846153846154 0.010817307692307692 0.013221153846153846
0 0.6526442307692307 0.20072115384615385 0.013221153846153846 0.013221153846153846
0 0.9747596153846154 0.21995192307692307 0.018028846153846152 0.015625
0 0.9795673076923077 0.2403846153846154 0.013221153846153846 0.020432692307692308
0 0.9771634615384616 0.25841346153846156 0.013221153846153846 0.008413461538461538
0 0.9759615384615384 0.2764423076923077 0.015625 0.02283653846153846
0 0.9699519230769231 0.4495192307692308 0.010817307692307692 0.020432692307692308
0 0.2980769230769231 0.31850961538461536 0.015625 0.010817307692307692
0 0.6670673076923077 0.2536057692307692 0.008413461538461538 0.010817307692307692
0 0.29447115384615385 0.3425480769230769 0.013221153846153846 0.013221153846153846
0 0.3004807692307692 0.35336538461538464 0.007211538461538462 0.008413461538461538
0 0.29447115384615385 0.359375 0.008413461538461538 0.010817307692307692
0 0.3004807692307692 0.37259615384615385 0.007211538461538462 0.015625
0 0.2932692307692308 0.38100961538461536 0.008413461538461538 0.008413461538461538
0 0.30288461538461536 0.390625 0.010817307692307692 0.010817307692307692
0 0.29447115384615385 0.39903846153846156 0.008413461538461538 0.008413461538461538
0 0.3016826923076923 0.4074519230769231 0.008413461538461538 0.008413461538461538
0 0.29447115384615385 0.41947115384615385 0.013221153846153846 0.013221153846153846
0 0.29447115384615385 0.43509615384615385 0.013221153846153846 0.013221153846153846
0 0.2920673076923077 0.44591346153846156 0.010817307692307692 0.008413461538461538
0 0.30288461538461536 0.4543269230769231 0.010817307692307692 0.010817307692307692
0 0.3629807692307692 0.453125 0.018028846153846152 0.018028846153846152
0 0.39663461538461536 0.453125 0.018028846153846152 0.013221153846153846
0 0.4495192307692308 0.3894230769230769 0.015625 0.013221153846153846
0 0.4639423076923077 0.39302884615384615 0.013221153846153846 0.015625
0 0.47596153846153844 0.3918269230769231 0.010817307692307692 0.018028846153846152
0 0.4879807692307692 0.3942307692307692 0.007211538461538462 0.013221153846153846
0 0.5096153846153846 0.3954326923076923 0.010817307692307692 0.010817307692307692
0 0.5228365384615384 0.3942307692307692 0.008413461538461538 0.008413461538461538
0 0.5384615384615384 0.3942307692307692 0.018028846153846152 0.013221153846153846
0 0.5649038461538461 0.390625 0.013221153846153846 0.010817307692307692
0 0.5889423076923077 0.4074519230769231 0.010817307692307692 0.013221153846153846
0 0.6009615384615384 0.40384615384615385 0.013221153846153846 0.015625
0 0.5600961538461539 0.4543269230769231 0.007211538461538462 0.010817307692307692
0 0.5997596153846154 0.4543269230769231 0.015625 0.015625
0 0.6165865384615384 0.4567307692307692 0.015625 0.018028846153846152
0 0.6153846153846154 0.4206730769230769 0.008413461538461538 0.013221153846153846
0 0.6634615384615384 0.40384615384615385 0.020432692307692308 0.015625
0 0.6514423076923077 0.45552884615384615 0.015625 0.020432692307692308
0 0.7247596153846154 0.3954326923076923 0.026442307692307692 0.015625
0 0.7572115384615384 0.3954326923076923 0.018028846153846152 0.015625
0 0.8016826923076923 0.3954326923076923 0.013221153846153846 0.010817307692307692
0 0.7776442307692307 0.45552884615384615 0.010817307692307692 0.010817307692307692
0 0.8221153846153846 0.40384615384615385 0.026442307692307692 0.028846153846153848
0 0.8293269230769231 0.44591346153846156 0.013221153846153846 0.013221153846153846
0 0.8449519230769231 0.4567307692307692 0.008413461538461538 0.013221153846153846
0 0.8701923076923077 0.45913461538461536 0.010817307692307692 0.013221153846153846
0 0.8425480769230769 0.4375 0.008413461538461538 0.008413461538461538
0 0.7572115384615384 0.328125 0.018028846153846152 0.015625
0 0.7764423076923077 0.3293269230769231 0.013221153846153846 0.013221153846153846
0 0.7908653846153846 0.31490384615384615 0.013221153846153846 0.013221153846153846
0 0.8978365384615384 0.39783653846153844 0.010817307692307692 0.010817307692307692
0 0.9723557692307693 0.4326923076923077 0.010817307692307692 0.008413461538461538
0 0.9735576923076923 0.5096153846153846 0.013221153846153846 0.025240384615384616
0 0.9567307692307693 0.5084134615384616 0.013221153846153846 0.013221153846153846
0 0.9435096153846154 0.5060096153846154 0.013221153846153846 0.015625
0 0.9290865384615384 0.5084134615384616 0.015625 0.015625
0 0.9194711538461539 0.5216346153846154 0.010817307692307692 0.010817307692307692
0 0.8870192307692307 0.515625 0.02283653846153846 0.018028846153846152
0 0.8665865384615384 0.5108173076923077 0.013221153846153846 0.013221153846153846
0 0.8581730769230769 0.5204326923076923 0.018028846153846152 0.013221153846153846
0 0.8665865384615384 0.5324519230769231 0.013221153846153846 0.010817307692307692
0 0.8629807692307693 0.5444711538461539 0.02283653846153846 0.013221153846153846
0 0.8641826923076923 0.5588942307692307 0.015625 0.013221153846153846
0 0.8605769230769231 0.578125 0.026442307692307692 0.020432692307692308
0 0.859375 0.5961538461538461 0.015625 0.015625
0 0.8557692307692307 0.6141826923076923 0.02283653846153846 0.020432692307692308
0 0.8533653846153846 0.6358173076923077 0.018028846153846152 0.015625
0 0.8497596153846154 0.6634615384615384 0.025240384615384616 0.015625
0 0.9182692307692307 0.5865384615384616 0.015625 0.015625
0 0.9170673076923077 0.6021634615384616 0.013221153846153846 0.010817307692307692
0 0.9158653846153846 0.6165865384615384 0.015625 0.013221153846153846
0 0.9194711538461539 0.6334134615384616 0.007211538461538462 0.013221153846153846
0 0.9170673076923077 0.6454326923076923 0.013221153846153846 0.010817307692307692
0 0.9146634615384616 0.6586538461538461 0.013221153846153846 0.010817307692307692
0 0.9158653846153846 0.671875 0.010817307692307692 0.010817307692307692
0 0.9158653846153846 0.6862980769230769 0.010817307692307692 0.010817307692307692
0 0.9146634615384616 0.7007211538461539 0.013221153846153846 0.013221153846153846
0 0.9146634615384616 0.7127403846153846 0.013221153846153846 0.010817307692307692
0 0.9146634615384616 0.7259615384615384 0.008413461538461538 0.010817307692307692
0 0.9110576923076923 0.7415865384615384 0.015625 0.015625
0 0.9338942307692307 0.7512019230769231 0.010817307692307692 0.010817307692307692
0 0.9471153846153846 0.7487980769230769 0.010817307692307692 0.010817307692307692
0 0.9603365384615384 0.7512019230769231 0.010817307692307692 0.010817307692307692
0 0.9735576923076923 0.7512019230769231 0.010817307692307692 0.010817307692307692
0 0.9867788461538461 0.7524038461538461 0.008413461538461538 0.013221153846153846
0 0.9903846153846154 0.7367788461538461 0.010817307692307692 0.008413461538461538
0 0.9759615384615384 0.7367788461538461 0.015625 0.013221153846153846
0 0.9483173076923077 0.7355769230769231 0.013221153846153846 0.010817307692307692
0 0.9615384615384616 0.7223557692307693 0.008413461538461538 0.010817307692307692
0 0.9483173076923077 0.7199519230769231 0.013221153846153846 0.007211538461538462
0 0.9903846153846154 0.7115384615384616 0.007211538461538462 0.013221153846153846
0 0.9783653846153846 0.6959134615384616 0.010817307692307692 0.013221153846153846
0 0.9915865384615384 0.6935096153846154 0.008413461538461538 0.008413461538461538
0 0.9471153846153846 0.7067307692307693 0.010817307692307692 0.008413461538461538
0 0.9807692307692307 0.6802884615384616 0.010817307692307692 0.008413461538461538
0 0.9783653846153846 0.6670673076923077 0.010817307692307692 0.008413461538461538
0 0.9110576923076923 0.7980769230769231 0.015625 0.015625
0 0.9110576923076923 0.8125 0.010817307692307692 0.010817307692307692
0 0.9074519230769231 0.8245192307692307 0.013221153846153846 0.013221153846153846
0 0.9086538461538461 0.8377403846153846 0.010817307692307692 0.008413461538461538
0 0.8485576923076923 0.6911057692307693 0.025240384615384616 0.018028846153846152
0 0.8485576923076923 0.7067307692307693 0.025240384615384616 0.013221153846153846
0 0.8461538461538461 0.7235576923076923 0.025240384615384616 0.015625
0 0.8449519230769231 0.7415865384615384 0.02283653846153846 0.013221153846153846
0 0.8461538461538461 0.7584134615384616 0.020432692307692308 0.026442307692307692
0 0.84375 0.78125 0.025240384615384616 0.013221153846153846
0 0.84375 0.796875 0.020432692307692308 0.013221153846153846
0 0.8413461538461539 0.8137019230769231 0.025240384615384616 0.015625
0 0.8401442307692307 0.8305288461538461 0.018028846153846152 0.015625
0 0.8365384615384616 0.8485576923076923 0.020432692307692308 0.020432692307692308
0 0.7055288461538461 0.5745192307692307 0.015625 0.013221153846153846
0 0.7223557692307693 0.5865384615384616 0.015625 0.010817307692307692
0 0.7103365384615384 0.515625 0.010817307692307692 0.013221153846153846
0 0.7103365384615384 0.5336538461538461 0.015625 0.013221153846153846
0 0.7067307692307693 0.5480769230769231 0.013221153846153846 0.010817307692307692
0 0.7295673076923077 0.5120192307692307 0.013221153846153846 0.010817307692307692
0 0.7487980769230769 0.5120192307692307 0.010817307692307692 0.010817307692307692
0 0.7608173076923077 0.5132211538461539 0.008413461538461538 0.013221153846153846
0 0.78125 0.5132211538461539 0.018028846153846152 0.013221153846153846
0 0.8112980769230769 0.578125 0.008413461538461538 0.015625
0 0.8269230769230769 0.5817307692307693 0.013221153846153846 0.015625
0 0.8125 0.5949519230769231 0.013221153846153846 0.008413461538461538
0 0.7536057692307693 0.5865384615384616 0.015625 0.010817307692307692
0 0.8305288461538461 0.5228365384615384 0.010817307692307692 0.008413461538461538
0 0.7091346153846154 0.6153846153846154 0.018028846153846152 0.018028846153846152
0 0.7103365384615384 0.6370192307692307 0.020432692307692308 0.018028846153846152
0 0.7091346153846154 0.6574519230769231 0.013221153846153846 0.018028846153846152
0 0.7079326923076923 0.6766826923076923 0.015625 0.015625
0 0.7055288461538461 0.6959134615384616 0.018028846153846152 0.018028846153846152
0 0.7019230769230769 0.7163461538461539 0.010817307692307692 0.018028846153846152
0 0.7019230769230769 0.7379807692307693 0.010817307692307692 0.015625
0 0.7019230769230769 0.7560096153846154 0.010817307692307692 0.015625
0 0.7019230769230769 0.7752403846153846 0.015625 0.013221153846153846
0 0.6995192307692307 0.7932692307692307 0.015625 0.013221153846153846
0 0.90625 0.8810096153846154 0.010817307692307692 0.013221153846153846
0 0.9074519230769231 0.8966346153846154 0.013221153846153846 0.008413461538461538
0 0.9038461538461539 0.9086538461538461 0.010817307692307692 0.010817307692307692
0 0.9026442307692307 0.9230769230769231 0.013221153846153846 0.008413461538461538
0 0.9038461538461539 0.9375 0.010817307692307692 0.010817307692307692
0 0.9050480769230769 0.9519230769230769 0.013221153846153846 0.010817307692307692
0 0.9050480769230769 0.9663461538461539 0.008413461538461538 0.008413461538461538
0 0.9038461538461539 0.9819711538461539 0.010817307692307692 0.013221153846153846
0 0.9050480769230769 0.9939903846153846 0.013221153846153846 0.007211538461538462
0 0.9254807692307693 0.8786057692307693 0.013221153846153846 0.013221153846153846
0 0.9314903846153846 0.8978365384615384 0.010817307692307692 0.010817307692307692
0 0.9290865384615384 0.9170673076923077 0.015625 0.013221153846153846
0 0.9254807692307693 0.9350961538461539 0.013221153846153846 0.013221153846153846
0 0.9242788461538461 0.9555288461538461 0.010817307692307692 0.010817307692307692
0 0.9254807692307693 0.9735576923076923 0.008413461538461538 0.013221153846153846
0 0.9254807692307693 0.9903846153846154 0.013221153846153846 0.015625
0 0.9447115384615384 0.8990384615384616 0.010817307692307692 0.013221153846153846
0 0.9435096153846154 0.9158653846153846 0.008413461538461538 0.010817307692307692
0 0.9435096153846154 0.9375 0.008413461538461538 0.010817307692307692
0 0.9399038461538461 0.9603365384615384 0.015625 0.010817307692307692
0 0.9639423076923077 0.8834134615384616 0.013221153846153846 0.013221153846153846
0 0.9639423076923077 0.9014423076923077 0.008413461538461538 0.010817307692307692
0 0.9627403846153846 0.9230769230769231 0.010817307692307692 0.013221153846153846
0 0.9627403846153846 0.9399038461538461 0.010817307692307692 0.010817307692307692
0 0.9627403846153846 0.9591346153846154 0.010817307692307692 0.013221153846153846
0 0.9603365384615384 0.9759615384615384 0.010817307692307692 0.010817307692307692
0 0.9831730769230769 0.9014423076923077 0.015625 0.018028846153846152
0 0.9831730769230769 0.921875 0.015625 0.015625
0 0.9795673076923077 0.9375 0.008413461538461538 0.010817307692307692
0 0.9819711538461539 0.9555288461538461 0.013221153846153846 0.015625
0 0.9783653846153846 0.9759615384615384 0.010817307692307692 0.010817307692307692
0 0.8329326923076923 0.8954326923076923 0.03125 0.025240384615384616
0 0.8341346153846154 0.8713942307692307 0.020432692307692308 0.018028846153846152
0 0.7860576923076923 0.5564903846153846 0.013221153846153846 0.013221153846153846
0 0.9459134615384616 0.6899038461538461 0.013221153846153846 0.015625
0 0.6574519230769231 0.5625 0.013221153846153846 0.008413461538461538
0 0.6586538461538461 0.5769230769230769 0.015625 0.013221153846153846
0 0.9302884615384616 0.4543269230769231 0.026442307692307692 0.025240384615384616
0 0.6995192307692307 0.8088942307692307 0.015625 0.02283653846153846
0 0.23197115384615385 0.18990384615384615 0.013221153846153846 0.020432692307692308
0 0.22716346153846154 0.2980769230769231 0.018028846153846152 0.015625
0 0.2283653846153846 0.32211538461538464 0.010817307692307692 0.018028846153846152
0 0.6189903846153846 0.1971153846153846 0.013221153846153846 0.015625
0 0.33774038461538464 0.44350961538461536 0.018028846153846152 0.018028846153846152
0 0.5360576923076923 0.4423076923076923 0.018028846153846152 0.015625
0 0.6382211538461539 0.27884615384615385 0.010817307692307692 0.013221153846153846