0 0.6971153846153846 0.6586538461538461 0.020432692307692308 0.015625
0 0.6430288461538461 0.6574519230769231 0.007211538461538462 0.013221153846153846
0 0.7247596153846154 0.65625 0.02283653846153846 0.015625
0 0.9375 0.6995192307692307 0.010817307692307692 0.015625
0 0.9194711538461539 0.6935096153846154 0.015625 0.013221153846153846
0 0.6310096153846154 0.9110576923076923 0.018028846153846152 0.015625
0 0.6358173076923077 0.9350961538461539 0.020432692307692308 0.018028846153846152
0 0.6502403846153846 0.9507211538461539 0.020432692307692308 0.013221153846153846
0 0.6670673076923077 0.9591346153846154 0.013221153846153846 0.013221153846153846
0 0.6706730769230769 0.9735576923076923 0.013221153846153846 0.008413461538461538
0 0.5961538461538461 0.9447115384615384 0.015625 0.015625
0 0.35336538461538464 0.6947115384615384 0.02283653846153846 0.020432692307692308
0 0.3161057692307692 0.6538461538461539 0.025240384615384616 0.015625
0 0.2247596153846154 0.6838942307692307 0.013221153846153846 0.015625
0 0.20192307692307693 0.6911057692307693 0.020432692307692308 0.013221153846153846
0 0.33774038461538464 0.7379807692307693 0.018028846153846152 0.015625
0 0.3605769230769231 0.7355769230769231 0.013221153846153846 0.015625
0 0.35336538461538464 0.9134615384615384 0.02283653846153846 0.020432692307692308
0 0.5180288461538461 0.9855769230769231 0.013221153846153846 0.025240384615384616
0 0.5444711538461539 0.9663461538461539 0.018028846153846152 0.02283653846153846
0 0.5048076923076923 0.9399038461538461 0.018028846153846152 0.020432692307692308
0 0.4891826923076923 0.9194711538461539 0.018028846153846152 0.018028846153846152
0 0.4483173076923077 0.8882211538461539 0.026442307692307692 0.015625
0 0.47596153846153844 0.8966346153846154 0.015625 0.018028846153846152
0 0.44471153846153844 0.9122596153846154 0.015625 0.018028846153846152
0 0.46274038461538464 0.9387019230769231 0.015625 0.018028846153846152
0 0.49158653846153844 0.9639423076923077 0.015625 0.018028846153846152
0 0.2668269230769231 0.8786057692307693 0.015625 0.018028846153846152
0 0.30649038461538464 0.8569711538461539 0.02283653846153846 0.020432692307692308
0 0.8401442307692307 0.65625 0.02283653846153846 0.025240384615384616
0 0.9579326923076923 0.6538461538461539 0.010817307692307692 0.010817307692307692
0 0.44471153846153844 0.9759615384615384 0.020432692307692308 0.015625
0 0.3762019230769231 0.9855769230769231 0.013221153846153846 0.015625
0 0.4014423076923077 0.9639423076923077 0.015625 0.02283653846153846
0 0.421875 0.9447115384615384 0.015625 0.020432692307692308
0 0.3125 0.9387019230769231 0.013221153846153846 0.013221153846153846
0 0.3233173076923077 0.9543269230769231 0.015625 0.015625
0 0.2980769230769231 0.9002403846153846 0.010817307692307692 0.010817307692307692
0 0.33413461538461536 0.8810096153846154 0.020432692307692308 0.026442307692307692