0 0.015625 0.004807692307692308 0.013221153846153846 0.008413461538461538
0 0.01201923076923077 0.016826923076923076 0.010817307692307692 0.010817307692307692
0 0.010817307692307692 0.03125 0.013221153846153846 0.008413461538461538
0 0.01201923076923077 0.04567307692307692 0.010817307692307692 0.010817307692307692
0 0.013221153846153846 0.06009615384615385 0.013221153846153846 0.010817307692307692
0 0.013221153846153846 0.07451923076923077 0.008413461538461538 0.008413461538461538
0 0.01201923076923077 0.09014423076923077 0.010817307692307692 0.013221153846153846
0 0.013221153846153846 0.10216346153846154 0.013221153846153846 0.007211538461538462
0 0.01201923076923077 0.1141826923076923 0.010817307692307692 0.010817307692307692
0 0.009615384615384616 0.12980769230769232 0.019230769230769232 0.019230769230769232
0 0.039663461538461536 0.006009615384615385 0.010817307692307692 0.010817307692307692
0 0.037259615384615384 0.025240384615384616 0.015625 0.013221153846153846
0 0.03365384615384615 0.04326923076923077 0.013221153846153846 0.013221153846153846
0 0.03245192307692308 0.06370192307692307 0.010817307692307692 0.010817307692307692
0 0.03365384615384615 0.08052884615384616 0.008413461538461538 0.013221153846153846
0 0.03365384615384615 0.0985576923076923 0.013221153846153846 0.015625
0 0.03485576923076923 0.11658653846153846 0.025240384615384616 0.013221153846153846
0 0.03125 0.13822115384615385 0.018028846153846152 0.020432692307692308
0 0.052884615384615384 0.007211538461538462 0.010817307692307692 0.013221153846153846
0 0.051682692307692304 0.02403846153846154 0.008413461538461538 0.010817307692307692
0 0.051682692307692304 0.04567307692307692 0.008413461538461538 0.010817307692307692
0 0.04807692307692308 0.06850961538461539 0.015625 0.010817307692307692
0 0.07211538461538461 0.009615384615384616 0.008413461538461538 0.010817307692307692
0 0.07091346153846154 0.03125 0.010817307692307692 0.013221153846153846
0 0.07091346153846154 0.04807692307692308 0.010817307692307692 0.010817307692307692
0 0.07091346153846154 0.0673076923076923 0.010817307692307692 0.013221153846153846
0 0.06850961538461539 0.08413461538461539 0.010817307692307692 0.010817307692307692
0 0.07091346153846154 0.10336538461538461 0.015625 0.013221153846153846
0 0.06971153846153846 0.12139423076923077 0.018028846153846152 0.018028846153846152
0 0.06490384615384616 0.13942307692307693 0.018028846153846152 0.013221153846153846
0 0.09134615384615384 0.009615384615384616 0.019230769230769232 0.019230769230769232
0 0.09134615384615384 0.030048076923076924 0.015625 0.015625
0 0.08774038461538461 0.04567307692307692 0.008413461538461538 0.010817307692307692
0 0.09014423076923077 0.06370192307692307 0.013221153846153846 0.015625
0 0.08653846153846154 0.08413461538461539 0.010817307692307692 0.010817307692307692
0 0.0889423076923077 0.12139423076923077 0.015625 0.018028846153846152
0 0.08653846153846154 0.13942307692307693 0.010817307692307692 0.013221153846153846
0 0.10817307692307693 0.010817307692307692 0.008413461538461538 0.008413461538461538
0 0.109375 0.030048076923076924 0.010817307692307692 0.015625
0 0.10576923076923077 0.0829326923076923 0.013221153846153846 0.013221153846153846
0 0.10576923076923077 0.10336538461538461 0.008413461538461538 0.013221153846153846
0 0.10817307692307693 0.12259615384615384 0.008413461538461538 0.015625
0 0.10697115384615384 0.14182692307692307 0.015625 0.013221153846153846
0 0.10216346153846154 0.1778846153846154 0.020432692307692308 0.02283653846153846
0 0.1201923076923077 0.1778846153846154 0.015625 0.013221153846153846
0 0.13701923076923078 0.1814903846153846 0.013221153846153846 0.010817307692307692
0 0.13701923076923078 0.1622596153846154 0.008413461538461538 0.013221153846153846
0 0.14182692307692307 0.12259615384615384 0.013221153846153846 0.015625
0 0.125 0.1045673076923077 0.015625 0.020432692307692308
0 0.125 0.04927884615384615 0.015625 0.018028846153846152
0 0.12740384615384615 0.03125 0.015625 0.013221153846153846
0 0.14302884615384615 0.010817307692307692 0.015625 0.013221153846153846
0 0.14543269230769232 0.046875 0.015625 0.013221153846153846
0 0.140625 0.08413461538461539 0.010817307692307692 0.015625
0 0.17908653846153846 0.20793269230769232 0.020432692307692308 0.015625
0 0.17427884615384615 0.17668269230769232 0.025240384615384616 0.028846153846153848