0 0.04326923076923077 0.9903846153846154 0.013221153846153846 0.015625
0 0.057692307692307696 0.8894230769230769 0.020432692307692308 0.018028846153846152
0 0.054086538461538464 0.7127403846153846 0.013221153846153846 0.010817307692307692
0 0.0673076923076923 0.6983173076923077 0.018028846153846152 0.013221153846153846
0 0.09495192307692307 0.8401442307692307 0.008413461538461538 0.013221153846153846
0 0.1346153846153846 0.9471153846153846 0.018028846153846152 0.015625
0 0.0625 0.9086538461538461 0.010817307692307692 0.010817307692307692
0 0.07692307692307693 0.8653846153846154 0.013221153846153846 0.013221153846153846
0 0.078125 0.8233173076923077 0.010817307692307692 0.007211538461538462
0 0.14423076923076922 0.9795673076923077 0.013221153846153846 0.013221153846153846
0 0.0625 0.9615384615384616 0.013221153846153846 0.013221153846153846
0 0.0733173076923077 0.9362980769230769 0.010817307692307692 0.010817307692307692
0 0.08052884615384616 0.9194711538461539 0.008413461538461538 0.015625
0 0.11899038461538461 0.9266826923076923 0.013221153846153846 0.010817307692307692
0 0.13341346153846154 0.9242788461538461 0.008413461538461538 0.010817307692307692
0 0.09014423076923077 0.9867788461538461 0.008413461538461538 0.013221153846153846
0 0.010817307692307692 0.3629807692307692 0.018028846153846152 0.013221153846153846