0 0.5324519230769231 0.2283653846153846 0.020432692307692308 0.025240384615384616
0 0.5300480769230769 0.11177884615384616 0.015625 0.020432692307692308
0 0.5120192307692307 0.1045673076923077 0.015625 0.015625
0 0.5300480769230769 0.06971153846153846 0.015625 0.013221153846153846
0 0.49158653846153844 0.04927884615384615 0.008413461538461538 0.013221153846153846
0 0.44350961538461536 0.0625 0.013221153846153846 0.018028846153846152
0 0.0985576923076923 0.018028846153846152 0.018028846153846152 0.013221153846153846
0 0.008413461538461538 0.25600961538461536 0.010817307692307692 0.010817307692307692
0 0.039663461538461536 0.2692307692307692 0.010817307692307692 0.015625
0 0.046875 0.25841346153846156 0.008413461538461538 0.010817307692307692
0 0.07932692307692307 0.2644230769230769 0.013221153846153846 0.015625
0 0.1658653846153846 0.2644230769230769 0.010817307692307692 0.015625
0 0.17908653846153846 0.265625 0.010817307692307692 0.013221153846153846
0 0.5288461538461539 0.04567307692307692 0.013221153846153846 0.015625
0 0.5300480769230769 0.02403846153846154 0.010817307692307692 0.010817307692307692
0 0.41947115384615385 0.11177884615384616 0.018028846153846152 0.015625
0 0.3798076923076923 0.22355769230769232 0.010817307692307692 0.015625
0 0.010817307692307692 0.027644230769230768 0.008413461538461538 0.010817307692307692
0 0.013221153846153846 0.055288461538461536 0.008413461538461538 0.010817307692307692
0 0.009615384615384616 0.09254807692307693 0.007211538461538462 0.008413461538461538
0 0.01201923076923077 0.109375 0.010817307692307692 0.010817307692307692
0 0.009615384615384616 0.12259615384615384 0.007211538461538462 0.010817307692307692
0 0.02403846153846154 0.027644230769230768 0.010817307692307692 0.010817307692307692
0 0.013221153846153846 0.004807692307692308 0.008413461538461538 0.008413461538461538
0 0.1310096153846154 0.006009615384615385 0.008413461538461538 0.010817307692307692
0 0.17908653846153846 0.21153846153846154 0.010817307692307692 0.008413461538461538
0 0.18990384615384615 0.22355769230769232 0.007211538461538462 0.008413461538461538
0 0.1971153846153846 0.24639423076923078 0.007211538461538462 0.010817307692307692
0 0.20552884615384615 0.24158653846153846 0.008413461538461538 0.008413461538461538
0 0.21634615384615385 0.23317307692307693 0.008413461538461538 0.010817307692307692
0 0.43028846153846156 0.07091346153846154 0.008413461538461538 0.010817307692307692
0 0.22716346153846154 0.22355769230769232 0.008413461538461538 0.010817307692307692
0 0.23677884615384615 0.21394230769230768 0.008413461538461538 0.008413461538461538
0 0.24759615384615385 0.21394230769230768 0.008413461538461538 0.008413461538461538
0 0.15264423076923078 0.04567307692307692 0.008413461538461538 0.010817307692307692
0 0.1622596153846154 0.039663461538461536 0.008413461538461538 0.010817307692307692
0 0.14543269230769232 0.05889423076923077 0.010817307692307692 0.008413461538461538
0 0.42788461538461536 0.040865384615384616 0.013221153846153846 0.013221153846153846
0 0.3858173076923077 0.007211538461538462 0.010817307692307692 0.013221153846153846
0 0.40024038461538464 0.25961538461538464 0.015625 0.015625
0 0.46033653846153844 0.22355769230769232 0.020432692307692308 0.015625
0 0.43149038461538464 0.25841346153846156 0.015625 0.020432692307692308
0 0.4567307692307692 0.25721153846153844 0.013221153846153846 0.013221153846153846
0 0.48197115384615385 0.25961538461538464 0.013221153846153846 0.020432692307692308
0 0.5120192307692307 0.25961538461538464 0.020432692307692308 0.020432692307692308