0 0.5985576923076923 0.37259615384615385 0.025240384615384616 0.015625
0 0.5625 0.36778846153846156 0.015625 0.010817307692307692
0 0.484375 0.29927884615384615 0.018028846153846152 0.013221153846153846
0 0.0673076923076923 0.5192307692307693 0.02283653846153846 0.020432692307692308
0 0.04326923076923077 0.5204326923076923 0.018028846153846152 0.018028846153846152
0 0.09735576923076923 0.35096153846153844 0.018028846153846152 0.018028846153846152
0 0.0985576923076923 0.32211538461538464 0.018028846153846152 0.013221153846153846
0 0.09975961538461539 0.30528846153846156 0.015625 0.015625
0 0.0985576923076923 0.28725961538461536 0.015625 0.015625
0 0.09615384615384616 0.2668269230769231 0.010817307692307692 0.010817307692307692
0 0.09615384615384616 0.25 0.010817307692307692 0.013221153846153846
0 0.09495192307692307 0.23677884615384615 0.008413461538461538 0.013221153846153846
0 0.014423076923076924 0.22115384615384615 0.015625 0.02283653846153846
0 0.17548076923076922 0.3076923076923077 0.013221153846153846 0.015625
0 0.1875 0.29086538461538464 0.013221153846153846 0.013221153846153846
0 0.1971153846153846 0.30649038461538464 0.015625 0.013221153846153846
0 0.22355769230769232 0.29447115384615385 0.015625 0.015625
0 0.25240384615384615 0.2860576923076923 0.018028846153846152 0.018028846153846152
0 0.16466346153846154 0.24879807692307693 0.02283653846153846 0.028846153846153848
0 0.15745192307692307 0.21514423076923078 0.018028846153846152 0.015625
0 0.15625 0.19831730769230768 0.020432692307692308 0.018028846153846152
0 0.1466346153846154 0.16947115384615385 0.018028846153846152 0.015625
0 0.15144230769230768 0.15264423076923078 0.013221153846153846 0.018028846153846152
0 0.13341346153846154 0.11298076923076923 0.025240384615384616 0.02283653846153846
0 0.13221153846153846 0.09134615384615384 0.020432692307692308 0.015625
0 0.12620192307692307 0.07572115384615384 0.02283653846153846 0.015625
0 0.1201923076923077 0.05889423076923077 0.020432692307692308 0.02283653846153846
0 0.11658653846153846 0.03485576923076923 0.020432692307692308 0.015625
0 0.11057692307692307 0.016826923076923076 0.026442307692307692 0.010817307692307692
0 0.1045673076923077 0.004807692307692308 0.020432692307692308 0.009615384615384616
0 0.3076923076923077 0.27884615384615385 0.025240384615384616 0.018028846153846152
0 0.34375 0.27163461538461536 0.010817307692307692 0.015625
0 0.3641826923076923 0.2692307692307692 0.015625 0.010817307692307692
0 0.38341346153846156 0.25841346153846156 0.013221153846153846 0.018028846153846152
0 0.38100961538461536 0.2403846153846154 0.013221153846153846 0.015625
0 0.3701923076923077 0.22355769230769232 0.010817307692307692 0.010817307692307692
0 0.36658653846153844 0.2091346153846154 0.008413461538461538 0.008413461538461538
0 0.4026442307692308 0.21153846153846154 0.008413461538461538 0.008413461538461538
0 0.3870192307692308 0.20192307692307693 0.008413461538461538 0.010817307692307692
0 0.38100961538461536 0.1875 0.008413461538461538 0.010817307692307692
0 0.3786057692307692 0.171875 0.008413461538461538 0.010817307692307692
0 0.39302884615384615 0.16947115384615385 0.010817307692307692 0.013221153846153846
0 0.39663461538461536 0.18269230769230768 0.008413461538461538 0.008413461538461538
0 0.41225961538461536 0.18028846153846154 0.013221153846153846 0.013221153846153846
0 0.42427884615384615 0.16466346153846154 0.010817307692307692 0.013221153846153846
0 0.4074519230769231 0.16706730769230768 0.013221153846153846 0.013221153846153846
0 0.34615384615384615 0.1346153846153846 0.010817307692307692 0.013221153846153846
0 0.3954326923076923 0.11057692307692307 0.010817307692307692 0.013221153846153846
0 0.4026442307692308 0.09254807692307693 0.013221153846153846 0.008413461538461538
0 0.39783653846153844 0.078125 0.010817307692307692 0.010817307692307692
0 0.39302884615384615 0.04807692307692308 0.010817307692307692 0.010817307692307692
0 0.3701923076923077 0.06850961538461539 0.010817307692307692 0.010817307692307692
0 0.33653846153846156 0.09254807692307693 0.007211538461538462 0.013221153846153846
0 0.3425480769230769 0.10697115384615384 0.008413461538461538 0.010817307692307692
0 0.38341346153846156 0.13221153846153846 0.013221153846153846 0.007211538461538462
0 0.3858173076923077 0.14182692307692307 0.010817307692307692 0.008413461538461538
0 0.40625 0.15144230769230768 0.010817307692307692 0.013221153846153846
0 0.3629807692307692 0.0985576923076923 0.008413461538461538 0.008413461538461538
0 0.31850961538461536 0.027644230769230768 0.010817307692307692 0.010817307692307692
0 0.3293269230769231 0.06370192307692307 0.013221153846153846 0.010817307692307692
0 0.34975961538461536 0.05889423076923077 0.007211538461538462 0.008413461538461538
0 0.38461538461538464 0.03245192307692308 0.013221153846153846 0.010817307692307692
0 0.057692307692307696 0.08173076923076923 0.010817307692307692 0.010817307692307692
0 0.06370192307692307 0.09375 0.007211538461538462 0.010817307692307692
0 0.052884615384615384 0.06490384615384616 0.010817307692307692 0.008413461538461538
0 0.05048076923076923 0.051682692307692304 0.007211538461538462 0.008413461538461538
0 0.037259615384615384 0.007211538461538462 0.010817307692307692 0.008413461538461538
0 0.040865384615384616 0.02283653846153846 0.008413461538461538 0.013221153846153846
0 0.03365384615384615 0.037259615384615384 0.008413461538461538 0.010817307692307692
0 0.02403846153846154 0.028846153846153848 0.010817307692307692 0.008413461538461538
0 0.24519230769230768 0.33052884615384615 0.008413461538461538 0.010817307692307692