0 0.051682692307692304 0.9915865384615384 0.008413461538461538 0.013221153846153846
0 0.051682692307692304 0.9699519230769231 0.008413461538461538 0.010817307692307692
0 0.052884615384615384 0.9483173076923077 0.010817307692307692 0.013221153846153846
0 0.054086538461538464 0.9302884615384616 0.013221153846153846 0.008413461538461538
0 0.051682692307692304 0.90625 0.008413461538461538 0.015625
0 0.052884615384615384 0.8858173076923077 0.007211538461538462 0.007211538461538462
0 0.05048076923076923 0.8713942307692307 0.007211538461538462 0.013221153846153846
0 0.09014423076923077 0.9747596153846154 0.02283653846153846 0.013221153846153846
0 0.09134615384615384 0.9555288461538461 0.020432692307692308 0.015625
0 0.09134615384615384 0.9266826923076923 0.010817307692307692 0.010817307692307692
0 0.09134615384615384 0.9146634615384616 0.010817307692307692 0.013221153846153846
0 0.0889423076923077 0.9014423076923077 0.010817307692307692 0.010817307692307692
0 0.09254807692307693 0.8882211538461539 0.013221153846153846 0.007211538461538462
0 0.08774038461538461 0.8701923076923077 0.018028846153846152 0.015625
0 0.09254807692307693 0.7584134615384616 0.013221153846153846 0.015625
0 0.24158653846153846 0.9891826923076923 0.018028846153846152 0.018028846153846152
0 0.1875 0.9603365384615384 0.018028846153846152 0.010817307692307692
0 0.5240384615384616 0.9903846153846154 0.015625 0.015625
0 0.4951923076923077 0.9891826923076923 0.008413461538461538 0.013221153846153846
0 0.48677884615384615 0.9771634615384616 0.013221153846153846 0.013221153846153846
0 0.46033653846153844 0.9375 0.010817307692307692 0.008413461538461538
0 0.4795673076923077 0.9254807692307693 0.008413461538461538 0.008413461538461538
0 0.5012019230769231 0.9026442307692307 0.010817307692307692 0.013221153846153846
0 0.5180288461538461 0.9495192307692307 0.013221153846153846 0.010817307692307692
0 0.5192307692307693 0.9375 0.010817307692307692 0.013221153846153846
0 0.5745192307692307 0.9074519230769231 0.013221153846153846 0.018028846153846152
0 0.5829326923076923 0.9915865384615384 0.008413461538461538 0.013221153846153846
0 0.6237980769230769 0.9699519230769231 0.013221153846153846 0.015625
0 0.0985576923076923 0.8509615384615384 0.015625 0.013221153846153846
0 0.09735576923076923 0.8353365384615384 0.013221153846153846 0.008413461538461538
0 0.10096153846153846 0.8209134615384616 0.008413461538461538 0.010817307692307692
0 0.08413461538461539 0.8125 0.015625 0.010817307692307692
0 0.10096153846153846 0.8052884615384616 0.008413461538461538 0.015625
0 0.25841346153846156 0.7992788461538461 0.018028846153846152 0.013221153846153846
0 0.34375 0.8329326923076923 0.010817307692307692 0.013221153846153846
0 0.36658653846153844 0.9447115384615384 0.010817307692307692 0.010817307692307692
0 0.375 0.8725961538461539 0.015625 0.015625
0 0.39302884615384615 0.8413461538461539 0.010817307692307692 0.010817307692307692
0 0.4387019230769231 0.8485576923076923 0.013221153846153846 0.010817307692307692
0 0.4326923076923077 0.8966346153846154 0.013221153846153846 0.013221153846153846
0 0.05048076923076923 0.7644230769230769 0.007211538461538462 0.010817307692307692
0 0.051682692307692304 0.7415865384615384 0.008413461538461538 0.010817307692307692
0 0.05048076923076923 0.7223557692307693 0.010817307692307692 0.015625
0 0.051682692307692304 0.6983173076923077 0.008413461538461538 0.013221153846153846
0 0.05048076923076923 0.6778846153846154 0.010817307692307692 0.013221153846153846
0 0.04807692307692308 0.6670673076923077 0.010817307692307692 0.008413461538461538
0 0.04807692307692308 0.6550480769230769 0.007211538461538462 0.008413461538461538
0 0.04567307692307692 0.6454326923076923 0.010817307692307692 0.007211538461538462
0 0.04927884615384615 0.6334134615384616 0.008413461538461538 0.010817307692307692
0 0.04807692307692308 0.6213942307692307 0.010817307692307692 0.008413461538461538
0 0.04927884615384615 0.6117788461538461 0.008413461538461538 0.010817307692307692
0 0.04567307692307692 0.5997596153846154 0.010817307692307692 0.010817307692307692
0 0.04927884615384615 0.5901442307692307 0.008413461538461538 0.008413461538461538
0 0.04567307692307692 0.5805288461538461 0.010817307692307692 0.010817307692307692
0 0.051682692307692304 0.5673076923076923 0.013221153846153846 0.013221153846153846
0 0.0889423076923077 0.7271634615384616 0.015625 0.013221153846153846
0 0.09375 0.7115384615384616 0.015625 0.013221153846153846
0 0.09134615384615384 0.7007211538461539 0.015625 0.008413461538461538
0 0.09134615384615384 0.6899038461538461 0.015625 0.010817307692307692
0 0.09375 0.6754807692307693 0.010817307692307692 0.013221153846153846
0 0.09014423076923077 0.6622596153846154 0.013221153846153846 0.013221153846153846
0 0.0889423076923077 0.6382211538461539 0.015625 0.015625
0 0.09014423076923077 0.6153846153846154 0.02283653846153846 0.013221153846153846
0 0.09495192307692307 0.5961538461538461 0.018028846153846152 0.010817307692307692
0 0.08653846153846154 0.5865384615384616 0.020432692307692308 0.010817307692307692
0 0.21394230769230768 0.6694711538461539 0.008413461538461538 0.013221153846153846
0 0.21394230769230768 0.5805288461538461 0.013221153846153846 0.015625
0 0.3605769230769231 0.7872596153846154 0.018028846153846152 0.020432692307692308
0 0.41225961538461536 0.7896634615384616 0.018028846153846152 0.015625
0 0.19591346153846154 0.7560096153846154 0.018028846153846152 0.015625
0 0.17427884615384615 0.7451923076923077 0.015625 0.018028846153846152
0 0.14903846153846154 0.7439903846153846 0.013221153846153846 0.010817307692307692
0 0.004807692307692308 0.9471153846153846 0.009615384615384616 0.015625
0 0.006009615384615385 0.7908653846153846 0.010817307692307692 0.013221153846153846
0 0.006009615384615385 0.6754807692307693 0.010817307692307692 0.015625
0 0.14783653846153846 0.5552884615384616 0.025240384615384616 0.025240384615384616
0 0.13701923076923078 0.47596153846153844 0.018028846153846152 0.03365384615384615
0 0.08774038461538461 0.5516826923076923 0.018028846153846152 0.018028846153846152
0 0.0889423076923077 0.5264423076923077 0.010817307692307692 0.015625
0 0.08774038461538461 0.5096153846153846 0.018028846153846152 0.010817307692307692
0 0.08533653846153846 0.4951923076923077 0.018028846153846152 0.013221153846153846
0 0.09134615384615384 0.484375 0.007211538461538462 0.008413461538461538
0 0.08653846153846154 0.4699519230769231 0.015625 0.010817307692307692
0 0.09254807692307693 0.45913461538461536 0.013221153846153846 0.008413461538461538
0 0.08653846153846154 0.4423076923076923 0.025240384615384616 0.020432692307692308
0 0.08653846153846154 0.4182692307692308 0.015625 0.020432692307692308
0 0.08774038461538461 0.40024038461538464 0.013221153846153846 0.010817307692307692
0 0.08653846153846154 0.3858173076923077 0.020432692307692308 0.020432692307692308
0 0.08653846153846154 0.3449519230769231 0.010817307692307692 0.008413461538461538
0 0.0829326923076923 0.3329326923076923 0.018028846153846152 0.013221153846153846
0 0.08533653846153846 0.31971153846153844 0.018028846153846152 0.013221153846153846
0 0.0829326923076923 0.30408653846153844 0.02283653846153846 0.013221153846153846
0 0.08052884615384616 0.29086538461538464 0.018028846153846152 0.013221153846153846
0 0.04567307692307692 0.5492788461538461 0.010817307692307692 0.013221153846153846
0 0.046875 0.5360576923076923 0.013221153846153846 0.008413461538461538
0 0.04927884615384615 0.5264423076923077 0.008413461538461538 0.010817307692307692
0 0.04447115384615385 0.515625 0.013221153846153846 0.008413461538461538
0 0.04927884615384615 0.5048076923076923 0.013221153846153846 0.013221153846153846
0 0.04567307692307692 0.49278846153846156 0.010817307692307692 0.008413461538461538
0 0.04447115384615385 0.4831730769230769 0.013221153846153846 0.010817307692307692
0 0.046875 0.46875 0.008413461538461538 0.008413461538461538
0 0.046875 0.4579326923076923 0.013221153846153846 0.010817307692307692
0 0.046875 0.44591346153846156 0.008413461538461538 0.008413461538461538
0 0.051682692307692304 0.4362980769230769 0.008413461538461538 0.007211538461538462
0 0.046875 0.42908653846153844 0.004807692307692308 0.007211538461538462
0 0.05048076923076923 0.4182692307692308 0.010817307692307692 0.010817307692307692
0 0.046875 0.4014423076923077 0.008413461538461538 0.015625
0 0.046875 0.38221153846153844 0.013221153846153846 0.020432692307692308
0 0.04567307692307692 0.36177884615384615 0.007211538461538462 0.015625
0 0.04447115384615385 0.3449519230769231 0.008413461538461538 0.013221153846153846
0 0.04807692307692308 0.3317307692307692 0.010817307692307692 0.007211538461538462
0 0.04447115384615385 0.3161057692307692 0.008413461538461538 0.010817307692307692
0 0.04807692307692308 0.3076923076923077 0.010817307692307692 0.007211538461538462
0 0.046875 0.2980769230769231 0.008413461538461538 0.010817307692307692
0 0.004807692307692308 0.5432692307692307 0.009615384615384616 0.013221153846153846
0 0.004807692307692308 0.5276442307692307 0.009615384615384616 0.013221153846153846
0 0.008413461538461538 0.4699519230769231 0.007211538461538462 0.010817307692307692
0 0.004807692307692308 0.3942307692307692 0.009615384615384616 0.009615384615384616
0 0.006009615384615385 0.32091346153846156 0.007211538461538462 0.015625
0 0.04567307692307692 0.2848557692307692 0.015625 0.010817307692307692
0 0.04567307692307692 0.26322115384615385 0.010817307692307692 0.013221153846153846
0 0.04567307692307692 0.25 0.010817307692307692 0.013221153846153846
0 0.04447115384615385 0.23677884615384615 0.013221153846153846 0.013221153846153846
0 0.04807692307692308 0.22235576923076922 0.010817307692307692 0.015625
0 0.04807692307692308 0.19951923076923078 0.015625 0.015625
0 0.04567307692307692 0.18629807692307693 0.010817307692307692 0.010817307692307692
0 0.04807692307692308 0.17548076923076922 0.010817307692307692 0.008413461538461538
0 0.04567307692307692 0.1658653846153846 0.010817307692307692 0.010817307692307692
0 0.04567307692307692 0.15384615384615385 0.010817307692307692 0.010817307692307692
0 0.04567307692307692 0.1346153846153846 0.010817307692307692 0.008413461538461538
0 0.08774038461538461 0.27403846153846156 0.018028846153846152 0.010817307692307692
0 0.08533653846153846 0.25841346153846156 0.026442307692307692 0.018028846153846152
0 0.0889423076923077 0.24158653846153846 0.020432692307692308 0.013221153846153846
0 0.09134615384615384 0.22716346153846154 0.015625 0.013221153846153846
0 0.0889423076923077 0.21514423076923078 0.020432692307692308 0.010817307692307692
0 0.08533653846153846 0.19951923076923078 0.03125 0.015625
0 0.13581730769230768 0.40384615384615385 0.015625 0.015625
0 0.10096153846153846 0.36658653846153844 0.008413461538461538 0.010817307692307692
0 0.11298076923076923 0.36658653846153844 0.008413461538461538 0.010817307692307692
0 0.11298076923076923 0.3557692307692308 0.008413461538461538 0.013221153846153846
0 0.109375 0.2860576923076923 0.010817307692307692 0.008413461538461538
0 0.0889423076923077 0.18269230769230768 0.020432692307692308 0.018028846153846152
0 0.0889423076923077 0.16105769230769232 0.03365384615384615 0.015625
0 0.09014423076923077 0.14543269230769232 0.026442307692307692 0.010817307692307692
0 0.09014423076923077 0.1310096153846154 0.02283653846153846 0.013221153846153846
0 0.09375 0.11658653846153846 0.015625 0.013221153846153846
0 0.09254807692307693 0.10216346153846154 0.018028846153846152 0.015625
0 0.046875 0.11658653846153846 0.008413461538461538 0.015625
0 0.04807692307692308 0.09134615384615384 0.015625 0.015625
0 0.25841346153846156 0.7391826923076923 0.010817307692307692 0.018028846153846152
0 0.19471153846153846 0.47836538461538464 0.015625 0.015625
0 0.046875 0.06971153846153846 0.008413461538461538 0.013221153846153846
0 0.04447115384615385 0.04927884615384615 0.013221153846153846 0.013221153846153846
0 0.04447115384615385 0.026442307692307692 0.008413461538461538 0.008413461538461538
0 0.004807692307692308 0.12379807692307693 0.009615384615384616 0.013221153846153846
0 0.001201923076923077 0.019230769230769232 0.002403846153846154 0.010817307692307692
0 0.08173076923076923 0.06610576923076923 0.020432692307692308 0.015625
0 0.08653846153846154 0.04927884615384615 0.010817307692307692 0.013221153846153846
0 0.08052884615384616 0.03245192307692308 0.018028846153846152 0.010817307692307692
0 0.0829326923076923 0.018028846153846152 0.013221153846153846 0.013221153846153846
0 0.15144230769230768 0.055288461538461536 0.015625 0.015625
0 0.12259615384615384 0.19471153846153846 0.010817307692307692 0.010817307692307692
0 0.13581730769230768 0.19471153846153846 0.010817307692307692 0.010817307692307692
0 0.13581730769230768 0.1814903846153846 0.010817307692307692 0.010817307692307692
0 0.15144230769230768 0.20673076923076922 0.008413461538461538 0.008413461538461538
0 0.1622596153846154 0.20432692307692307 0.013221153846153846 0.010817307692307692
0 0.25240384615384615 0.6802884615384616 0.013221153846153846 0.013221153846153846
0 0.2860576923076923 0.7403846153846154 0.008413461538461538 0.010817307692307692
0 0.4387019230769231 0.8329326923076923 0.013221153846153846 0.013221153846153846
0 0.45913461538461536 0.859375 0.013221153846153846 0.015625
0 0.5060096153846154 0.8185096153846154 0.010817307692307692 0.010817307692307692
0 0.5060096153846154 0.8052884615384616 0.010817307692307692 0.010817307692307692
0 0.4891826923076923 0.6009615384615384 0.013221153846153846 0.013221153846153846
0 0.5637019230769231 0.5985576923076923 0.010817307692307692 0.013221153846153846
0 0.6057692307692307 0.7019230769230769 0.008413461538461538 0.010817307692307692
0 0.5829326923076923 0.6754807692307693 0.013221153846153846 0.013221153846153846
0 0.4375 0.5456730769230769 0.013221153846153846 0.010817307692307692
0 0.6382211538461539 0.19110576923076922 0.015625 0.013221153846153846
0 0.6814903846153846 0.27283653846153844 0.010817307692307692 0.013221153846153846
0 0.6875 0.2860576923076923 0.008413461538461538 0.013221153846153846
0 0.7139423076923077 0.27524038461538464 0.013221153846153846 0.013221153846153846
0 0.734375 0.24759615384615385 0.013221153846153846 0.013221153846153846
0 0.7367788461538461 0.23076923076923078 0.013221153846153846 0.010817307692307692
0 0.703125 0.3016826923076923 0.013221153846153846 0.013221153846153846
0 0.6923076923076923 0.35697115384615385 0.015625 0.015625
0 0.7271634615384616 0.44711538461538464 0.008413461538461538 0.010817307692307692
0 0.6766826923076923 0.43149038461538464 0.010817307692307692 0.010817307692307692
0 0.7151442307692307 0.4326923076923077 0.010817307692307692 0.008413461538461538
0 0.7271634615384616 0.43028846153846156 0.008413461538461538 0.008413461538461538
0 0.49038461538461536 0.625 0.010817307692307692 0.010817307692307692
0 0.7944711538461539 0.4639423076923077 0.018028846153846152 0.018028846153846152
0 0.9435096153846154 0.6057692307692307 0.013221153846153846 0.018028846153846152
0 0.6790865384615384 0.33653846153846156 0.010817307692307692 0.010817307692307692
0 0.8004807692307693 0.109375 0.015625 0.015625
0 0.9194711538461539 0.11177884615384616 0.008413461538461538 0.010817307692307692
0 0.6730769230769231 0.05048076923076923 0.008413461538461538 0.010817307692307692
0 0.6826923076923077 0.06009615384615385 0.008413461538461538 0.007211538461538462
0 0.7127403846153846 0.07091346153846154 0.010817307692307692 0.010817307692307692
0 0.7463942307692307 0.0625 0.010817307692307692 0.010817307692307692
0 0.7872596153846154 0.0733173076923077 0.010817307692307692 0.010817307692307692
0 0.9290865384615384 0.008413461538461538 0.010817307692307692 0.010817307692307692
0 0.9399038461538461 0.0985576923076923 0.010817307692307692 0.010817307692307692
0 0.9435096153846154 0.109375 0.013221153846153846 0.010817307692307692
0 0.9435096153846154 0.11899038461538461 0.013221153846153846 0.013221153846153846
0 0.9555288461538461 0.12259615384615384 0.010817307692307692 0.010817307692307692
0 0.9675480769230769 0.12139423076923077 0.010817307692307692 0.013221153846153846
0 0.9699519230769231 0.08653846153846154 0.010817307692307692 0.010817307692307692
0 0.9819711538461539 0.0985576923076923 0.013221153846153846 0.008413461538461538
0 0.9747596153846154 0.6454326923076923 0.013221153846153846 0.020432692307692308
0 0.875 0.7908653846153846 0.010817307692307692 0.013221153846153846
0 0.7427884615384616 0.9663461538461539 0.013221153846153846 0.013221153846153846
0 0.6875 0.8822115384615384 0.015625 0.010817307692307692
0 0.6021634615384616 0.8834134615384616 0.010817307692307692 0.010817307692307692
0 0.75 0.8954326923076923 0.008413461538461538 0.010817307692307692
0 0.7980769230769231 0.8762019230769231 0.010817307692307692 0.013221153846153846
0 0.7079326923076923 0.5805288461538461 0.010817307692307692 0.013221153846153846
0 0.6947115384615384 0.5889423076923077 0.010817307692307692 0.010817307692307692