0 0.027644230769230768 0.9831730769230769 0.007211538461538462 0.007211538461538462
0 0.036057692307692304 0.9711538461538461 0.008413461538461538 0.008413461538461538
0 0.05048076923076923 0.9759615384615384 0.007211538461538462 0.007211538461538462
0 0.04567307692307692 0.9579326923076923 0.007211538461538462 0.007211538461538462
0 0.028846153846153848 0.9399038461538461 0.004807692307692308 0.007211538461538462
0 0.040865384615384616 0.9194711538461539 0.013221153846153846 0.015625
0 0.02283653846153846 0.9122596153846154 0.018028846153846152 0.018028846153846152
0 0.008413461538461538 0.9014423076923077 0.013221153846153846 0.020432692307692308
0 0.06850961538461539 0.9399038461538461 0.010817307692307692 0.015625
0 0.08413461538461539 0.953125 0.010817307692307692 0.008413461538461538
0 0.0985576923076923 0.9591346153846154 0.018028846153846152 0.018028846153846152
0 0.109375 0.9735576923076923 0.010817307692307692 0.008413461538461538
0 0.12980769230769232 0.9735576923076923 0.010817307692307692 0.010817307692307692
0 0.14423076923076922 0.9927884615384616 0.008413461538461538 0.008413461538461538
0 0.13581730769230768 0.9879807692307693 0.007211538461538462 0.007211538461538462
0 0.007211538461538462 0.7980769230769231 0.004807692307692308 0.007211538461538462
0 0.020432692307692308 0.8365384615384616 0.004807692307692308 0.007211538461538462
0 0.04447115384615385 0.7932692307692307 0.008413461538461538 0.008413461538461538
0 0.020432692307692308 0.7764423076923077 0.008413461538461538 0.008413461538461538
0 0.07091346153846154 0.8365384615384616 0.010817307692307692 0.010817307692307692
0 0.0829326923076923 0.8449519230769231 0.008413461538461538 0.008413461538461538
0 0.09375 0.8497596153846154 0.010817307692307692 0.010817307692307692
0 0.0673076923076923 0.8641826923076923 0.008413461538461538 0.007211538461538462
0 0.04927884615384615 0.8533653846153846 0.008413461538461538 0.008413461538461538
0 0.07572115384615384 0.8125 0.007211538461538462 0.010817307692307692
0 0.0889423076923077 0.8197115384615384 0.010817307692307692 0.008413461538461538
0 0.11538461538461539 0.8665865384615384 0.008413461538461538 0.013221153846153846
0 0.12620192307692307 0.8725961538461539 0.008413461538461538 0.010817307692307692
0 0.13581730769230768 0.8774038461538461 0.010817307692307692 0.010817307692307692
0 0.11658653846153846 0.8329326923076923 0.010817307692307692 0.008413461538461538
0 0.140625 0.8485576923076923 0.007211538461538462 0.008413461538461538
0 0.16346153846153846 0.8966346153846154 0.007211538461538462 0.013221153846153846
0 0.17668269230769232 0.9014423076923077 0.010817307692307692 0.010817307692307692
0 0.18509615384615385 0.9086538461538461 0.008413461538461538 0.010817307692307692
0 0.20072115384615385 0.9170673076923077 0.008413461538461538 0.008413461538461538
0 0.20793269230769232 0.9242788461538461 0.007211538461538462 0.010817307692307692
0 0.15985576923076922 0.9254807692307693 0.008413461538461538 0.008413461538461538
0 0.18389423076923078 0.9399038461538461 0.007211538461538462 0.010817307692307692
0 0.11658653846153846 0.8966346153846154 0.007211538461538462 0.008413461538461538
0 0.16346153846153846 0.8653846153846154 0.007211538461538462 0.008413461538461538
0 0.21033653846153846 0.8930288461538461 0.007211538461538462 0.010817307692307692
0 0.22956730769230768 0.96875 0.013221153846153846 0.008413461538461538
0 0.2512019230769231 0.9146634615384616 0.007211538461538462 0.004807692307692308
0 0.2764423076923077 0.9362980769230769 0.008413461538461538 0.010817307692307692
0 0.3016826923076923 0.9519230769230769 0.008413461538461538 0.010817307692307692
0 0.27524038461538464 0.9915865384615384 0.008413461538461538 0.007211538461538462
0 0.002403846153846154 0.6995192307692307 0.004807692307692308 0.009615384615384616
0 0.006009615384615385 0.6358173076923077 0.007211538461538462 0.010817307692307692
0 0.016826923076923076 0.6274038461538461 0.010817307692307692 0.007211538461538462
0 0.006009615384615385 0.6213942307692307 0.007211538461538462 0.008413461538461538
0 0.013221153846153846 0.6153846153846154 0.008413461538461538 0.008413461538461538
0 0.36778846153846156 0.9915865384615384 0.007211538461538462 0.007211538461538462
0 0.265625 0.859375 0.013221153846153846 0.015625
0 0.24639423076923078 0.8461538461538461 0.010817307692307692 0.010817307692307692
0 0.17067307692307693 0.8016826923076923 0.013221153846153846 0.018028846153846152
0 0.10336538461538461 0.7608173076923077 0.008413461538461538 0.013221153846153846
0 0.12379807692307693 0.7704326923076923 0.008413461538461538 0.013221153846153846
0 0.026442307692307692 0.7055288461538461 0.010817307692307692 0.015625
0 0.25240384615384615 0.2439903846153846 0.008413461538461538 0.007211538461538462
0 0.25 0.22956730769230768 0.008413461538461538 0.013221153846153846
0 0.15865384615384615 0.29927884615384615 0.007211538461538462 0.008413461538461538
0 0.19951923076923078 0.36778846153846156 0.010817307692307692 0.010817307692307692
0 0.20793269230769232 0.38100961538461536 0.010817307692307692 0.008413461538461538
0 0.13341346153846154 0.23076923076923078 0.015625 0.010817307692307692
0 0.29447115384615385 0.3605769230769231 0.008413461538461538 0.008413461538461538
0 0.3137019230769231 0.34975961538461536 0.010817307692307692 0.010817307692307692
0 0.39302884615384615 0.31971153846153844 0.015625 0.018028846153846152
0 0.026442307692307692 0.09134615384615384 0.007211538461538462 0.010817307692307692
0 0.03485576923076923 0.1045673076923077 0.007211538461538462 0.007211538461538462
0 0.6947115384615384 0.9927884615384616 0.007211538461538462 0.008413461538461538
0 0.7043269230769231 0.9807692307692307 0.010817307692307692 0.010817307692307692
0 0.7115384615384616 0.9675480769230769 0.008413461538461538 0.007211538461538462
0 0.7235576923076923 0.9567307692307693 0.008413461538461538 0.008413461538461538
0 0.7283653846153846 0.9423076923076923 0.007211538461538462 0.007211538461538462
0 0.7367788461538461 0.9375 0.008413461538461538 0.008413461538461538
0 0.7427884615384616 0.9206730769230769 0.008413461538461538 0.008413461538461538
0 0.7211538461538461 0.9002403846153846 0.008413461538461538 0.007211538461538462
0 0.7067307692307693 0.8918269230769231 0.008413461538461538 0.008413461538461538
0 0.6959134615384616 0.8834134615384616 0.008413461538461538 0.010817307692307692
0 0.6189903846153846 0.9206730769230769 0.004807692307692308 0.004807692307692308
0 0.6274038461538461 0.9110576923076923 0.007211538461538462 0.007211538461538462
0 0.6346153846153846 0.9014423076923077 0.004807692307692308 0.007211538461538462
0 0.6418269230769231 0.8930288461538461 0.004807692307692308 0.007211538461538462
0 0.7752403846153846 0.8677884615384616 0.008413461538461538 0.010817307692307692
0 0.7644230769230769 0.8617788461538461 0.007211538461538462 0.010817307692307692
0 0.7512019230769231 0.8545673076923077 0.010817307692307692 0.010817307692307692
0 0.7403846153846154 0.8473557692307693 0.010817307692307692 0.008413461538461538
0 0.7175480769230769 0.8521634615384616 0.010817307692307692 0.010817307692307692
0 0.7079326923076923 0.8641826923076923 0.010817307692307692 0.010817307692307692
0 0.9014423076923077 0.7235576923076923 0.010817307692307692 0.010817307692307692
0 0.8689903846153846 0.7776442307692307 0.013221153846153846 0.015625
0 0.328125 0.8125 0.010817307692307692 0.010817307692307692
0 0.3389423076923077 0.8004807692307693 0.007211538461538462 0.010817307692307692
0 0.21153846153846154 0.7944711538461539 0.008413461538461538 0.010817307692307692
0 0.30288461538461536 0.7572115384615384 0.007211538461538462 0.008413461538461538
0 0.22355769230769232 0.8293269230769231 0.010817307692307692 0.008413461538461538
0 0.20192307692307693 0.8221153846153846 0.010817307692307692 0.008413461538461538
0 0.18870192307692307 0.8100961538461539 0.008413461538461538 0.010817307692307692
0 0.12259615384615384 0.7355769230769231 0.010817307692307692 0.010817307692307692
0 0.13341346153846154 0.7439903846153846 0.013221153846153846 0.007211538461538462
0 0.24158653846153846 0.8161057692307693 0.007211538461538462 0.007211538461538462
0 0.2536057692307692 0.8173076923076923 0.007211538461538462 0.004807692307692308
0 0.07211538461538461 0.7055288461538461 0.008413461538461538 0.007211538461538462
0 0.09134615384615384 0.7211538461538461 0.007211538461538462 0.008413461538461538
0 0.4855769230769231 0.5432692307692307 0.010817307692307692 0.008413461538461538
0 0.47115384615384615 0.5360576923076923 0.008413461538461538 0.008413461538461538
0 0.3245192307692308 0.41466346153846156 0.008413461538461538 0.008413461538461538
0 0.3701923076923077 0.3942307692307692 0.007211538461538462 0.008413461538461538
0 0.4735576923076923 0.37740384615384615 0.007211538461538462 0.010817307692307692
0 0.1875 0.41225961538461536 0.004807692307692308 0.008413461538461538
0 0.19831730769230768 0.4074519230769231 0.008413461538461538 0.008413461538461538
0 0.11177884615384616 0.5516826923076923 0.010817307692307692 0.013221153846153846
0 0.020432692307692308 0.5805288461538461 0.008413461538461538 0.008413461538461538
0 0.016826923076923076 0.5661057692307693 0.007211538461538462 0.007211538461538462
0 0.007211538461538462 0.5769230769230769 0.004807692307692308 0.004807692307692308
0 0.007211538461538462 0.5588942307692307 0.004807692307692308 0.004807692307692308
0 0.17908653846153846 0.265625 0.010817307692307692 0.008413461538461538
0 0.056490384615384616 0.1502403846153846 0.008413461538461538 0.007211538461538462
0 0.203125 0.04447115384615385 0.018028846153846152 0.02283653846153846
0 0.9747596153846154 0.07451923076923077 0.018028846153846152 0.026442307692307692
0 0.9915865384615384 0.021634615384615384 0.008413461538461538 0.015625
0 0.17548076923076922 0.04326923076923077 0.008413461538461538 0.008413461538461538
0 0.18389423076923078 0.030048076923076924 0.007211538461538462 0.007211538461538462
0 0.31490384615384615 0.9939903846153846 0.02283653846153846 0.007211538461538462
0 0.27524038461538464 0.9735576923076923 0.018028846153846152 0.013221153846153846
0 0.24519230769230768 0.9483173076923077 0.008413461538461538 0.013221153846153846
0 0.6358173076923077 0.6165865384615384 0.020432692307692308 0.018028846153846152
0 0.5612980769230769 0.5829326923076923 0.013221153846153846 0.02283653846153846
0 0.5817307692307693 0.5949519230769231 0.015625 0.008413461538461538
0 0.32211538461538464 0.7295673076923077 0.013221153846153846 0.018028846153846152
0 0.375 0.6478365384615384 0.010817307692307692 0.015625
0 0.3485576923076923 0.6971153846153846 0.013221153846153846 0.010817307692307692
0 0.14182692307692307 0.028846153846153848 0.013221153846153846 0.018028846153846152
0 0.24158653846153846 0.09014423076923077 0.013221153846153846 0.013221153846153846
0 0.6706730769230769 0.265625 0.02283653846153846 0.02283653846153846
0 0.19591346153846154 0.08052884615384616 0.02283653846153846 0.020432692307692308
0 0.16947115384615385 0.0673076923076923 0.013221153846153846 0.018028846153846152
0 0.11658653846153846 0.026442307692307692 0.015625 0.015625
0 0.3112980769230769 0.8713942307692307 0.008413461538461538 0.008413461538461538
0 0.3918269230769231 0.9230769230769231 0.008413461538461538 0.008413461538461538
0 0.23197115384615385 0.9350961538461539 0.008413461538461538 0.008413461538461538
0 0.002403846153846154 0.040865384615384616 0.004807692307692308 0.009615384615384616
0 0.15865384615384615 0.11778846153846154 0.007211538461538462 0.010817307692307692
0 0.13221153846153846 0.11177884615384616 0.007211538461538462 0.010817307692307692
0 0.014423076923076924 0.0733173076923077 0.010817307692307692 0.010817307692307692
0 0.4326923076923077 0.3425480769230769 0.018028846153846152 0.018028846153846152
0 0.6694711538461539 0.29447115384615385 0.015625 0.02283653846153846
0 0.41466346153846156 0.3112980769230769 0.013221153846153846 0.018028846153846152
0 0.27524038461538464 0.234375 0.013221153846153846 0.013221153846153846
0 0.08533653846153846 0.7512019230769231 0.013221153846153846 0.015625
0 0.06971153846153846 0.7415865384615384 0.008413461538461538 0.013221153846153846
0 0.15264423076923078 0.7596153846153846 0.013221153846153846 0.015625
0 0.19951923076923078 0.32091346153846156 0.020432692307692308 0.020432692307692308
0 0.11177884615384616 0.11057692307692307 0.015625 0.008413461538461538
0 0.3269230769230769 0.3786057692307692 0.013221153846153846 0.013221153846153846
0 0.21394230769230768 0.7223557692307693 0.018028846153846152 0.020432692307692308
0 0.037259615384615384 0.8173076923076923 0.010817307692307692 0.013221153846153846
0 0.5276442307692307 0.5600961538461539 0.015625 0.015625