0 0.18629807692307693 0.7920673076923077 0.010817307692307692 0.010817307692307692
0 0.19591346153846154 0.8088942307692307 0.013221153846153846 0.008413461538461538
0 0.20552884615384615 0.8233173076923077 0.008413461538461538 0.010817307692307692
0 0.21754807692307693 0.8377403846153846 0.015625 0.013221153846153846
0 0.22596153846153846 0.8545673076923077 0.015625 0.010817307692307692
0 0.23317307692307693 0.8677884615384616 0.015625 0.010817307692307692
0 0.33774038461538464 0.8617788461538461 0.008413461538461538 0.007211538461538462
0 0.33653846153846156 0.8762019230769231 0.010817307692307692 0.008413461538461538
0 0.35096153846153844 0.890625 0.013221153846153846 0.010817307692307692
0 0.41225961538461536 0.8545673076923077 0.013221153846153846 0.010817307692307692
0 0.41947115384615385 0.8137019230769231 0.010817307692307692 0.010817307692307692
0 0.4699519230769231 0.8076923076923077 0.010817307692307692 0.010817307692307692
0 0.46033653846153844 0.828125 0.010817307692307692 0.010817307692307692
0 0.5168269230769231 0.8052884615384616 0.010817307692307692 0.010817307692307692
0 0.5444711538461539 0.7956730769230769 0.010817307692307692 0.010817307692307692
0 0.5649038461538461 0.7836538461538461 0.013221153846153846 0.013221153846153846
0 0.5721153846153846 0.7596153846153846 0.013221153846153846 0.010817307692307692
0 0.4987980769230769 0.8149038461538461 0.007211538461538462 0.004807692307692308
0 0.47836538461538464 0.8233173076923077 0.007211538461538462 0.007211538461538462
0 0.8329326923076923 0.7836538461538461 0.013221153846153846 0.013221153846153846
0 0.8233173076923077 0.7956730769230769 0.010817307692307692 0.010817307692307692
0 0.8076923076923077 0.8040865384615384 0.015625 0.013221153846153846
0 0.7944711538461539 0.8137019230769231 0.010817307692307692 0.010817307692307692
0 0.7776442307692307 0.8221153846153846 0.010817307692307692 0.013221153846153846
0 0.7680288461538461 0.8353365384615384 0.013221153846153846 0.008413461538461538
0 0.7560096153846154 0.8137019230769231 0.010817307692307692 0.010817307692307692
0 0.7391826923076923 0.828125 0.013221153846153846 0.010817307692307692
0 0.75 0.8425480769230769 0.008413461538461538 0.008413461538461538
0 0.7199519230769231 0.8389423076923077 0.015625 0.010817307692307692
0 0.6935096153846154 0.8341346153846154 0.008413461538461538 0.010817307692307692
0 0.6983173076923077 0.8485576923076923 0.008413461538461538 0.010817307692307692
0 0.6850961538461539 0.8557692307692307 0.008413461538461538 0.008413461538461538
0 0.6694711538461539 0.8533653846153846 0.008413461538461538 0.008413461538461538
0 0.6430288461538461 0.8689903846153846 0.010817307692307692 0.008413461538461538
0 0.6201923076923077 0.8786057692307693 0.010817307692307692 0.013221153846153846
0 0.6021634615384616 0.8798076923076923 0.010817307692307692 0.010817307692307692
0 0.5817307692307693 0.8930288461538461 0.010817307692307692 0.010817307692307692
0 0.5685096153846154 0.8990384615384616 0.007211538461538462 0.008413461538461538
0 0.5877403846153846 0.8509615384615384 0.008413461538461538 0.018028846153846152
0 0.5985576923076923 0.8557692307692307 0.008413461538461538 0.013221153846153846
0 0.5372596153846154 0.8786057692307693 0.007211538461538462 0.008413461538461538
0 0.7103365384615384 0.8737980769230769 0.010817307692307692 0.008413461538461538
0 0.6995192307692307 0.8834134615384616 0.010817307692307692 0.008413461538461538
0 0.6923076923076923 0.8870192307692307 0.010817307692307692 0.013221153846153846
0 0.6802884615384616 0.890625 0.008413461538461538 0.010817307692307692
0 0.6658653846153846 0.9002403846153846 0.010817307692307692 0.015625
0 0.6526442307692307 0.9038461538461539 0.008413461538461538 0.010817307692307692
0 0.6442307692307693 0.9122596153846154 0.008413461538461538 0.013221153846153846
0 0.6334134615384616 0.9158653846153846 0.007211538461538462 0.010817307692307692
0 0.6274038461538461 0.9230769230769231 0.010817307692307692 0.013221153846153846
0 0.6153846153846154 0.9266826923076923 0.008413461538461538 0.010817307692307692
0 0.6430288461538461 0.8557692307692307 0.010817307692307692 0.008413461538461538
0 0.5444711538461539 0.9050480769230769 0.010817307692307692 0.013221153846153846
0 0.5204326923076923 0.9194711538461539 0.008413461538461538 0.008413461538461538
0 0.5228365384615384 0.9423076923076923 0.008413461538461538 0.007211538461538462
0 0.5036057692307693 0.9591346153846154 0.010817307692307692 0.004807692307692308
0 0.5336538461538461 0.9567307692307693 0.008413461538461538 0.008413461538461538
0 0.5252403846153846 0.9675480769230769 0.008413461538461538 0.007211538461538462
0 0.515625 0.9795673076923077 0.008413461538461538 0.004807692307692308
0 0.5576923076923077 0.9507211538461539 0.015625 0.008413461538461538
0 0.546875 0.96875 0.013221153846153846 0.008413461538461538
0 0.36538461538461536 0.9735576923076923 0.008413461538461538 0.007211538461538462
0 0.48677884615384615 0.9879807692307693 0.013221153846153846 0.010817307692307692
0 0.5973557692307693 0.9411057692307693 0.008413461538461538 0.008413461538461538
0 0.5913461538461539 0.9471153846153846 0.010817307692307692 0.010817307692307692
0 0.5745192307692307 0.9675480769230769 0.008413461538461538 0.010817307692307692
0 0.5757211538461539 0.9795673076923077 0.010817307692307692 0.008413461538461538
0 0.20432692307692307 0.9579326923076923 0.010817307692307692 0.007211538461538462
0 0.19831730769230768 0.96875 0.008413461538461538 0.008413461538461538
0 0.18269230769230768 0.9795673076923077 0.013221153846153846 0.013221153846153846
0 0.23918269230769232 0.9086538461538461 0.008413461538461538 0.010817307692307692
0 0.15985576923076922 0.9735576923076923 0.013221153846153846 0.015625
0 0.9567307692307693 0.8485576923076923 0.008413461538461538 0.008413461538461538
0 0.9471153846153846 0.8389423076923077 0.007211538461538462 0.007211538461538462
0 0.9375 0.8293269230769231 0.008413461538461538 0.008413461538461538
0 0.9338942307692307 0.8064903846153846 0.010817307692307692 0.008413461538461538
0 0.9807692307692307 0.08413461538461539 0.020432692307692308 0.010817307692307692
0 0.9759615384615384 0.13341346153846154 0.015625 0.018028846153846152
0 0.9771634615384616 0.15865384615384615 0.013221153846153846 0.015625
0 0.9723557692307693 0.18629807692307693 0.007211538461538462 0.015625
0 0.9699519230769231 0.21394230769230768 0.015625 0.02283653846153846
0 0.9735576923076923 0.24158653846153846 0.015625 0.015625
0 0.9675480769230769 0.27283653846153844 0.025240384615384616 0.018028846153846152
0 0.8822115384615384 0.33052884615384615 0.025240384615384616 0.015625
0 0.8810096153846154 0.25841346153846156 0.018028846153846152 0.020432692307692308
0 0.8834134615384616 0.203125 0.018028846153846152 0.018028846153846152
0 0.8834134615384616 0.14302884615384615 0.008413461538461538 0.015625
0 0.04567307692307692 0.23317307692307693 0.020432692307692308 0.015625
0 0.046875 0.2127403846153846 0.026442307692307692 0.015625
0 0.04567307692307692 0.19831730769230768 0.025240384615384616 0.013221153846153846
0 0.10336538461538461 0.14182692307692307 0.013221153846153846 0.018028846153846152
0 0.1201923076923077 0.12379807692307693 0.015625 0.018028846153846152
0 0.13942307692307693 0.11658653846153846 0.02283653846153846 0.02283653846153846
0 0.15985576923076922 0.11177884615384616 0.013221153846153846 0.020432692307692308
0 0.17668269230769232 0.09615384615384616 0.015625 0.020432692307692308
0 0.9230769230769231 0.2932692307692308 0.018028846153846152 0.018028846153846152
0 0.9290865384615384 0.5024038461538461 0.010817307692307692 0.008413461538461538
0 0.4891826923076923 0.9254807692307693 0.008413461538461538 0.008413461538461538
0 0.5204326923076923 0.8822115384615384 0.013221153846153846 0.010817307692307692
0 0.5625 0.8882211538461539 0.008413461538461538 0.010817307692307692
0 0.6310096153846154 0.9915865384615384 0.008413461538461538 0.008413461538461538
0 0.6430288461538461 0.9783653846153846 0.007211538461538462 0.007211538461538462
0 0.6514423076923077 0.9639423076923077 0.010817307692307692 0.008413461538461538
0 0.6658653846153846 0.953125 0.010817307692307692 0.008413461538461538
0 0.6862980769230769 0.9338942307692307 0.010817307692307692 0.010817307692307692
0 0.6935096153846154 0.9182692307692307 0.008413461538461538 0.010817307692307692
0 0.7091346153846154 0.8978365384615384 0.013221153846153846 0.007211538461538462
0 0.15985576923076922 0.5180288461538461 0.026442307692307692 0.02283653846153846
0 0.3954326923076923 0.8425480769230769 0.020432692307692308 0.018028846153846152
0 0.4423076923076923 0.8197115384615384 0.015625 0.013221153846153846
0 0.21033653846153846 0.9290865384615384 0.015625 0.010817307692307692
0 0.34975961538461536 0.8713942307692307 0.010817307692307692 0.013221153846153846
0 0.9675480769230769 0.10697115384615384 0.015625 0.010817307692307692
0 0.9278846153846154 0.13822115384615385 0.008413461538461538 0.007211538461538462
0 0.9278846153846154 0.19591346153846154 0.008413461538461538 0.013221153846153846
0 0.9254807692307693 0.1778846153846154 0.008413461538461538 0.008413461538461538
0 0.9242788461538461 0.4567307692307692 0.015625 0.008413461538461538
0 0.9206730769230769 0.4110576923076923 0.018028846153846152 0.015625
0 0.921875 0.35096153846153844 0.010817307692307692 0.013221153846153846
0 0.49278846153846156 0.7920673076923077 0.018028846153846152 0.015625
0 0.5216346153846154 0.7788461538461539 0.010817307692307692 0.008413461538461538
0 0.5456730769230769 0.7680288461538461 0.015625 0.013221153846153846
0 0.5985576923076923 0.7463942307692307 0.015625 0.010817307692307692
0 0.6490384615384616 0.7283653846153846 0.013221153846153846 0.010817307692307692
0 0.41947115384615385 0.84375 0.007211538461538462 0.010817307692307692