0 0.6550480769230769 0.03485576923076923 0.02283653846153846 0.025240384615384616
0 0.36538461538461536 0.06009615384615385 0.026442307692307692 0.025240384615384616
0 0.39302884615384615 0.13822115384615385 0.015625 0.015625
0 0.42427884615384615 0.29447115384615385 0.015625 0.026442307692307692
0 0.3329326923076923 0.2824519230769231 0.013221153846153846 0.015625
0 0.38341346153846156 0.2764423076923077 0.010817307692307692 0.010817307692307692
0 0.3858173076923077 0.36778846153846156 0.010817307692307692 0.010817307692307692
0 0.38822115384615385 0.35336538461538464 0.007211538461538462 0.008413461538461538
0 0.6502403846153846 0.3798076923076923 0.015625 0.015625
0 0.6646634615384616 0.3894230769230769 0.013221153846153846 0.013221153846153846
0 0.6514423076923077 0.35216346153846156 0.015625 0.010817307692307692
0 0.6766826923076923 0.2512019230769231 0.015625 0.015625
0 0.6598557692307693 0.2608173076923077 0.008413461538461538 0.013221153846153846
0 0.6766826923076923 0.13822115384615385 0.020432692307692308 0.03365384615384615
0 0.6538461538461539 0.5084134615384616 0.010817307692307692 0.015625
0 0.5372596153846154 0.6634615384615384 0.010817307692307692 0.010817307692307692
0 0.3245192307692308 0.6334134615384616 0.008413461538461538 0.007211538461538462
0 0.3293269230769231 0.625 0.008413461538461538 0.007211538461538462
0 0.33533653846153844 0.6153846153846154 0.008413461538461538 0.008413461538461538
0 0.3425480769230769 0.6045673076923077 0.008413461538461538 0.007211538461538462
0 0.3449519230769231 0.5949519230769231 0.008413461538461538 0.008413461538461538
0 0.35096153846153844 0.5805288461538461 0.008413461538461538 0.007211538461538462
0 0.3137019230769231 0.625 0.007211538461538462 0.007211538461538462
0 0.3233173076923077 0.6141826923076923 0.010817307692307692 0.010817307692307692
0 0.3425480769230769 0.5661057692307693 0.008413461538461538 0.007211538461538462
0 0.3293269230769231 0.59375 0.004807692307692308 0.007211538461538462
0 0.33533653846153844 0.5805288461538461 0.008413461538461538 0.007211538461538462
0 0.3581730769230769 0.5649038461538461 0.008413461538461538 0.008413461538461538
0 0.3485576923076923 0.5528846153846154 0.008413461538461538 0.010817307692307692
0 0.3641826923076923 0.5504807692307693 0.007211538461538462 0.007211538461538462
0 0.3545673076923077 0.5408653846153846 0.007211538461538462 0.008413461538461538
0 0.36658653846153844 0.5384615384615384 0.010817307692307692 0.008413461538461538
0 0.3545673076923077 0.5276442307692307 0.007211538461538462 0.010817307692307692
0 0.36899038461538464 0.5252403846153846 0.008413461538461538 0.008413461538461538
0 0.3918269230769231 0.6502403846153846 0.008413461538461538 0.010817307692307692
0 0.3954326923076923 0.6358173076923077 0.010817307692307692 0.007211538461538462
0 0.39903846153846156 0.625 0.008413461538461538 0.007211538461538462
0 0.4026442307692308 0.6129807692307693 0.008413461538461538 0.008413461538461538
0 0.40384615384615385 0.6009615384615384 0.010817307692307692 0.008413461538461538
0 0.4338942307692308 0.5793269230769231 0.010817307692307692 0.013221153846153846
0 0.4050480769230769 0.515625 0.013221153846153846 0.013221153846153846
0 0.41586538461538464 0.20793269230769232 0.010817307692307692 0.010817307692307692
0 0.1141826923076923 0.7608173076923077 0.002403846153846154 0.004807692307692308
0 0.1346153846153846 0.7427884615384616 0.004807692307692308 0.008413461538461538
0 0.1466346153846154 0.7331730769230769 0.004807692307692308 0.002403846153846154
0 0.09735576923076923 0.6802884615384616 0.004807692307692308 0.008413461538461538
0 0.0889423076923077 0.6875 0.007211538461538462 0.007211538461538462
0 0.109375 0.6730769230769231 0.007211538461538462 0.008413461538461538
0 0.11899038461538461 0.6634615384615384 0.004807692307692308 0.010817307692307692
0 0.04447115384615385 0.7668269230769231 0.007211538461538462 0.007211538461538462
0 0.009615384615384616 0.734375 0.007211538461538462 0.008413461538461538
0 0.17548076923076922 0.7283653846153846 0.004807692307692308 0.007211538461538462
0 0.23076923076923078 0.6514423076923077 0.007211538461538462 0.004807692307692308
0 0.006009615384615385 0.41466346153846156 0.007211538461538462 0.008413461538461538
0 0.013221153846153846 0.3605769230769231 0.008413461538461538 0.008413461538461538
0 0.010817307692307692 0.37740384615384615 0.008413461538461538 0.007211538461538462
0 0.01201923076923077 0.38822115384615385 0.007211538461538462 0.007211538461538462
0 0.5625 0.04927884615384615 0.025240384615384616 0.02283653846153846
0 0.5612980769230769 0.0985576923076923 0.02283653846153846 0.03125
0 0.6117788461538461 0.0829326923076923 0.015625 0.02283653846153846
0 0.8125 0.0889423076923077 0.018028846153846152 0.015625
0 0.8365384615384616 0.08173076923076923 0.020432692307692308 0.015625
0 0.07211538461538461 0.671875 0.013221153846153846 0.010817307692307692
0 0.08533653846153846 0.6610576923076923 0.008413461538461538 0.015625
0 0.21514423076923078 0.49158653846153844 0.015625 0.013221153846153846
0 0.22115384615384615 0.46875 0.008413461538461538 0.013221153846153846
0 0.2283653846153846 0.44591346153846156 0.010817307692307692 0.013221153846153846
0 0.23076923076923078 0.42908653846153844 0.007211538461538462 0.010817307692307692
0 0.13341346153846154 0.6189903846153846 0.010817307692307692 0.013221153846153846
0 0.1141826923076923 0.6358173076923077 0.002403846153846154 0.007211538461538462
0 0.12139423076923077 0.6310096153846154 0.004807692307692308 0.008413461538461538
0 0.12259615384615384 0.6117788461538461 0.007211538461538462 0.010817307692307692
0 0.11538461538461539 0.609375 0.004807692307692308 0.010817307692307692
0 0.10817307692307693 0.5973557692307693 0.008413461538461538 0.008413461538461538
0 0.0985576923076923 0.5925480769230769 0.004807692307692308 0.008413461538461538
0 0.09014423076923077 0.5817307692307693 0.008413461538461538 0.007211538461538462
0 0.07692307692307693 0.5733173076923077 0.008413461538461538 0.007211538461538462
0 0.05048076923076923 0.5757211538461539 0.007211538461538462 0.007211538461538462
0 0.04807692307692308 0.6682692307692307 0.007211538461538462 0.010817307692307692
0 0.038461538461538464 0.6514423076923077 0.008413461538461538 0.008413461538461538
0 0.027644230769230768 0.6370192307692307 0.007211538461538462 0.008413461538461538
0 0.1875 0.6153846153846154 0.008413461538461538 0.008413461538461538
0 0.17307692307692307 0.6057692307692307 0.008413461538461538 0.004807692307692308
0 0.1658653846153846 0.6177884615384616 0.007211538461538462 0.007211538461538462
0 0.15625 0.6262019230769231 0.007211538461538462 0.008413461538461538
0 0.1466346153846154 0.6358173076923077 0.008413461538461538 0.007211538461538462
0 0.13822115384615385 0.6454326923076923 0.007211538461538462 0.007211538461538462
0 0.16706730769230768 0.7019230769230769 0.008413461538461538 0.007211538461538462
0 0.21153846153846154 0.5540865384615384 0.008413461538461538 0.008413461538461538
0 0.21634615384615385 0.5420673076923077 0.008413461538461538 0.010817307692307692
0 0.22235576923076922 0.5264423076923077 0.007211538461538462 0.008413461538461538
0 0.22716346153846154 0.5144230769230769 0.004807692307692308 0.007211538461538462
0 0.234375 0.5024038461538461 0.008413461538461538 0.004807692307692308
0 0.23918269230769232 0.4891826923076923 0.008413461538461538 0.008413461538461538
0 0.25841346153846156 0.4098557692307692 0.010817307692307692 0.013221153846153846
0 0.2548076923076923 0.4206730769230769 0.008413461538461538 0.008413461538461538
0 0.2536057692307692 0.4375 0.010817307692307692 0.008413461538461538
0 0.24879807692307693 0.45072115384615385 0.010817307692307692 0.008413461538461538
0 0.24519230769230768 0.4651442307692308 0.008413461538461538 0.010817307692307692
0 0.2091346153846154 0.5060096153846154 0.008413461538461538 0.007211538461538462
0 0.19831730769230768 0.5036057692307693 0.008413461538461538 0.007211538461538462
0 0.18870192307692307 0.5024038461538461 0.004807692307692308 0.008413461538461538
0 0.1778846153846154 0.4963942307692308 0.004807692307692308 0.007211538461538462
0 0.16947115384615385 0.49278846153846156 0.007211538461538462 0.004807692307692308
0 0.1466346153846154 0.4831730769230769 0.008413461538461538 0.007211538461538462
0 0.13581730769230768 0.4831730769230769 0.007211538461538462 0.007211538461538462
0 0.12259615384615384 0.47596153846153844 0.007211538461538462 0.007211538461538462
0 0.13221153846153846 0.44471153846153844 0.007211538461538462 0.007211538461538462
0 0.13341346153846154 0.43028846153846156 0.007211538461538462 0.004807692307692308
0 0.23557692307692307 0.4110576923076923 0.007211538461538462 0.007211538461538462
0 0.20793269230769232 0.6658653846153846 0.010817307692307692 0.007211538461538462
0 0.14543269230769232 0.7596153846153846 0.007211538461538462 0.007211538461538462
0 0.6430288461538461 0.13581730769230768 0.020432692307692308 0.020432692307692308
0 0.8605769230769231 0.16346153846153846 0.026442307692307692 0.020432692307692308
0 0.36538461538461536 0.6670673076923077 0.02283653846153846 0.018028846153846152
0 0.9507211538461539 0.042067307692307696 0.018028846153846152 0.020432692307692308
0 0.004807692307692308 0.4387019230769231 0.008413461538461538 0.008413461538461538
0 0.015625 0.41225961538461536 0.004807692307692308 0.008413461538461538
0 0.015625 0.4014423076923077 0.008413461538461538 0.007211538461538462
0 0.013221153846153846 0.34134615384615385 0.008413461538461538 0.007211538461538462
0 0.009615384615384616 0.3293269230769231 0.007211538461538462 0.008413461538461538
0 0.006009615384615385 0.3173076923076923 0.007211538461538462 0.008413461538461538