0 0.8918269230769231 0.6153846153846154 0.008413461538461538 0.013221153846153846
0 0.8918269230769231 0.47716346153846156 0.013221153846153846 0.013221153846153846
0 0.8894230769230769 0.453125 0.008413461538461538 0.013221153846153846
0 0.8930288461538461 0.421875 0.010817307692307692 0.010817307692307692
0 0.8954326923076923 0.39783653846153844 0.010817307692307692 0.010817307692307692
0 0.9411057692307693 0.4050480769230769 0.008413461538461538 0.013221153846153846
0 0.9819711538461539 0.3798076923076923 0.013221153846153846 0.025240384615384616
0 0.9771634615384616 0.42788461538461536 0.013221153846153846 0.013221153846153846
0 0.9891826923076923 0.45072115384615385 0.008413461538461538 0.008413461538461538
0 0.9387019230769231 0.45552884615384615 0.008413461538461538 0.008413461538461538
0 0.890625 0.5588942307692307 0.010817307692307692 0.013221153846153846
0 0.8918269230769231 0.5084134615384616 0.008413461538461538 0.010817307692307692
0 0.8870192307692307 0.5348557692307693 0.008413461538461538 0.015625
0 0.890625 0.6394230769230769 0.010817307692307692 0.013221153846153846
0 0.8918269230769231 0.6947115384615384 0.008413461538461538 0.015625
0 0.9735576923076923 0.6213942307692307 0.010817307692307692 0.013221153846153846
0 0.8918269230769231 0.5865384615384616 0.013221153846153846 0.010817307692307692
0 0.8846153846153846 0.7764423076923077 0.013221153846153846 0.013221153846153846
0 0.8882211538461539 0.8064903846153846 0.015625 0.013221153846153846
0 0.8894230769230769 0.8377403846153846 0.013221153846153846 0.013221153846153846
0 0.8882211538461539 0.8629807692307693 0.015625 0.013221153846153846
0 0.8870192307692307 0.8954326923076923 0.008413461538461538 0.010817307692307692
0 0.9735576923076923 0.6478365384615384 0.013221153846153846 0.010817307692307692
0 0.9747596153846154 0.5612980769230769 0.008413461538461538 0.013221153846153846
0 0.9735576923076923 0.6754807692307693 0.018028846153846152 0.013221153846153846
0 0.9747596153846154 0.7079326923076923 0.013221153846153846 0.015625
0 0.9735576923076923 0.7572115384615384 0.013221153846153846 0.013221153846153846
0 0.9699519230769231 0.921875 0.007211538461538462 0.010817307692307692
0 0.9867788461538461 0.9423076923076923 0.013221153846153846 0.015625
0 0.9855769230769231 0.9603365384615384 0.010817307692307692 0.010817307692307692
0 0.8894230769230769 0.953125 0.013221153846153846 0.013221153846153846
0 0.9759615384615384 0.8725961538461539 0.010817307692307692 0.010817307692307692
0 0.9723557692307693 0.8209134615384616 0.010817307692307692 0.010817307692307692
0 0.9783653846153846 0.984375 0.010817307692307692 0.013221153846153846
0 0.9399038461538461 0.8040865384615384 0.010817307692307692 0.008413461538461538
0 0.9387019230769231 0.828125 0.008413461538461538 0.010817307692307692
0 0.9387019230769231 0.8485576923076923 0.008413461538461538 0.008413461538461538
0 0.9831730769230769 0.8425480769230769 0.010817307692307692 0.013221153846153846
0 0.8942307692307693 0.6694711538461539 0.013221153846153846 0.007211538461538462
0 0.9399038461538461 0.6983173076923077 0.010817307692307692 0.008413461538461538
0 0.9795673076923077 0.5180288461538461 0.008413461538461538 0.013221153846153846
0 0.9783653846153846 0.5420673076923077 0.010817307692307692 0.010817307692307692
0 0.9783653846153846 0.46153846153846156 0.010817307692307692 0.013221153846153846
0 0.9735576923076923 0.7824519230769231 0.018028846153846152 0.015625
0 0.9723557692307693 0.734375 0.020432692307692308 0.018028846153846152
0 0.9375 0.6334134615384616 0.010817307692307692 0.018028846153846152
0 0.9387019230769231 0.5925480769230769 0.013221153846153846 0.018028846153846152
0 0.9375 0.6141826923076923 0.013221153846153846 0.015625
0 0.9375 0.5709134615384616 0.013221153846153846 0.010817307692307692
0 0.9362980769230769 0.5480769230769231 0.015625 0.025240384615384616
0 0.9375 0.4855769230769231 0.013221153846153846 0.020432692307692308
0 0.9375 0.31971153846153844 0.015625 0.018028846153846152
0 0.8930288461538461 0.3786057692307692 0.015625 0.013221153846153846
0 0.9375 0.35697115384615385 0.015625 0.015625
0 0.9387019230769231 0.4375 0.008413461538461538 0.015625
0 0.9399038461538461 0.7427884615384616 0.010817307692307692 0.018028846153846152