0 0.5420673076923077 0.15384615384615385 0.007211538461538462 0.007211538461538462
0 0.7836538461538461 0.07451923076923077 0.008413461538461538 0.008413461538461538
0 0.7956730769230769 0.06490384615384616 0.007211538461538462 0.008413461538461538
0 0.8125 0.055288461538461536 0.007211538461538462 0.007211538461538462
0 0.8185096153846154 0.052884615384615384 0.007211538461538462 0.010817307692307692
0 0.8353365384615384 0.046875 0.008413461538461538 0.008413461538461538
0 0.84375 0.037259615384615384 0.007211538461538462 0.010817307692307692
0 0.8641826923076923 0.027644230769230768 0.010817307692307692 0.010817307692307692
0 0.8834134615384616 0.021634615384615384 0.008413461538461538 0.010817307692307692
0 0.9014423076923077 0.009615384615384616 0.013221153846153846 0.018028846153846152
0 0.16105769230769232 0.08052884615384616 0.010817307692307692 0.013221153846153846
0 0.1814903846153846 0.0829326923076923 0.010817307692307692 0.008413461538461538
0 0.27524038461538464 0.030048076923076924 0.008413461538461538 0.015625
0 0.5504807692307693 0.20793269230769232 0.007211538461538462 0.007211538461538462
0 0.9627403846153846 0.0733173076923077 0.010817307692307692 0.010817307692307692
0 0.9747596153846154 0.06490384615384616 0.008413461538461538 0.008413461538461538
0 0.9855769230769231 0.06009615384615385 0.010817307692307692 0.010817307692307692
0 0.8834134615384616 0.3088942307692308 0.010817307692307692 0.008413461538461538
0 0.11899038461538461 0.20192307692307693 0.013221153846153846 0.010817307692307692
0 0.13822115384615385 0.22115384615384615 0.007211538461538462 0.008413461538461538
0 0.15504807692307693 0.22355769230769232 0.008413461538461538 0.008413461538461538
0 0.14543269230769232 0.23317307692307693 0.010817307692307692 0.010817307692307692
0 0.15384615384615385 0.24879807692307693 0.010817307692307692 0.010817307692307692
0 0.18028846153846154 0.2668269230769231 0.013221153846153846 0.010817307692307692
0 0.17908653846153846 0.2800480769230769 0.010817307692307692 0.010817307692307692
0 0.16105769230769232 0.35336538461538464 0.015625 0.013221153846153846
0 0.09615384615384616 0.21514423076923078 0.010817307692307692 0.007211538461538462
0 0.0733173076923077 0.22956730769230768 0.010817307692307692 0.008413461538461538
0 0.06129807692307692 0.23798076923076922 0.008413461538461538 0.007211538461538462
0 0.04567307692307692 0.24639423076923078 0.007211538461538462 0.007211538461538462
0 0.21394230769230768 0.3161057692307692 0.013221153846153846 0.010817307692307692
0 0.19951923076923078 0.3173076923076923 0.010817307692307692 0.008413461538461538
0 0.010817307692307692 0.2668269230769231 0.013221153846153846 0.010817307692307692
0 0.03365384615384615 0.2764423076923077 0.008413461538461538 0.008413461538461538
0 0.04326923076923077 0.265625 0.004807692307692308 0.004807692307692308
0 0.052884615384615384 0.2800480769230769 0.010817307692307692 0.010817307692307692
0 0.16105769230769232 0.3737980769230769 0.007211538461538462 0.008413461538461538
0 0.15985576923076922 0.38341346153846156 0.008413461538461538 0.008413461538461538
0 0.16947115384615385 0.38100961538461536 0.010817307692307692 0.008413461538461538
0 0.13341346153846154 0.41346153846153844 0.015625 0.010817307692307692
0 0.17908653846153846 0.3125 0.007211538461538462 0.004807692307692308
0 0.02403846153846154 0.34615384615384615 0.015625 0.015625
0 0.13581730769230768 0.3701923076923077 0.010817307692307692 0.015625
0 0.13341346153846154 0.45552884615384615 0.015625 0.018028846153846152
0 0.07451923076923077 0.3894230769230769 0.018028846153846152 0.018028846153846152
0 0.10576923076923077 0.4182692307692308 0.013221153846153846 0.010817307692307692
0 0.09254807692307693 0.42908653846153844 0.004807692307692308 0.007211538461538462
0 0.078125 0.44471153846153844 0.007211538461538462 0.010817307692307692
0 0.0889423076923077 0.4639423076923077 0.007211538461538462 0.008413461538461538
0 0.125 0.48677884615384615 0.010817307692307692 0.013221153846153846
0 0.14182692307692307 0.4807692307692308 0.008413461538461538 0.010817307692307692
0 0.006009615384615385 0.46274038461538464 0.010817307692307692 0.015625
0 0.013221153846153846 0.47596153846153844 0.013221153846153846 0.010817307692307692
0 0.015625 0.49038461538461536 0.008413461538461538 0.007211538461538462
0 0.109375 0.4987980769230769 0.010817307692307692 0.010817307692307692
0 0.09495192307692307 0.5096153846153846 0.008413461538461538 0.010817307692307692
0 0.078125 0.5168269230769231 0.010817307692307692 0.015625
0 0.0625 0.5264423076923077 0.013221153846153846 0.018028846153846152
0 0.04927884615384615 0.5408653846153846 0.013221153846153846 0.013221153846153846
0 0.030048076923076924 0.546875 0.010817307692307692 0.013221153846153846
0 0.04447115384615385 0.35697115384615385 0.008413461538461538 0.007211538461538462
0 0.026442307692307692 0.46875 0.007211538461538462 0.013221153846153846
0 0.2692307692307692 0.41586538461538464 0.007211538461538462 0.007211538461538462
0 0.22355769230769232 0.33774038461538464 0.008413461538461538 0.013221153846153846
0 0.17307692307692307 0.5661057692307693 0.013221153846153846 0.010817307692307692
0 0.19471153846153846 0.5504807692307693 0.010817307692307692 0.010817307692307692
0 0.14903846153846154 0.5805288461538461 0.008413461538461538 0.007211538461538462
0 0.12620192307692307 0.5961538461538461 0.008413461538461538 0.007211538461538462
0 0.07692307692307693 0.6237980769230769 0.008413461538461538 0.008413461538461538
0 0.054086538461538464 0.6394230769230769 0.008413461538461538 0.008413461538461538
0 0.03245192307692308 0.6165865384615384 0.007211538461538462 0.008413461538461538
0 0.018028846153846152 0.6322115384615384 0.008413461538461538 0.010817307692307692
0 0.5697115384615384 0.4170673076923077 0.008413461538461538 0.008413461538461538
0 0.5540865384615384 0.4326923076923077 0.008413461538461538 0.008413461538461538
0 0.0829326923076923 0.6502403846153846 0.008413461538461538 0.007211538461538462
0 0.12860576923076922 0.6213942307692307 0.008413461538461538 0.008413461538461538
0 0.11177884615384616 0.6021634615384616 0.007211538461538462 0.007211538461538462
0 0.9639423076923077 0.20432692307692307 0.008413461538461538 0.007211538461538462
0 0.9831730769230769 0.18870192307692307 0.007211538461538462 0.008413461538461538
0 0.22115384615384615 0.14302884615384615 0.03125 0.028846153846153848
0 0.27163461538461536 0.20432692307692307 0.028846153846153848 0.03365384615384615
0 0.41225961538461536 0.025240384615384616 0.018028846153846152 0.026442307692307692
0 0.53125 0.12860576923076922 0.03125 0.02283653846153846
0 0.7740384615384616 0.08653846153846154 0.015625 0.015625
0 0.7560096153846154 0.0985576923076923 0.015625 0.020432692307692308
0 0.6622596153846154 0.15504807692307693 0.02283653846153846 0.018028846153846152
0 0.5120192307692307 0.008413461538461538 0.010817307692307692 0.008413461538461538
0 0.5204326923076923 0.020432692307692308 0.008413461538461538 0.013221153846153846
0 0.53125 0.042067307692307696 0.013221153846153846 0.015625
0 0.5516826923076923 0.07211538461538461 0.008413461538461538 0.013221153846153846
0 0.7295673076923077 0.953125 0.018028846153846152 0.013221153846153846
0 0.7487980769230769 0.9591346153846154 0.010817307692307692 0.008413461538461538
0 0.7620192307692307 0.9663461538461539 0.007211538461538462 0.013221153846153846
0 0.6947115384615384 0.9411057692307693 0.007211538461538462 0.013221153846153846
0 0.13942307692307693 0.1875 0.013221153846153846 0.013221153846153846
0 0.1466346153846154 0.20673076923076922 0.018028846153846152 0.013221153846153846
0 0.057692307692307696 0.34975961538461536 0.010817307692307692 0.010817307692307692
0 0.1875 0.1875 0.010817307692307692 0.010817307692307692
0 0.2283653846153846 0.18870192307692307 0.010817307692307692 0.008413461538461538
0 0.21754807692307693 0.16466346153846154 0.015625 0.008413461538461538
0 0.25841346153846156 0.2403846153846154 0.010817307692307692 0.010817307692307692
0 0.3161057692307692 0.33413461538461536 0.010817307692307692 0.015625
0 0.3016826923076923 0.3954326923076923 0.013221153846153846 0.015625
0 0.2644230769230769 0.4014423076923077 0.010817307692307692 0.010817307692307692
0 0.16466346153846154 0.4338942307692308 0.013221153846153846 0.010817307692307692
0 0.8942307692307693 0.2932692307692308 0.018028846153846152 0.018028846153846152
0 0.8641826923076923 0.31490384615384615 0.015625 0.02283653846153846
0 0.9146634615384616 0.19591346153846154 0.013221153846153846 0.008413461538461538
0 0.9014423076923077 0.203125 0.018028846153846152 0.018028846153846152
0 0.7247596153846154 0.11298076923076923 0.018028846153846152 0.018028846153846152