0 0.4579326923076923 0.06850961538461539 0.015625 0.015625
0 0.4182692307692308 0.12620192307692307 0.010817307692307692 0.013221153846153846
0 0.5300480769230769 0.006009615384615385 0.013221153846153846 0.010817307692307692
0 0.16947115384615385 0.25600961538461536 0.013221153846153846 0.015625
0 0.15625 0.265625 0.015625 0.018028846153846152
0 0.09615384615384616 0.2608173076923077 0.010817307692307692 0.008413461538461538
0 0.10576923076923077 0.27403846153846156 0.013221153846153846 0.010817307692307692
0 0.07932692307692307 0.2776442307692308 0.013221153846153846 0.010817307692307692
0 0.027644230769230768 0.27524038461538464 0.020432692307692308 0.018028846153846152
0 0.08052884615384616 0.2439903846153846 0.015625 0.015625
0 0.030048076923076924 0.12139423076923077 0.010817307692307692 0.013221153846153846
0 0.054086538461538464 0.11177884615384616 0.008413461538461538 0.010817307692307692