0 0.5973557692307693 0.9411057692307693 0.008413461538461538 0.008413461538461538
0 0.04567307692307692 0.23317307692307693 0.020432692307692308 0.015625
0 0.046875 0.2127403846153846 0.026442307692307692 0.015625
0 0.04567307692307692 0.19831730769230768 0.025240384615384616 0.013221153846153846
0 0.10336538461538461 0.14182692307692307 0.013221153846153846 0.018028846153846152
0 0.1201923076923077 0.12379807692307693 0.015625 0.018028846153846152
0 0.13942307692307693 0.11658653846153846 0.02283653846153846 0.02283653846153846
0 0.15985576923076922 0.11177884615384616 0.013221153846153846 0.020432692307692308
0 0.17668269230769232 0.09615384615384616 0.015625 0.020432692307692308
0 0.390625 0.8449519230769231 0.015625 0.018028846153846152
0 0.41466346153846156 0.8305288461538461 0.008413461538461538 0.010817307692307692
0 0.4411057692307692 0.8149038461538461 0.018028846153846152 0.013221153846153846
0 0.49158653846153844 0.7908653846153846 0.018028846153846152 0.013221153846153846
0 0.5408653846153846 0.7704326923076923 0.013221153846153846 0.008413461538461538
0 0.5901442307692307 0.7463942307692307 0.02283653846153846 0.010817307692307692
0 0.6502403846153846 0.7271634615384616 0.020432692307692308 0.018028846153846152
0 0.5853365384615384 0.8774038461538461 0.018028846153846152 0.015625
0 0.6370192307692307 0.8569711538461539 0.013221153846153846 0.010817307692307692
0 0.6923076923076923 0.8389423076923077 0.015625 0.010817307692307692
0 0.5336538461538461 0.9014423076923077 0.008413461538461538 0.008413461538461538