0 0.17668269230769232 0.24278846153846154 0.010817307692307692 0.013221153846153846
0 0.18028846153846154 0.20432692307692307 0.008413461538461538 0.010817307692307692
0 0.17668269230769232 0.15625 0.010817307692307692 0.010817307692307692
0 0.13341346153846154 0.40865384615384615 0.010817307692307692 0.010817307692307692
0 0.10216346153846154 0.4074519230769231 0.010817307692307692 0.008413461538461538
0 0.0733173076923077 0.40625 0.010817307692307692 0.010817307692307692
0 0.06129807692307692 0.40865384615384615 0.013221153846153846 0.010817307692307692
0 0.04447115384615385 0.40865384615384615 0.008413461538461538 0.010817307692307692
0 0.028846153846153848 0.4098557692307692 0.013221153846153846 0.008413461538461538
0 0.16105769230769232 0.40865384615384615 0.010817307692307692 0.007211538461538462
0 0.18028846153846154 0.40865384615384615 0.013221153846153846 0.010817307692307692
0 0.020432692307692308 0.32572115384615385 0.013221153846153846 0.010817307692307692
0 0.02283653846153846 0.3112980769230769 0.008413461538461538 0.008413461538461538
0 0.020432692307692308 0.3004807692307692 0.013221153846153846 0.007211538461538462
0 0.020432692307692308 0.27283653846153844 0.008413461538461538 0.008413461538461538
0 0.016826923076923076 0.24519230769230768 0.007211538461538462 0.004807692307692308
0 0.1346153846153846 0.18990384615384615 0.008413461538461538 0.010817307692307692
0 0.040865384615384616 0.45913461538461536 0.008413461538461538 0.008413461538461538
0 0.009615384615384616 0.4579326923076923 0.007211538461538462 0.010817307692307692
0 0.0733173076923077 0.46274038461538464 0.010817307692307692 0.010817307692307692
0 0.11658653846153846 0.45552884615384615 0.007211538461538462 0.010817307692307692
0 0.1814903846153846 0.4579326923076923 0.007211538461538462 0.007211538461538462
0 0.17548076923076922 0.4699519230769231 0.013221153846153846 0.010817307692307692
0 0.18028846153846154 0.4807692307692308 0.008413461538461538 0.010817307692307692
0 0.17908653846153846 0.4963942307692308 0.010817307692307692 0.007211538461538462
0 0.17908653846153846 0.5096153846153846 0.007211538461538462 0.015625
0 0.17668269230769232 0.5264423076923077 0.007211538461538462 0.008413461538461538
0 0.17548076923076922 0.5384615384615384 0.008413461538461538 0.008413461538461538
0 0.17668269230769232 0.5504807692307693 0.007211538461538462 0.007211538461538462
0 0.17548076923076922 0.5625 0.008413461538461538 0.008413461538461538
0 0.18269230769230768 0.5745192307692307 0.008413461538461538 0.008413461538461538
0 0.17908653846153846 0.5865384615384616 0.007211538461538462 0.007211538461538462
0 0.1814903846153846 0.5973557692307693 0.010817307692307692 0.008413461538461538
0 0.18028846153846154 0.6105769230769231 0.008413461538461538 0.008413461538461538
0 0.18028846153846154 0.7572115384615384 0.008413461538461538 0.018028846153846152
0 0.1814903846153846 0.7752403846153846 0.007211538461538462 0.008413461538461538
0 0.18028846153846154 0.7920673076923077 0.008413461538461538 0.007211538461538462
0 0.18389423076923078 0.8173076923076923 0.007211538461538462 0.008413461538461538
0 0.18389423076923078 0.8617788461538461 0.007211538461538462 0.007211538461538462
0 0.1875 0.8473557692307693 0.008413461538461538 0.008413461538461538
0 0.18509615384615385 0.8834134615384616 0.008413461538461538 0.010817307692307692
0 0.16105769230769232 0.9290865384615384 0.010817307692307692 0.010817307692307692
0 0.18509615384615385 0.9050480769230769 0.008413461538461538 0.008413461538461538
0 0.0625 0.8605769230769231 0.013221153846153846 0.013221153846153846
0 0.07451923076923077 0.8401442307692307 0.008413461538461538 0.008413461538461538
0 0.07451923076923077 0.828125 0.008413461538461538 0.007211538461538462
0 0.0733173076923077 0.8161057692307693 0.007211538461538462 0.007211538461538462
0 0.039663461538461536 0.8185096153846154 0.007211538461538462 0.007211538461538462
0 0.03485576923076923 0.7872596153846154 0.007211538461538462 0.007211538461538462
0 0.03125 0.7524038461538461 0.008413461538461538 0.008413461538461538
0 0.1310096153846154 0.9411057692307693 0.004807692307692308 0.004807692307692308
0 0.028846153846153848 0.036057692307692304 0.008413461538461538 0.008413461538461538
0 0.05048076923076923 0.03125 0.007211538461538462 0.008413461538461538
0 0.046875 0.014423076923076924 0.008413461538461538 0.007211538461538462
0 0.06610576923076923 0.014423076923076924 0.007211538461538462 0.007211538461538462
0 0.08413461538461539 0.013221153846153846 0.007211538461538462 0.008413461538461538
0 0.027644230769230768 0.016826923076923076 0.007211538461538462 0.010817307692307692