0 0.2824519230769231 0.9867788461538461 0.015625 0.018028846153846152
0 0.6526442307692307 0.5805288461538461 0.013221153846153846 0.015625
0 0.6442307692307693 0.9375 0.013221153846153846 0.018028846153846152
0 0.109375 0.025240384615384616 0.015625 0.013221153846153846
0 0.12620192307692307 0.08653846153846154 0.013221153846153846 0.010817307692307692
0 0.1201923076923077 0.07451923076923077 0.015625 0.008413461538461538
0 0.12980769230769232 0.10576923076923077 0.010817307692307692 0.013221153846153846
0 0.296875 0.8870192307692307 0.008413461538461538 0.008413461538461538
0 0.30408653846153844 0.6454326923076923 0.008413461538461538 0.010817307692307692
0 0.8149038461538461 0.8665865384615384 0.013221153846153846 0.015625
0 0.7235576923076923 0.8653846153846154 0.013221153846153846 0.013221153846153846
0 0.8834134615384616 0.8665865384615384 0.020432692307692308 0.015625
0 0.9110576923076923 0.8665865384615384 0.010817307692307692 0.008413461538461538
0 0.8341346153846154 0.9423076923076923 0.010817307692307692 0.010817307692307692
0 0.9723557692307693 0.7199519230769231 0.015625 0.010817307692307692
0 0.9711538461538461 0.6598557692307693 0.018028846153846152 0.008413461538461538
0 0.7524038461538461 0.6033653846153846 0.018028846153846152 0.013221153846153846
0 0.9651442307692307 0.6899038461538461 0.015625 0.015625
0 0.8822115384615384 0.7055288461538461 0.010817307692307692 0.013221153846153846
0 0.8762019230769231 0.71875 0.008413461538461538 0.008413461538461538
0 0.7764423076923077 0.6802884615384616 0.010817307692307692 0.008413461538461538
0 0.8004807692307693 0.6814903846153846 0.010817307692307692 0.015625
0 0.953125 0.5504807692307693 0.018028846153846152 0.020432692307692308
0 0.6682692307692307 0.8918269230769231 0.015625 0.008413461538461538
0 0.5973557692307693 0.5264423076923077 0.013221153846153846 0.015625
0 0.8149038461538461 0.5552884615384616 0.008413461538461538 0.007211538461538462
0 0.6634615384615384 0.5444711538461539 0.010817307692307692 0.010817307692307692
0 0.6754807692307693 0.5673076923076923 0.008413461538461538 0.008413461538461538
0 0.7295673076923077 0.6586538461538461 0.013221153846153846 0.010817307692307692
0 0.7115384615384616 0.6622596153846154 0.008413461538461538 0.008413461538461538
0 0.7884615384615384 0.7103365384615384 0.013221153846153846 0.015625
0 0.5769230769230769 0.5228365384615384 0.008413461538461538 0.008413461538461538
0 0.15504807692307693 0.016826923076923076 0.026442307692307692 0.028846153846153848
0 0.1622596153846154 0.057692307692307696 0.026442307692307692 0.020432692307692308
0 0.16466346153846154 0.078125 0.018028846153846152 0.015625