0 0.5228365384615384 0.7644230769230769 0.008413461538461538 0.007211538461538462
0 0.5132211538461539 0.8064903846153846 0.008413461538461538 0.008413461538461538
0 0.9915865384615384 0.5084134615384616 0.013221153846153846 0.018028846153846152
0 0.9471153846153846 0.5576923076923077 0.015625 0.015625
0 0.37259615384615385 0.9014423076923077 0.015625 0.020432692307692308
0 0.4951923076923077 0.9326923076923077 0.013221153846153846 0.013221153846153846
0 0.5264423076923077 0.9182692307692307 0.010817307692307692 0.010817307692307692
0 0.5096153846153846 0.9711538461538461 0.010817307692307692 0.008413461538461538
0 0.5252403846153846 0.9447115384615384 0.008413461538461538 0.010817307692307692
0 0.5204326923076923 0.9915865384615384 0.008413461538461538 0.008413461538461538
0 0.4014423076923077 0.890625 0.013221153846153846 0.010817307692307692
0 0.40024038461538464 0.9302884615384616 0.007211538461538462 0.008413461538461538
0 0.3629807692307692 0.7572115384615384 0.008413461538461538 0.018028846153846152
0 0.3701923076923077 0.7788461538461539 0.007211538461538462 0.008413461538461538
0 0.5300480769230769 0.6790865384615384 0.010817307692307692 0.010817307692307692
0 0.5492788461538461 0.6935096153846154 0.013221153846153846 0.008413461538461538
0 0.5084134615384616 0.7055288461538461 0.008413461538461538 0.008413461538461538
0 0.5504807692307693 0.5697115384615384 0.007211538461538462 0.013221153846153846
0 0.5 0.7776442307692307 0.013221153846153846 0.010817307692307692
0 0.18269230769230768 0.9879807692307693 0.013221153846153846 0.015625
0 0.33533653846153844 0.8858173076923077 0.013221153846153846 0.010817307692307692
0 0.5012019230769231 0.8413461538461539 0.020432692307692308 0.015625
0 0.1310096153846154 0.9915865384615384 0.013221153846153846 0.013221153846153846
0 0.36658653846153844 0.8052884615384616 0.03125 0.020432692307692308