0 0.9290865384615384 0.796875 0.015625 0.018028846153846152
0 0.6706730769230769 0.5120192307692307 0.018028846153846152 0.020432692307692308
0 0.8966346153846154 0.9411057692307693 0.018028846153846152 0.018028846153846152
0 0.9206730769230769 0.984375 0.02283653846153846 0.02283653846153846
0 0.953125 0.8689903846153846 0.013221153846153846 0.013221153846153846
0 0.9855769230769231 0.8689903846153846 0.015625 0.018028846153846152
0 0.9350961538461539 0.04326923076923077 0.018028846153846152 0.02283653846153846
0 0.8485576923076923 0.16947115384615385 0.015625 0.018028846153846152
0 0.8173076923076923 0.17427884615384615 0.008413461538461538 0.010817307692307692
0 0.8064903846153846 0.2247596153846154 0.013221153846153846 0.02283653846153846
0 0.7487980769230769 0.09134615384615384 0.010817307692307692 0.010817307692307692
0 0.9471153846153846 0.8317307692307693 0.015625 0.015625
0 0.6682692307692307 0.057692307692307696 0.020432692307692308 0.020432692307692308
0 0.6358173076923077 0.6971153846153846 0.028846153846153848 0.03365384615384615
0 0.21634615384615385 0.7692307692307693 0.03125 0.038461538461538464
0 0.12980769230769232 0.4987980769230769 0.015625 0.015625