0 0.7451923076923077 0.12860576923076922 0.013221153846153846 0.02283653846153846
0 0.7824519230769231 0.21754807692307693 0.025240384615384616 0.020432692307692308
0 0.3629807692307692 0.5973557692307693 0.02283653846153846 0.018028846153846152
0 0.3629807692307692 0.6141826923076923 0.02283653846153846 0.020432692307692308
0 0.7331730769230769 0.7127403846153846 0.015625 0.020432692307692308
0 0.7007211538461539 0.7175480769230769 0.013221153846153846 0.010817307692307692
0 0.7151442307692307 0.5108173076923077 0.020432692307692308 0.018028846153846152
0 0.5264423076923077 0.5504807692307693 0.018028846153846152 0.015625
0 0.5204326923076923 0.5084134615384616 0.013221153846153846 0.018028846153846152
0 0.6670673076923077 0.7211538461538461 0.008413461538461538 0.018028846153846152
0 0.6382211538461539 0.7211538461538461 0.015625 0.013221153846153846
0 0.6201923076923077 0.7199519230769231 0.010817307692307692 0.010817307692307692
0 0.7584134615384616 0.7199519230769231 0.008413461538461538 0.015625
0 0.7764423076923077 0.7151442307692307 0.010817307692307692 0.010817307692307692
0 0.7379807692307693 0.6850961538461539 0.010817307692307692 0.013221153846153846
0 0.5649038461538461 0.5060096153846154 0.018028846153846152 0.015625
0 0.8088942307692307 0.7163461538461539 0.008413461538461538 0.013221153846153846
0 0.8245192307692307 0.7127403846153846 0.004807692307692308 0.015625
0 0.8401442307692307 0.7139423076923077 0.008413461538461538 0.018028846153846152
0 0.8605769230769231 0.7127403846153846 0.013221153846153846 0.020432692307692308
0 0.8786057692307693 0.7127403846153846 0.008413461538461538 0.025240384615384616
0 0.8930288461538461 0.7103365384615384 0.007211538461538462 0.015625
0 0.9086538461538461 0.7115384615384616 0.010817307692307692 0.018028846153846152
0 0.7668269230769231 0.5 0.010817307692307692 0.018028846153846152
0 0.8533653846153846 0.5108173076923077 0.018028846153846152 0.013221153846153846
0 0.9314903846153846 0.18629807692307693 0.010817307692307692 0.015625
0 0.6754807692307693 0.09735576923076923 0.013221153846153846 0.013221153846153846
0 0.6850961538461539 0.5084134615384616 0.013221153846153846 0.007211538461538462
0 0.7403846153846154 0.5516826923076923 0.007211538461538462 0.008413461538461538
0 0.6935096153846154 0.5480769230769231 0.013221153846153846 0.010817307692307692
0 0.6730769230769231 0.5480769230769231 0.008413461538461538 0.010817307692307692
0 0.6514423076923077 0.5504807692307693 0.010817307692307692 0.010817307692307692
0 0.46875 0.49158653846153844 0.013221153846153846 0.010817307692307692
0 0.703125 0.7403846153846154 0.013221153846153846 0.010817307692307692
0 0.7079326923076923 0.7572115384615384 0.015625 0.013221153846153846
0 0.703125 0.7800480769230769 0.013221153846153846 0.015625
0 0.9459134615384616 0.5132211538461539 0.02283653846153846 0.013221153846153846
0 0.9519230769230769 0.5384615384615384 0.015625 0.018028846153846152
0 0.9507211538461539 0.5685096153846154 0.018028846153846152 0.015625
0 0.9495192307692307 0.59375 0.015625 0.020432692307692308
0 0.40384615384615385 0.5168269230769231 0.020432692307692308 0.015625
0 0.025240384615384616 0.8245192307692307 0.013221153846153846 0.013221153846153846
0 0.4026442307692308 0.7884615384615384 0.013221153846153846 0.013221153846153846
0 0.5060096153846154 0.8257211538461539 0.015625 0.010817307692307692
0 0.46033653846153844 0.5829326923076923 0.015625 0.018028846153846152
0 0.9110576923076923 0.18990384615384615 0.010817307692307692 0.015625
0 0.7211538461538461 0.11658653846153846 0.008413461538461538 0.013221153846153846
0 0.7151442307692307 0.1935096153846154 0.007211538461538462 0.008413461538461538
0 0.7283653846153846 0.19471153846153846 0.010817307692307692 0.010817307692307692
0 0.7439903846153846 0.19110576923076922 0.007211538461538462 0.008413461538461538
0 0.5709134615384616 0.203125 0.010817307692307692 0.013221153846153846
0 0.5300480769230769 0.23317307692307693 0.015625 0.020432692307692308
0 0.5288461538461539 0.2536057692307692 0.008413461538461538 0.010817307692307692
0 0.53125 0.2668269230769231 0.008413461538461538 0.010817307692307692
0 0.5300480769230769 0.28365384615384615 0.010817307692307692 0.008413461538461538
0 0.6790865384615384 0.49158653846153844 0.010817307692307692 0.015625
0 0.6947115384615384 0.49158653846153844 0.010817307692307692 0.013221153846153846
0 0.6646634615384616 0.49158653846153844 0.013221153846153846 0.010817307692307692
0 0.578125 0.71875 0.010817307692307692 0.013221153846153846
0 0.59375 0.7127403846153846 0.010817307692307692 0.010817307692307692
0 0.5612980769230769 0.7115384615384616 0.013221153846153846 0.013221153846153846
0 0.9543269230769231 0.6466346153846154 0.010817307692307692 0.008413461538461538
0 0.953125 0.6778846153846154 0.008413461538461538 0.008413461538461538
0 0.9483173076923077 0.7055288461538461 0.008413461538461538 0.008413461538461538
0 0.7860576923076923 0.8497596153846154 0.013221153846153846 0.010817307692307692
0 0.4879807692307692 0.8088942307692307 0.015625 0.013221153846153846
0 0.2956730769230769 0.9819711538461539 0.010817307692307692 0.008413461538461538
0 0.026442307692307692 0.9026442307692307 0.008413461538461538 0.008413461538461538
0 0.015625 0.9158653846153846 0.008413461538461538 0.007211538461538462
0 0.025240384615384616 0.9290865384615384 0.008413461538461538 0.007211538461538462
0 0.515625 0.9711538461538461 0.008413461538461538 0.013221153846153846
0 0.037259615384615384 0.7644230769230769 0.010817307692307692 0.010817307692307692
0 0.028846153846153848 0.3894230769230769 0.008413461538461538 0.008413461538461538
0 0.37740384615384615 0.6334134615384616 0.025240384615384616 0.013221153846153846
0 0.38341346153846156 0.6466346153846154 0.008413461538461538 0.008413461538461538
0 0.38461538461538464 0.6598557692307693 0.008413461538461538 0.008413461538461538
0 0.3701923076923077 0.5144230769230769 0.015625 0.015625
0 0.3641826923076923 0.5288461538461539 0.010817307692307692 0.008413461538461538
0 0.36658653846153844 0.5432692307692307 0.013221153846153846 0.013221153846153846
0 0.3605769230769231 0.5564903846153846 0.013221153846153846 0.013221153846153846
0 0.3713942307692308 0.5721153846153846 0.013221153846153846 0.013221153846153846
0 0.3762019230769231 0.49158653846153844 0.008413461538461538 0.010817307692307692
0 0.46153846153846156 0.6141826923076923 0.008413461538461538 0.010817307692307692
0 0.35336538461538464 0.4831730769230769 0.008413461538461538 0.007211538461538462
0 0.33413461538461536 0.4807692307692308 0.007211538461538462 0.007211538461538462
0 0.31971153846153844 0.484375 0.013221153846153846 0.008413461538461538
0 0.3485576923076923 0.4951923076923077 0.010817307692307692 0.008413461538461538
0 0.3317307692307692 0.4963942307692308 0.007211538461538462 0.010817307692307692
0 0.30288461538461536 0.48677884615384615 0.010817307692307692 0.008413461538461538
0 0.11658653846153846 0.49158653846153844 0.007211538461538462 0.008413461538461538
0 0.10336538461538461 0.49158653846153844 0.008413461538461538 0.008413461538461538
0 0.0889423076923077 0.49158653846153844 0.007211538461538462 0.008413461538461538
0 0.26802884615384615 0.49399038461538464 0.013221153846153846 0.007211538461538462
0 0.24278846153846154 0.49278846153846156 0.008413461538461538 0.008413461538461538
0 0.22716346153846154 0.49278846153846156 0.008413461538461538 0.008413461538461538
0 0.07451923076923077 0.49278846153846156 0.004807692307692308 0.008413461538461538
0 0.0625 0.49278846153846156 0.007211538461538462 0.008413461538461538
0 0.04567307692307692 0.49158653846153844 0.007211538461538462 0.007211538461538462
0 0.1466346153846154 0.28846153846153844 0.008413461538461538 0.008413461538461538
0 0.15384615384615385 0.14423076923076922 0.010817307692307692 0.013221153846153846
0 0.11899038461538461 0.0733173076923077 0.008413461538461538 0.010817307692307692
0 0.06009615384615385 0.019230769230769232 0.010817307692307692 0.010817307692307692
0 0.06370192307692307 0.08533653846153846 0.010817307692307692 0.013221153846153846
0 0.054086538461538464 0.14182692307692307 0.008413461538461538 0.013221153846153846
0 0.019230769230769232 0.1658653846153846 0.010817307692307692 0.010817307692307692
0 0.046875 0.17548076923076922 0.008413461538461538 0.008413461538461538
0 0.08052884615384616 0.21754807692307693 0.008413461538461538 0.010817307692307692
0 0.34134615384615385 0.1778846153846154 0.010817307692307692 0.013221153846153846
0 0.29927884615384615 0.15504807692307693 0.008413461538461538 0.008413461538461538
0 0.5805288461538461 0.1778846153846154 0.007211538461538462 0.008413461538461538
0 0.5408653846153846 0.20552884615384615 0.004807692307692308 0.013221153846153846
0 0.5625 0.22355769230769232 0.008413461538461538 0.008413461538461538
0 0.515625 0.21394230769230768 0.008413461538461538 0.008413461538461538
0 0.6658653846153846 0.18990384615384615 0.007211538461538462 0.010817307692307692
0 0.7139423076923077 0.13822115384615385 0.008413461538461538 0.010817307692307692
0 0.7716346153846154 0.03365384615384615 0.007211538461538462 0.008413461538461538
0 0.5865384615384616 0.41225961538461536 0.007211538461538462 0.008413461538461538
0 0.6033653846153846 0.41225961538461536 0.004807692307692308 0.008413461538461538
0 0.5336538461538461 0.42788461538461536 0.008413461538461538 0.008413461538461538
0 0.4855769230769231 0.42427884615384615 0.007211538461538462 0.007211538461538462
0 0.49278846153846156 0.48677884615384615 0.008413461538461538 0.008413461538461538
0 0.46634615384615385 0.5264423076923077 0.008413461538461538 0.007211538461538462
0 0.46274038461538464 0.5444711538461539 0.007211538461538462 0.007211538461538462
0 0.5925480769230769 0.5048076923076923 0.008413461538461538 0.008413461538461538
0 0.29447115384615385 0.1141826923076923 0.008413461538461538 0.010817307692307692
0 0.037259615384615384 0.7463942307692307 0.010817307692307692 0.010817307692307692
0 0.036057692307692304 0.7283653846153846 0.008413461538461538 0.010817307692307692
0 0.040865384615384616 0.71875 0.013221153846153846 0.013221153846153846
0 0.171875 0.7524038461538461 0.010817307692307692 0.008413461538461538
0 0.17548076923076922 0.7704326923076923 0.018028846153846152 0.018028846153846152
0 0.17427884615384615 0.7884615384615384 0.015625 0.008413461538461538
0 0.19591346153846154 0.8149038461538461 0.013221153846153846 0.013221153846153846
0 0.17307692307692307 0.8245192307692307 0.013221153846153846 0.008413461538461538
0 0.9807692307692307 0.2536057692307692 0.007211538461538462 0.010817307692307692
0 0.9819711538461539 0.2704326923076923 0.008413461538461538 0.008413461538461538
0 0.9819711538461539 0.2848557692307692 0.008413461538461538 0.007211538461538462
0 0.9831730769230769 0.3004807692307692 0.007211538461538462 0.010817307692307692
0 0.8713942307692307 0.1875 0.008413461538461538 0.008413461538461538
0 0.8100961538461539 0.18269230769230768 0.010817307692307692 0.008413461538461538
0 0.5180288461538461 0.7776442307692307 0.008413461538461538 0.010817307692307692
0 0.025240384615384616 0.9663461538461539 0.013221153846153846 0.008413461538461538
0 0.026442307692307692 0.9783653846153846 0.010817307692307692 0.007211538461538462
0 0.025240384615384616 0.9903846153846154 0.008413461538461538 0.007211538461538462
0 0.41346153846153844 0.8966346153846154 0.010817307692307692 0.013221153846153846
0 0.3798076923076923 0.8966346153846154 0.010817307692307692 0.018028846153846152
0 0.140625 0.31490384615384615 0.015625 0.018028846153846152
0 0.025240384615384616 0.359375 0.018028846153846152 0.025240384615384616
0 0.09735576923076923 0.9122596153846154 0.02283653846153846 0.013221153846153846
0 0.15264423076923078 0.7139423076923077 0.013221153846153846 0.013221153846153846
0 0.828125 0.8834134615384616 0.020432692307692308 0.028846153846153848
0 0.6550480769230769 0.1201923076923077 0.018028846153846152 0.015625
0 0.6947115384615384 0.16947115384615385 0.015625 0.018028846153846152
0 0.8461538461538461 0.21754807692307693 0.020432692307692308 0.010817307692307692
0 0.875 0.2127403846153846 0.015625 0.025240384615384616
0 0.6923076923076923 0.140625 0.010817307692307692 0.015625
0 0.17427884615384615 0.30288461538461536 0.015625 0.025240384615384616
0 0.18509615384615385 0.8533653846153846 0.026442307692307692 0.03125
0 0.46033653846153844 0.421875 0.010817307692307692 0.010817307692307692
0 0.4387019230769231 0.4206730769230769 0.008413461538461538 0.008413461538461538
0 0.41947115384615385 0.42427884615384615 0.015625 0.010817307692307692
0 0.40024038461538464 0.4206730769230769 0.007211538461538462 0.008413461538461538
0 0.38341346153846156 0.4206730769230769 0.013221153846153846 0.008413461538461538
0 0.3641826923076923 0.4230769230769231 0.010817307692307692 0.013221153846153846
0 0.34615384615384615 0.4206730769230769 0.010817307692307692 0.008413461538461538
0 0.32572115384615385 0.421875 0.010817307692307692 0.010817307692307692
0 0.3076923076923077 0.421875 0.010817307692307692 0.010817307692307692
0 0.28846153846153844 0.4206730769230769 0.008413461538461538 0.008413461538461538
0 0.2704326923076923 0.4206730769230769 0.013221153846153846 0.013221153846153846
0 0.2512019230769231 0.4206730769230769 0.010817307692307692 0.008413461538461538
0 0.23317307692307693 0.4206730769230769 0.007211538461538462 0.008413461538461538
0 0.21394230769230768 0.421875 0.008413461538461538 0.007211538461538462
0 0.1935096153846154 0.41947115384615385 0.008413461538461538 0.007211538461538462
0 0.20793269230769232 0.4891826923076923 0.007211538461538462 0.008413461538461538
0 0.004807692307692308 0.41947115384615385 0.009615384615384616 0.009615384615384616
0 0.037259615384615384 0.038461538461538464 0.015625 0.018028846153846152
0 0.030048076923076924 0.054086538461538464 0.010817307692307692 0.013221153846153846
0 0.018028846153846152 0.08173076923076923 0.008413461538461538 0.010817307692307692
0 0.002403846153846154 0.14783653846153846 0.004807692307692308 0.007211538461538462
0 0.19230769230769232 0.4807692307692308 0.007211538461538462 0.007211538461538462