0 0.8942307692307693 0.8834134615384616 0.013221153846153846 0.015625
0 0.8197115384615384 0.9435096153846154 0.013221153846153846 0.013221153846153846
0 0.8245192307692307 0.9158653846153846 0.008413461538461538 0.010817307692307692
0 0.8233173076923077 0.9254807692307693 0.010817307692307692 0.008413461538461538
0 0.8269230769230769 0.9903846153846154 0.008413461538461538 0.010817307692307692
0 0.7391826923076923 0.8822115384615384 0.013221153846153846 0.010817307692307692
0 0.7536057692307693 0.8834134615384616 0.010817307692307692 0.013221153846153846
0 0.796875 0.8918269230769231 0.008413461538461538 0.004807692307692308
0 0.78125 0.8954326923076923 0.008413461538461538 0.007211538461538462
0 0.7860576923076923 0.9074519230769231 0.013221153846153846 0.013221153846153846
0 0.828125 0.8305288461538461 0.015625 0.015625
0 0.7788461538461539 0.8305288461538461 0.008413461538461538 0.007211538461538462
0 0.7896634615384616 0.8269230769230769 0.010817307692307692 0.008413461538461538
0 0.8125 0.8149038461538461 0.010817307692307692 0.008413461538461538
0 0.8677884615384616 0.8257211538461539 0.010817307692307692 0.010817307692307692
0 0.8605769230769231 0.8040865384615384 0.013221153846153846 0.008413461538461538
0 0.9002403846153846 0.8305288461538461 0.010817307692307692 0.015625
0 0.9194711538461539 0.8293269230769231 0.008413461538461538 0.013221153846153846
0 0.9399038461538461 0.8329326923076923 0.015625 0.008413461538461538
0 0.9567307692307693 0.8269230769230769 0.013221153846153846 0.013221153846153846
0 0.9579326923076923 0.6790865384615384 0.015625 0.010817307692307692
0 0.9423076923076923 0.6923076923076923 0.010817307692307692 0.010817307692307692
0 0.6742788461538461 0.7067307692307693 0.015625 0.013221153846153846
0 0.6177884615384616 0.8233173076923077 0.015625 0.015625
0 0.6598557692307693 0.7944711538461539 0.013221153846153846 0.008413461538461538
0 0.6682692307692307 0.7355769230769231 0.010817307692307692 0.007211538461538462
0 0.6694711538461539 0.7451923076923077 0.010817307692307692 0.008413461538461538
0 0.6706730769230769 0.7584134615384616 0.008413461538461538 0.010817307692307692
0 0.6766826923076923 0.7716346153846154 0.010817307692307692 0.015625
0 0.6478365384615384 0.6887019230769231 0.010817307692307692 0.013221153846153846
0 0.6298076923076923 0.6887019230769231 0.010817307692307692 0.008413461538461538
0 0.5817307692307693 0.6899038461538461 0.010817307692307692 0.010817307692307692
0 0.5612980769230769 0.6875 0.013221153846153846 0.015625
0 0.5384615384615384 0.6875 0.008413461538461538 0.007211538461538462
0 0.59375 0.6081730769230769 0.010817307692307692 0.013221153846153846
0 0.4675480769230769 0.7680288461538461 0.010817307692307692 0.013221153846153846
0 0.4831730769230769 0.7728365384615384 0.007211538461538462 0.013221153846153846
0 0.4963942307692308 0.7740384615384616 0.010817307692307692 0.015625
0 0.44591346153846156 0.78125 0.013221153846153846 0.013221153846153846
0 0.45072115384615385 0.8052884615384616 0.008413461538461538 0.007211538461538462
0 0.4519230769230769 0.8221153846153846 0.010817307692307692 0.013221153846153846
0 0.49278846153846156 0.8221153846153846 0.008413461538461538 0.013221153846153846
0 0.5108173076923077 0.8233173076923077 0.008413461538461538 0.010817307692307692
0 0.42788461538461536 0.7908653846153846 0.008413461538461538 0.013221153846153846
0 0.4855769230769231 0.9807692307692307 0.015625 0.010817307692307692
0 0.14543269230769232 0.8076923076923077 0.007211538461538462 0.007211538461538462
0 0.1502403846153846 0.8245192307692307 0.007211538461538462 0.008413461538461538
0 0.27884615384615385 0.7548076923076923 0.013221153846153846 0.013221153846153846
0 0.27283653846153844 0.7415865384615384 0.013221153846153846 0.010817307692307692
0 0.25240384615384615 0.7572115384615384 0.008413461538461538 0.013221153846153846
0 0.27403846153846156 0.7740384615384616 0.010817307692307692 0.010817307692307692
0 0.28365384615384615 0.7860576923076923 0.008413461538461538 0.008413461538461538
0 0.5444711538461539 0.7884615384615384 0.008413461538461538 0.008413461538461538
0 0.6021634615384616 0.7920673076923077 0.010817307692307692 0.015625
0 0.5877403846153846 0.8209134615384616 0.013221153846153846 0.010817307692307692
0 0.4375 0.40625 0.013221153846153846 0.015625
0 0.5673076923076923 0.4326923076923077 0.008413461538461538 0.008413461538461538
0 0.5925480769230769 0.40384615384615385 0.013221153846153846 0.020432692307692308
0 0.6646634615384616 0.4362980769230769 0.018028846153846152 0.020432692307692308
0 0.06971153846153846 0.5300480769230769 0.013221153846153846 0.015625
0 0.984375 0.453125 0.02283653846153846 0.02283653846153846
0 0.6466346153846154 0.17307692307692307 0.02283653846153846 0.02283653846153846
0 0.08173076923076923 0.25721153846153844 0.020432692307692308 0.018028846153846152
0 0.296875 0.07932692307692307 0.026442307692307692 0.02283653846153846
0 0.15985576923076922 0.04447115384615385 0.026442307692307692 0.026442307692307692
0 0.5264423076923077 0.3581730769230769 0.02283653846153846 0.02283653846153846
0 0.04447115384615385 0.296875 0.013221153846153846 0.013221153846153846