0 0.003605769230769231 0.5432692307692307 0.007211538461538462 0.008413461538461538
0 0.003605769230769231 0.5216346153846154 0.007211538461538462 0.007211538461538462
0 0.078125 0.8725961538461539 0.020432692307692308 0.015625
0 0.10697115384615384 0.9939903846153846 0.007211538461538462 0.007211538461538462
0 0.1935096153846154 0.9939903846153846 0.008413461538461538 0.007211538461538462
0 0.23557692307692307 0.9939903846153846 0.007211538461538462 0.007211538461538462
0 0.25 0.9939903846153846 0.004807692307692308 0.007211538461538462
0 0.2620192307692308 0.9951923076923077 0.007211538461538462 0.004807692307692308
0 0.39663461538461536 0.9675480769230769 0.008413461538461538 0.007211538461538462
0 0.3389423076923077 0.9663461538461539 0.007211538461538462 0.008413461538461538
0 0.3293269230769231 0.9663461538461539 0.008413461538461538 0.008413461538461538
0 0.29927884615384615 0.9675480769230769 0.008413461538461538 0.007211538461538462
0 0.2848557692307692 0.9663461538461539 0.007211538461538462 0.004807692307692308
0 0.26322115384615385 0.9663461538461539 0.008413461538461538 0.008413461538461538
0 0.21394230769230768 0.9663461538461539 0.008413461538461538 0.008413461538461538
0 0.19951923076923078 0.9651442307692307 0.007211538461538462 0.007211538461538462
0 0.07692307692307693 0.9747596153846154 0.008413461538461538 0.008413461538461538
0 0.078125 0.030048076923076924 0.007211538461538462 0.010817307692307692
0 0.09495192307692307 0.05048076923076923 0.013221153846153846 0.015625
0 0.09375 0.06850961538461539 0.010817307692307692 0.010817307692307692
0 0.10336538461538461 0.08653846153846154 0.018028846153846152 0.010817307692307692
0 0.12620192307692307 0.14903846153846154 0.013221153846153846 0.013221153846153846
0 0.08052884615384616 0.08774038461538461 0.015625 0.013221153846153846
0 0.09495192307692307 0.019230769230769232 0.008413461538461538 0.010817307692307692
0 0.0829326923076923 0.1466346153846154 0.013221153846153846 0.008413461538461538
0 0.07932692307692307 0.17427884615384615 0.018028846153846152 0.015625
0 0.08052884615384616 0.19951923076923078 0.015625 0.010817307692307692
0 0.08052884615384616 0.21394230769230768 0.013221153846153846 0.008413461538461538
0 0.08173076923076923 0.23918269230769232 0.015625 0.013221153846153846
0 0.07692307692307693 0.25961538461538464 0.013221153846153846 0.015625
0 0.08052884615384616 0.28966346153846156 0.018028846153846152 0.015625
0 0.07451923076923077 0.3173076923076923 0.013221153846153846 0.013221153846153846
0 0.14423076923076922 0.34134615384615385 0.013221153846153846 0.010817307692307692
0 0.1502403846153846 0.15384615384615385 0.010817307692307692 0.010817307692307692
0 0.08052884615384616 0.34615384615384615 0.015625 0.010817307692307692
0 0.08052884615384616 0.3737980769230769 0.010817307692307692 0.008413461538461538
0 0.078125 0.40024038461538464 0.010817307692307692 0.010817307692307692
0 0.13221153846153846 0.42908653846153844 0.007211538461538462 0.007211538461538462
0 0.07692307692307693 0.42788461538461536 0.008413461538461538 0.008413461538461538
0 0.0733173076923077 0.4567307692307692 0.010817307692307692 0.018028846153846152
0 0.20673076923076922 0.4266826923076923 0.013221153846153846 0.010817307692307692
0 0.08052884615384616 0.48677884615384615 0.015625 0.013221153846153846
0 0.078125 0.5420673076923077 0.010817307692307692 0.010817307692307692
0 0.07932692307692307 0.5132211538461539 0.013221153846153846 0.013221153846153846
0 0.18509615384615385 0.515625 0.008413461538461538 0.008413461538461538
0 0.07572115384615384 0.7055288461538461 0.010817307692307692 0.015625
0 0.07572115384615384 0.640625 0.010817307692307692 0.010817307692307692
0 0.07572115384615384 0.6105769230769231 0.015625 0.02283653846153846
0 0.07692307692307693 0.5697115384615384 0.008413461538461538 0.008413461538461538
0 0.07692307692307693 0.7415865384615384 0.018028846153846152 0.008413461538461538
0 0.07692307692307693 0.7692307692307693 0.013221153846153846 0.010817307692307692
0 0.078125 0.7956730769230769 0.010817307692307692 0.007211538461538462
0 0.5264423076923077 0.9831730769230769 0.015625 0.025240384615384616
0 0.9615384615384616 0.5300480769230769 0.013221153846153846 0.015625
0 0.7908653846153846 0.4387019230769231 0.013221153846153846 0.018028846153846152
0 0.21153846153846154 0.008413461538461538 0.013221153846153846 0.010817307692307692
0 0.9735576923076923 0.25721153846153844 0.020432692307692308 0.018028846153846152
0 0.3317307692307692 0.4651442307692308 0.010817307692307692 0.020432692307692308
0 0.7091346153846154 0.02283653846153846 0.013221153846153846 0.018028846153846152
0 0.21033653846153846 0.23317307692307693 0.010817307692307692 0.010817307692307692
0 0.5384615384615384 0.09375 0.013221153846153846 0.010817307692307692
0 0.4338942307692308 0.06971153846153846 0.010817307692307692 0.013221153846153846
0 0.5901442307692307 0.7692307692307693 0.02283653846153846 0.020432692307692308
0 0.6694711538461539 0.3173076923076923 0.026442307692307692 0.02283653846153846
0 0.6850961538461539 0.40024038461538464 0.02283653846153846 0.025240384615384616
0 0.7355769230769231 0.6838942307692307 0.028846153846153848 0.025240384615384616
0 0.6646634615384616 0.7043269230769231 0.018028846153846152 0.025240384615384616
0 0.6033653846153846 0.7103365384615384 0.013221153846153846 0.025240384615384616
0 0.6778846153846154 0.4639423076923077 0.018028846153846152 0.02283653846153846
0 0.20072115384615385 0.13942307692307693 0.013221153846153846 0.018028846153846152
0 0.8100961538461539 0.2848557692307692 0.020432692307692308 0.025240384615384616
0 0.6838942307692307 0.5336538461538461 0.020432692307692308 0.018028846153846152
0 0.7055288461538461 0.5540865384615384 0.028846153846153848 0.018028846153846152
0 0.9375 0.296875 0.013221153846153846 0.013221153846153846
0 0.18870192307692307 0.06129807692307692 0.02283653846153846 0.02283653846153846
0 0.6586538461538461 0.026442307692307692 0.028846153846153848 0.028846153846153848
0 0.09254807692307693 0.9639423076923077 0.008413461538461538 0.013221153846153846
0 0.11057692307692307 0.9639423076923077 0.008413461538461538 0.013221153846153846
0 0.13822115384615385 0.9627403846153846 0.010817307692307692 0.010817307692307692
0 0.17668269230769232 0.96875 0.010817307692307692 0.008413461538461538
0 0.15985576923076922 0.9615384615384616 0.008413461538461538 0.008413461538461538
0 0.234375 0.9651442307692307 0.008413461538461538 0.007211538461538462