0 0.11899038461538461 0.7055288461538461 0.013221153846153846 0.010817307692307692
0 0.1310096153846154 0.6646634615384616 0.02283653846153846 0.02283653846153846
0 0.125 0.6237980769230769 0.020432692307692308 0.018028846153846152
0 0.125 0.5600961538461539 0.015625 0.015625
0 0.12620192307692307 0.5408653846153846 0.013221153846153846 0.013221153846153846
0 0.125 0.5252403846153846 0.020432692307692308 0.008413461538461538
0 0.12259615384615384 0.5084134615384616 0.010817307692307692 0.013221153846153846
0 0.03485576923076923 0.9134615384615384 0.010817307692307692 0.015625
0 0.05889423076923077 0.9014423076923077 0.008413461538461538 0.007211538461538462
0 0.08052884615384616 0.6850961538461539 0.02283653846153846 0.018028846153846152
0 0.08173076923076923 0.6658653846153846 0.015625 0.015625
0 0.18028846153846154 0.22596153846153846 0.018028846153846152 0.020432692307692308
0 0.18509615384615385 0.4807692307692308 0.02283653846153846 0.025240384615384616
0 0.125 0.484375 0.028846153846153848 0.02283653846153846
0 0.18028846153846154 0.43990384615384615 0.02283653846153846 0.025240384615384616
0 0.18509615384615385 0.25841346153846156 0.018028846153846152 0.025240384615384616
0 0.15384615384615385 0.21394230769230768 0.020432692307692308 0.026442307692307692
0 0.15745192307692307 0.24759615384615385 0.02283653846153846 0.02283653846153846
0 0.16826923076923078 0.2860576923076923 0.020432692307692308 0.018028846153846152