0 0.859375 0.5276442307692307 0.015625 0.015625
0 0.12620192307692307 0.5072115384615384 0.018028846153846152 0.02283653846153846
0 0.28125 0.3581730769230769 0.013221153846153846 0.018028846153846152
0 0.29086538461538464 0.40024038461538464 0.013221153846153846 0.015625
0 0.32091346153846156 0.3076923076923077 0.020432692307692308 0.020432692307692308
0 0.5456730769230769 0.20673076923076922 0.015625 0.018028846153846152
0 0.9362980769230769 0.14302884615384615 0.015625 0.015625
0 0.8942307692307693 0.04326923076923077 0.013221153846153846 0.018028846153846152
0 0.9170673076923077 0.0985576923076923 0.013221153846153846 0.013221153846153846
0 0.8858173076923077 0.07572115384615384 0.010817307692307692 0.015625
0 0.8413461538461539 0.02283653846153846 0.010817307692307692 0.013221153846153846
0 0.8533653846153846 0.03245192307692308 0.008413461538461538 0.015625
0 0.8701923076923077 0.036057692307692304 0.015625 0.013221153846153846
0 0.9134615384615384 0.054086538461538464 0.015625 0.013221153846153846
0 0.9242788461538461 0.06971153846153846 0.010817307692307692 0.013221153846153846
0 0.9735576923076923 0.19471153846153846 0.010817307692307692 0.015625
0 0.8846153846153846 0.24158653846153846 0.018028846153846152 0.013221153846153846
0 0.8353365384615384 0.14302884615384615 0.013221153846153846 0.015625
0 0.8221153846153846 0.12379807692307693 0.013221153846153846 0.018028846153846152
0 0.7716346153846154 0.0625 0.010817307692307692 0.013221153846153846
0 0.7836538461538461 0.052884615384615384 0.013221153846153846 0.020432692307692308
0 0.27163461538461536 0.22235576923076922 0.015625 0.015625
0 0.26802884615384615 0.20552884615384615 0.013221153846153846 0.018028846153846152
0 0.2764423076923077 0.25721153846153844 0.013221153846153846 0.018028846153846152
0 0.3137019230769231 0.28365384615384615 0.015625 0.018028846153846152
0 0.4639423076923077 0.28725961538461536 0.018028846153846152 0.020432692307692308
0 0.38461538461538464 0.2776442307692308 0.018028846153846152 0.015625
0 0.37740384615384615 0.26322115384615385 0.010817307692307692 0.013221153846153846
0 0.04326923076923077 0.109375 0.013221153846153846 0.010817307692307692
0 0.04927884615384615 0.23076923076923078 0.008413461538461538 0.010817307692307692
0 0.12740384615384615 0.23076923076923078 0.010817307692307692 0.010817307692307692
0 0.1310096153846154 0.20673076923076922 0.013221153846153846 0.013221153846153846
0 0.17548076923076922 0.22596153846153846 0.013221153846153846 0.010817307692307692
0 0.18389423076923078 0.20552884615384615 0.010817307692307692 0.013221153846153846
0 0.15144230769230768 0.18269230769230768 0.013221153846153846 0.013221153846153846
0 0.15264423076923078 0.16826923076923078 0.018028846153846152 0.010817307692307692
0 0.26322115384615385 0.5252403846153846 0.013221153846153846 0.013221153846153846
0 0.45072115384615385 0.3798076923076923 0.013221153846153846 0.015625
0 0.42427884615384615 0.3737980769230769 0.010817307692307692 0.013221153846153846
0 0.5096153846153846 0.5324519230769231 0.015625 0.015625
0 0.9855769230769231 0.18629807692307693 0.010817307692307692 0.020432692307692308
0 0.9375 0.027644230769230768 0.028846153846153848 0.025240384615384616
0 0.8641826923076923 0.078125 0.020432692307692308 0.020432692307692308
0 0.8641826923076923 0.18389423076923078 0.020432692307692308 0.025240384615384616
0 0.36658653846153844 0.5204326923076923 0.020432692307692308 0.02283653846153846
0 0.39783653846153844 0.5420673076923077 0.025240384615384616 0.020432692307692308
0 0.17427884615384615 0.07572115384615384 0.020432692307692308 0.020432692307692308