0 0.9915865384615384 0.7103365384615384 0.013221153846153846 0.010817307692307692
0 0.9891826923076923 0.6983173076923077 0.013221153846153846 0.013221153846153846
0 0.9867788461538461 0.6622596153846154 0.008413461538461538 0.008413461538461538
0 0.9891826923076923 0.6514423076923077 0.013221153846153846 0.018028846153846152
0 0.8942307692307693 0.9182692307692307 0.013221153846153846 0.015625
0 0.8197115384615384 0.8581730769230769 0.013221153846153846 0.013221153846153846
0 0.8245192307692307 0.8858173076923077 0.008413461538461538 0.010817307692307692
0 0.8233173076923077 0.8762019230769231 0.010817307692307692 0.008413461538461538
0 0.8269230769230769 0.8125 0.008413461538461538 0.010817307692307692
0 0.8425480769230769 0.6935096153846154 0.008413461538461538 0.013221153846153846
0 0.7391826923076923 0.9194711538461539 0.013221153846153846 0.010817307692307692
0 0.7536057692307693 0.9194711538461539 0.010817307692307692 0.013221153846153846
0 0.796875 0.9098557692307693 0.008413461538461538 0.004807692307692308
0 0.78125 0.90625 0.008413461538461538 0.007211538461538462
0 0.7860576923076923 0.8942307692307693 0.013221153846153846 0.013221153846153846
0 0.828125 0.9723557692307693 0.015625 0.015625
0 0.7788461538461539 0.9723557692307693 0.008413461538461538 0.007211538461538462
0 0.7896634615384616 0.9747596153846154 0.010817307692307692 0.008413461538461538
0 0.8125 0.9867788461538461 0.010817307692307692 0.008413461538461538
0 0.8677884615384616 0.9759615384615384 0.010817307692307692 0.010817307692307692
0 0.9002403846153846 0.9723557692307693 0.010817307692307692 0.015625
0 0.9194711538461539 0.9735576923076923 0.008413461538461538 0.013221153846153846
0 0.9399038461538461 0.96875 0.015625 0.008413461538461538
0 0.9567307692307693 0.9747596153846154 0.013221153846153846 0.013221153846153846
0 0.6177884615384616 0.9783653846153846 0.015625 0.015625
0 0.4519230769230769 0.9795673076923077 0.010817307692307692 0.013221153846153846
0 0.49278846153846156 0.9795673076923077 0.008413461538461538 0.013221153846153846
0 0.5108173076923077 0.9783653846153846 0.008413461538461538 0.010817307692307692
0 0.4855769230769231 0.8209134615384616 0.015625 0.010817307692307692
0 0.14543269230769232 0.9939903846153846 0.007211538461538462 0.007211538461538462
0 0.1502403846153846 0.9771634615384616 0.007211538461538462 0.008413461538461538
0 0.5877403846153846 0.9807692307692307 0.013221153846153846 0.010817307692307692
0 0.021634615384615384 0.6490384615384616 0.015625 0.018028846153846152
0 0.12259615384615384 0.3786057692307692 0.010817307692307692 0.013221153846153846
0 0.49399038461538464 0.7211538461538461 0.020432692307692308 0.02283653846153846