0 0.7824519230769231 0.9795673076923077 0.010817307692307692 0.008413461538461538
0 0.8161057692307693 0.7932692307692307 0.020432692307692308 0.018028846153846152
0 0.8629807692307693 0.71875 0.018028846153846152 0.02283653846153846
0 0.3581730769230769 0.9507211538461539 0.018028846153846152 0.018028846153846152
0 0.37259615384615385 0.9002403846153846 0.015625 0.020432692307692308
0 0.8605769230769231 0.9651442307692307 0.008413461538461538 0.010817307692307692
0 0.8485576923076923 0.9495192307692307 0.007211538461538462 0.007211538461538462
0 0.8389423076923077 0.9411057692307693 0.007211538461538462 0.008413461538461538
0 0.8317307692307693 0.9326923076923077 0.007211538461538462 0.008413461538461538
0 0.7800480769230769 0.8665865384615384 0.010817307692307692 0.008413461538461538
0 0.7692307692307693 0.9567307692307693 0.007211538461538462 0.008413461538461538
0 0.7620192307692307 0.9435096153846154 0.007211538461538462 0.004807692307692308
0 0.8028846153846154 0.9194711538461539 0.007211538461538462 0.008413461538461538
0 0.796875 0.9014423076923077 0.008413461538461538 0.008413461538461538
0 0.7848557692307693 0.8834134615384616 0.007211538461538462 0.007211538461538462
0 0.6971153846153846 0.9026442307692307 0.007211538461538462 0.004807692307692308
0 0.578125 0.9483173076923077 0.010817307692307692 0.008413461538461538
0 0.4951923076923077 0.8689903846153846 0.013221153846153846 0.013221153846153846
0 0.47596153846153844 0.8617788461538461 0.010817307692307692 0.007211538461538462
0 0.5264423076923077 0.8834134615384616 0.010817307692307692 0.010817307692307692
0 0.4579326923076923 0.7884615384615384 0.010817307692307692 0.013221153846153846
0 0.5096153846153846 0.8305288461538461 0.010817307692307692 0.008413461538461538
0 0.5252403846153846 0.8569711538461539 0.008413461538461538 0.010817307692307692
0 0.5204326923076923 0.8112980769230769 0.008413461538461538 0.008413461538461538
0 0.5132211538461539 0.7896634615384616 0.013221153846153846 0.015625
0 0.4014423076923077 0.9110576923076923 0.013221153846153846 0.010817307692307692
0 0.40024038461538464 0.8713942307692307 0.007211538461538462 0.008413461538461538
0 0.18269230769230768 0.8137019230769231 0.013221153846153846 0.015625
0 0.21033653846153846 0.8305288461538461 0.010817307692307692 0.008413461538461538
0 0.23677884615384615 0.8401442307692307 0.013221153846153846 0.013221153846153846
0 0.3918269230769231 0.8052884615384616 0.013221153846153846 0.010817307692307692
0 0.42427884615384615 0.7704326923076923 0.010817307692307692 0.008413461538461538
0 0.40384615384615385 0.7788461538461539 0.007211538461538462 0.008413461538461538
0 0.4326923076923077 0.6646634615384616 0.013221153846153846 0.008413461538461538
0 0.4735576923076923 0.7235576923076923 0.015625 0.013221153846153846
0 0.4639423076923077 0.703125 0.013221153846153846 0.008413461538461538
0 0.5432692307692307 0.7896634615384616 0.018028846153846152 0.010817307692307692
0 0.6430288461538461 0.7415865384615384 0.015625 0.013221153846153846
0 0.5949519230769231 0.7055288461538461 0.008413461538461538 0.015625
0 0.6105769230769231 0.6766826923076923 0.013221153846153846 0.007211538461538462
0 0.5300480769230769 0.6442307692307693 0.007211538461538462 0.008413461538461538
0 0.5444711538461539 0.6442307692307693 0.013221153846153846 0.013221153846153846
0 0.7632211538461539 0.7427884615384616 0.018028846153846152 0.013221153846153846
0 0.7740384615384616 0.7740384615384616 0.010817307692307692 0.015625
0 0.7860576923076923 0.7944711538461539 0.008413461538461538 0.013221153846153846
0 0.6826923076923077 0.8197115384615384 0.008413461538461538 0.013221153846153846
0 0.5817307692307693 0.6850961538461539 0.007211538461538462 0.008413461538461538
0 0.20673076923076922 0.671875 0.013221153846153846 0.010817307692307692
0 0.2247596153846154 0.7055288461538461 0.013221153846153846 0.008413461538461538
0 0.19831730769230768 0.7199519230769231 0.008413461538461538 0.010817307692307692
0 0.2776442307692308 0.6802884615384616 0.010817307692307692 0.008413461538461538
0 0.2644230769230769 0.703125 0.007211538461538462 0.008413461538461538
0 0.26802884615384615 0.65625 0.013221153846153846 0.010817307692307692
0 0.20432692307692307 0.5985576923076923 0.015625 0.008413461538461538
0 0.18269230769230768 0.5985576923076923 0.008413461538461538 0.010817307692307692
0 0.32091346153846156 0.5997596153846154 0.010817307692307692 0.010817307692307692
0 0.296875 0.5985576923076923 0.008413461538461538 0.013221153846153846
0 0.38100961538461536 0.6021634615384616 0.008413461538461538 0.010817307692307692
0 0.4519230769230769 0.5985576923076923 0.007211538461538462 0.008413461538461538
0 0.5108173076923077 0.6009615384615384 0.008413461538461538 0.008413461538461538
0 0.5360576923076923 0.5985576923076923 0.008413461538461538 0.008413461538461538
0 0.3425480769230769 0.7367788461538461 0.008413461538461538 0.008413461538461538
0 0.33533653846153844 0.9158653846153846 0.013221153846153846 0.010817307692307692
0 0.2860576923076923 0.9879807692307693 0.013221153846153846 0.010817307692307692
0 0.18269230769230768 0.9459134615384616 0.008413461538461538 0.013221153846153846
0 0.5012019230769231 0.9603365384615384 0.020432692307692308 0.015625
0 0.026442307692307692 0.8665865384615384 0.008413461538461538 0.010817307692307692
0 0.030048076923076924 0.8221153846153846 0.010817307692307692 0.013221153846153846
0 0.04567307692307692 0.8137019230769231 0.010817307692307692 0.010817307692307692
0 0.1310096153846154 0.8112980769230769 0.013221153846153846 0.013221153846153846
0 0.11658653846153846 0.7932692307692307 0.010817307692307692 0.008413461538461538
0 0.15745192307692307 0.7860576923076923 0.013221153846153846 0.008413461538461538
0 0.06971153846153846 0.7319711538461539 0.013221153846153846 0.013221153846153846
0 0.040865384615384616 0.7175480769230769 0.013221153846153846 0.010817307692307692
0 0.028846153846153848 0.7115384615384616 0.013221153846153846 0.013221153846153846
0 0.014423076923076924 0.7163461538461539 0.010817307692307692 0.013221153846153846
0 0.08774038461538461 0.7283653846153846 0.008413461538461538 0.010817307692307692
0 0.10817307692307693 0.7283653846153846 0.008413461538461538 0.010817307692307692
0 0.12379807692307693 0.7283653846153846 0.008413461538461538 0.007211538461538462
0 0.15504807692307693 0.7247596153846154 0.008413461538461538 0.013221153846153846
0 0.13581730769230768 0.7259615384615384 0.010817307692307692 0.007211538461538462
0 0.27884615384615385 0.7548076923076923 0.013221153846153846 0.008413461538461538
0 0.23076923076923078 0.7331730769230769 0.015625 0.007211538461538462
0 0.2764423076923077 0.7319711538461539 0.008413461538461538 0.008413461538461538
0 0.44591346153846156 0.8461538461538461 0.008413461538461538 0.007211538461538462
0 0.43509615384615385 0.8076923076923077 0.013221153846153846 0.010817307692307692
0 0.07932692307692307 0.6622596153846154 0.008413461538461538 0.013221153846153846
0 0.27163461538461536 0.5985576923076923 0.010817307692307692 0.008413461538461538
0 0.15384615384615385 0.5985576923076923 0.007211538461538462 0.008413461538461538
0 0.2247596153846154 0.6574519230769231 0.013221153846153846 0.008413461538461538
0 0.796875 0.7235576923076923 0.008413461538461538 0.008413461538461538
0 0.6322115384615384 0.6983173076923077 0.010817307692307692 0.008413461538461538
0 0.6814903846153846 0.8425480769230769 0.010817307692307692 0.013221153846153846
0 0.109375 0.9459134615384616 0.028846153846153848 0.02283653846153846
0 0.546875 0.9795673076923077 0.02283653846153846 0.03125
0 0.34975961538461536 0.8052884615384616 0.025240384615384616 0.020432692307692308
0 0.3293269230769231 0.8882211538461539 0.018028846153846152 0.020432692307692308