0 0.11899038461538461 0.20432692307692307 0.013221153846153846 0.010817307692307692
0 0.1310096153846154 0.24519230769230768 0.02283653846153846 0.02283653846153846
0 0.125 0.2860576923076923 0.020432692307692308 0.018028846153846152
0 0.125 0.34975961538461536 0.015625 0.015625
0 0.12620192307692307 0.36899038461538464 0.013221153846153846 0.013221153846153846
0 0.125 0.38461538461538464 0.020432692307692308 0.008413461538461538
0 0.12259615384615384 0.4014423076923077 0.010817307692307692 0.013221153846153846
0 0.05889423076923077 0.008413461538461538 0.008413461538461538 0.007211538461538462
0 0.08052884615384616 0.2247596153846154 0.02283653846153846 0.018028846153846152
0 0.08173076923076923 0.2439903846153846 0.015625 0.015625
0 0.056490384615384616 0.9723557692307693 0.013221153846153846 0.015625
0 0.18028846153846154 0.6838942307692307 0.018028846153846152 0.020432692307692308
0 0.18509615384615385 0.42908653846153844 0.02283653846153846 0.025240384615384616
0 0.125 0.4254807692307692 0.028846153846153848 0.02283653846153846
0 0.18028846153846154 0.4699519230769231 0.02283653846153846 0.025240384615384616
0 0.18509615384615385 0.6514423076923077 0.018028846153846152 0.025240384615384616
0 0.15384615384615385 0.6959134615384616 0.020432692307692308 0.026442307692307692
0 0.021634615384615384 0.9158653846153846 0.020432692307692308 0.025240384615384616
0 0.15745192307692307 0.6622596153846154 0.02283653846153846 0.02283653846153846
0 0.16826923076923078 0.6237980769230769 0.020432692307692308 0.018028846153846152