0 0.9314903846153846 0.6274038461538461 0.020432692307692308 0.020432692307692308
0 0.375 0.8161057692307693 0.015625 0.015625
0 0.35697115384615385 0.8581730769230769 0.010817307692307692 0.013221153846153846
0 0.34134615384615385 0.7391826923076923 0.015625 0.013221153846153846
0 0.3473557692307692 0.7632211538461539 0.018028846153846152 0.02283653846153846
0 0.3557692307692308 0.7896634615384616 0.013221153846153846 0.020432692307692308
0 0.2920673076923077 0.7536057692307693 0.010817307692307692 0.015625
0 0.29086538461538464 0.7704326923076923 0.018028846153846152 0.013221153846153846
0 0.296875 0.7896634615384616 0.018028846153846152 0.020432692307692308
0 0.27283653846153844 0.7620192307692307 0.018028846153846152 0.020432692307692308
0 0.2512019230769231 0.7644230769230769 0.015625 0.015625
0 0.4387019230769231 0.6911057692307693 0.018028846153846152 0.02283653846153846
0 0.6995192307692307 0.4795673076923077 0.015625 0.018028846153846152
0 0.9879807692307693 0.39783653846153844 0.020432692307692308 0.020432692307692308
0 0.9362980769230769 0.3581730769230769 0.015625 0.013221153846153846
0 0.9555288461538461 0.3485576923076923 0.015625 0.020432692307692308
0 0.9014423076923077 0.4230769230769231 0.013221153846153846 0.013221153846153846
0 0.6225961538461539 0.109375 0.020432692307692308 0.025240384615384616
0 0.6177884615384616 0.078125 0.015625 0.015625
0 0.6598557692307693 0.7692307692307693 0.013221153846153846 0.015625
0 0.13221153846153846 0.9831730769230769 0.020432692307692308 0.015625
0 0.12620192307692307 0.9675480769230769 0.02283653846153846 0.015625
0 0.1201923076923077 0.9507211538461539 0.020432692307692308 0.02283653846153846
0 0.11658653846153846 0.9266826923076923 0.020432692307692308 0.015625
0 0.11057692307692307 0.9086538461538461 0.026442307692307692 0.010817307692307692
0 0.1045673076923077 0.8954326923076923 0.020432692307692308 0.010817307692307692
0 0.4026442307692308 0.984375 0.013221153846153846 0.008413461538461538
0 0.39783653846153844 0.9699519230769231 0.010817307692307692 0.010817307692307692
0 0.39302884615384615 0.9399038461538461 0.010817307692307692 0.010817307692307692
0 0.3701923076923077 0.9603365384615384 0.010817307692307692 0.010817307692307692
0 0.33653846153846156 0.984375 0.007211538461538462 0.013221153846153846
0 0.3629807692307692 0.9915865384615384 0.008413461538461538 0.008413461538461538
0 0.31850961538461536 0.9194711538461539 0.010817307692307692 0.010817307692307692
0 0.36538461538461536 0.7728365384615384 0.008413461538461538 0.008413461538461538
0 0.375 0.7536057692307693 0.010817307692307692 0.015625
0 0.38822115384615385 0.7487980769230769 0.010817307692307692 0.010817307692307692
0 0.3701923076923077 0.7247596153846154 0.010817307692307692 0.013221153846153846
0 0.09615384615384616 0.8653846153846154 0.020432692307692308 0.013221153846153846
0 0.08052884615384616 0.8449519230769231 0.018028846153846152 0.018028846153846152
0 0.0985576923076923 0.8461538461538461 0.015625 0.020432692307692308
0 0.08533653846153846 0.8257211538461539 0.02283653846153846 0.015625
0 0.10216346153846154 0.8161057692307693 0.015625 0.020432692307692308
0 0.12139423076923077 0.8161057692307693 0.013221153846153846 0.010817307692307692
0 0.11778846153846154 0.8028846153846154 0.010817307692307692 0.010817307692307692
0 0.13942307692307693 0.8125 0.013221153846153846 0.018028846153846152
0 0.15625 0.8100961538461539 0.015625 0.010817307692307692
0 0.15384615384615385 0.7956730769230769 0.010817307692307692 0.010817307692307692
0 0.171875 0.7992788461538461 0.015625 0.013221153846153846
0 0.17427884615384615 0.78125 0.015625 0.013221153846153846
0 0.19831730769230768 0.7836538461538461 0.018028846153846152 0.013221153846153846
0 0.21634615384615385 0.7740384615384616 0.018028846153846152 0.015625
0 0.13701923076923078 0.7728365384615384 0.008413461538461538 0.013221153846153846
0 0.12259615384615384 0.7860576923076923 0.007211538461538462 0.008413461538461538
0 0.15144230769230768 0.7824519230769231 0.010817307692307692 0.010817307692307692
0 0.15985576923076922 0.7644230769230769 0.008413461538461538 0.010817307692307692
0 0.18389423076923078 0.7584134615384616 0.010817307692307692 0.013221153846153846
0 0.21995192307692307 0.7487980769230769 0.010817307692307692 0.010817307692307692
0 0.2439903846153846 0.7271634615384616 0.010817307692307692 0.013221153846153846
0 0.20673076923076922 0.7223557692307693 0.013221153846153846 0.010817307692307692
0 0.3076923076923077 0.71875 0.010817307692307692 0.018028846153846152
0 0.3173076923076923 0.7067307692307693 0.013221153846153846 0.013221153846153846
0 0.3245192307692308 0.7211538461538461 0.013221153846153846 0.013221153846153846
0 0.2848557692307692 0.7175480769230769 0.010817307692307692 0.010817307692307692
0 0.2824519230769231 0.8125 0.010817307692307692 0.015625
0 0.2956730769230769 0.8112980769230769 0.010817307692307692 0.013221153846153846
0 0.2932692307692308 0.8293269230769231 0.013221153846153846 0.013221153846153846
0 0.3076923076923077 0.828125 0.010817307692307692 0.015625
0 0.30649038461538464 0.84375 0.008413461538461538 0.010817307692307692
0 0.2980769230769231 0.8485576923076923 0.015625 0.015625
0 0.3112980769230769 0.8665865384615384 0.008413461538461538 0.010817307692307692
0 0.29927884615384615 0.8677884615384616 0.013221153846153846 0.010817307692307692
0 0.31490384615384615 0.8834134615384616 0.013221153846153846 0.015625
0 0.30408653846153844 0.8954326923076923 0.013221153846153846 0.015625
0 0.3293269230769231 0.9555288461538461 0.013221153846153846 0.010817307692307692
0 0.32572115384615385 0.8317307692307693 0.010817307692307692 0.015625
0 0.33052884615384615 0.8473557692307693 0.010817307692307692 0.013221153846153846
0 0.34975961538461536 0.9507211538461539 0.007211538461538462 0.008413461538461538
0 0.38461538461538464 0.9242788461538461 0.013221153846153846 0.010817307692307692
0 0.057692307692307696 0.9735576923076923 0.010817307692307692 0.010817307692307692
0 0.06370192307692307 0.9855769230769231 0.007211538461538462 0.010817307692307692
0 0.052884615384615384 0.9567307692307693 0.010817307692307692 0.008413461538461538
0 0.05048076923076923 0.9435096153846154 0.007211538461538462 0.008413461538461538
0 0.037259615384615384 0.8990384615384616 0.010817307692307692 0.008413461538461538
0 0.040865384615384616 0.9146634615384616 0.008413461538461538 0.013221153846153846
0 0.03365384615384615 0.9290865384615384 0.008413461538461538 0.010817307692307692
0 0.02403846153846154 0.9206730769230769 0.010817307692307692 0.008413461538461538
0 0.37740384615384615 0.6923076923076923 0.010817307692307692 0.015625
0 0.046875 0.7692307692307693 0.013221153846153846 0.015625
0 0.027644230769230768 0.7800480769230769 0.010817307692307692 0.010817307692307692
0 0.014423076923076924 0.7776442307692307 0.010817307692307692 0.010817307692307692
0 0.013221153846153846 0.765625 0.013221153846153846 0.008413461538461538
0 0.046875 0.7536057692307693 0.013221153846153846 0.010817307692307692
0 0.036057692307692304 0.7451923076923077 0.013221153846153846 0.013221153846153846
0 0.03245192307692308 0.7283653846153846 0.010817307692307692 0.010817307692307692
0 0.013221153846153846 0.6586538461538461 0.008413461538461538 0.010817307692307692
0 0.02403846153846154 0.6899038461538461 0.010817307692307692 0.010817307692307692
0 0.026442307692307692 0.7079326923076923 0.008413461538461538 0.015625
0 0.38341346153846156 0.6622596153846154 0.013221153846153846 0.018028846153846152
0 0.2764423076923077 0.45552884615384615 0.013221153846153846 0.02283653846153846
0 0.41225961538461536 0.11658653846153846 0.018028846153846152 0.015625
0 0.5865384615384616 0.019230769230769232 0.015625 0.010817307692307692
0 0.14182692307692307 0.1814903846153846 0.018028846153846152 0.015625
0 0.12860576923076922 0.19110576923076922 0.008413461538461538 0.013221153846153846
0 0.20072115384615385 0.13581730769230768 0.018028846153846152 0.015625
0 0.13341346153846154 0.12740384615384615 0.020432692307692308 0.015625
0 0.019230769230769232 0.8701923076923077 0.010817307692307692 0.015625
0 0.042067307692307696 0.24759615384615385 0.007211538461538462 0.008413461538461538
0 0.10336538461538461 0.1502403846153846 0.008413461538461538 0.010817307692307692
0 0.01201923076923077 0.6370192307692307 0.007211538461538462 0.008413461538461538
0 0.29447115384615385 0.014423076923076924 0.010817307692307692 0.010817307692307692
0 0.3016826923076923 0.003605769230769231 0.009615384615384616 0.007211538461538462
0 0.010817307692307692 0.265625 0.013221153846153846 0.008413461538461538
0 0.17067307692307693 0.16466346153846154 0.013221153846153846 0.008413461538461538
0 0.08413461538461539 0.3161057692307692 0.010817307692307692 0.010817307692307692
0 0.07692307692307693 0.3389423076923077 0.013221153846153846 0.010817307692307692
0 0.07091346153846154 0.3581730769230769 0.015625 0.013221153846153846
0 0.046875 0.3076923076923077 0.013221153846153846 0.015625
0 0.037259615384615384 0.33052884615384615 0.015625 0.018028846153846152
0 0.03365384615384615 0.48677884615384615 0.013221153846153846 0.018028846153846152
0 0.8004807692307693 0.9459134615384616 0.015625 0.013221153846153846
0 0.25240384615384615 0.9579326923076923 0.03125 0.028846153846153848
0 0.28365384615384615 0.9495192307692307 0.026442307692307692 0.025240384615384616
0 0.1658653846153846 0.8990384615384616 0.025240384615384616 0.026442307692307692
0 0.16466346153846154 0.9278846153846154 0.026442307692307692 0.026442307692307692
0 0.1658653846153846 0.9639423076923077 0.028846153846153848 0.036057692307692304
0 0.20192307692307693 0.96875 0.028846153846153848 0.036057692307692304
0 0.6105769230769231 0.8954326923076923 0.02283653846153846 0.025240384615384616
0 0.6382211538461539 0.8990384615384616 0.025240384615384616 0.026442307692307692
0 0.6838942307692307 0.9122596153846154 0.046875 0.036057692307692304
0 0.3858173076923077 0.8425480769230769 0.025240384615384616 0.02283653846153846
0 0.35336538461538464 0.8822115384615384 0.03125 0.015625
0 0.3858173076923077 0.8918269230769231 0.020432692307692308 0.02283653846153846
0 0.43509615384615385 0.9170673076923077 0.018028846153846152 0.02283653846153846
0 0.4411057692307692 0.9711538461538461 0.018028846153846152 0.018028846153846152
0 0.9675480769230769 0.5048076923076923 0.020432692307692308 0.018028846153846152
0 0.5889423076923077 0.7992788461538461 0.025240384615384616 0.018028846153846152
0 0.6057692307692307 0.7524038461538461 0.026442307692307692 0.02283653846153846
0 0.59375 0.7235576923076923 0.03365384615384615 0.026442307692307692
0 0.5769230769230769 0.6526442307692307 0.026442307692307692 0.026442307692307692
0 0.5733173076923077 0.6117788461538461 0.028846153846153848 0.028846153846153848
0 0.5757211538461539 0.5745192307692307 0.020432692307692308 0.008413461538461538
0 0.5805288461538461 0.5504807692307693 0.025240384615384616 0.020432692307692308
0 0.9519230769230769 0.4098557692307692 0.025240384615384616 0.03125
0 0.7355769230769231 0.3581730769230769 0.025240384615384616 0.02283653846153846
0 0.8425480769230769 0.47115384615384615 0.018028846153846152 0.013221153846153846
0 0.7776442307692307 0.5552884615384616 0.020432692307692308 0.028846153846153848
0 0.8846153846153846 0.05048076923076923 0.018028846153846152 0.020432692307692308
0 0.9134615384615384 0.020432692307692308 0.028846153846153848 0.040865384615384616
0 0.49038461538461536 0.04807692307692308 0.028846153846153848 0.028846153846153848
0 0.65625 0.07572115384615384 0.03365384615384615 0.03365384615384615
0 0.07932692307692307 0.09975961538461539 0.02283653846153846 0.038461538461538464
0 0.027644230769230768 0.06490384615384616 0.020432692307692308 0.018028846153846152
0 0.1045673076923077 0.2548076923076923 0.020432692307692308 0.02283653846153846
0 0.828125 0.4170673076923077 0.020432692307692308 0.018028846153846152
0 0.7932692307692307 0.39663461538461536 0.02283653846153846 0.02283653846153846
0 0.9747596153846154 0.01201923076923077 0.018028846153846152 0.020432692307692308
0 0.8774038461538461 0.0889423076923077 0.015625 0.015625
0 0.9194711538461539 0.1045673076923077 0.02283653846153846 0.025240384615384616
0 0.9362980769230769 0.057692307692307696 0.020432692307692308 0.025240384615384616
0 0.9435096153846154 0.014423076923076924 0.026442307692307692 0.028846153846153848
0 0.5973557692307693 0.042067307692307696 0.026442307692307692 0.025240384615384616
0 0.625 0.05048076923076923 0.025240384615384616 0.025240384615384616
0 0.2283653846153846 0.01201923076923077 0.015625 0.020432692307692308
0 0.5625 0.09495192307692307 0.018028846153846152 0.018028846153846152
0 0.5396634615384616 0.0829326923076923 0.015625 0.02283653846153846
0 0.8305288461538461 0.05889423076923077 0.018028846153846152 0.013221153846153846
0 0.796875 0.18870192307692307 0.018028846153846152 0.018028846153846152
0 0.8665865384615384 0.15144230769230768 0.018028846153846152 0.025240384615384616
0 0.4855769230769231 0.49399038461538464 0.020432692307692308 0.025240384615384616
0 0.3329326923076923 0.3942307692307692 0.013221153846153846 0.018028846153846152
0 0.6766826923076923 0.4074519230769231 0.020432692307692308 0.02283653846153846
0 0.5480769230769231 0.23317307692307693 0.015625 0.015625
0 0.8701923076923077 0.28966346153846156 0.010817307692307692 0.020432692307692308
0 0.8882211538461539 0.4987980769230769 0.03365384615384615 0.025240384615384616
0 0.7079326923076923 0.6021634615384616 0.015625 0.025240384615384616
0 0.390625 0.5360576923076923 0.020432692307692308 0.03125
0 0.3894230769230769 0.5060096153846154 0.018028846153846152 0.015625
0 0.7524038461538461 0.6730769230769231 0.013221153846153846 0.018028846153846152
0 0.9026442307692307 0.6286057692307693 0.02283653846153846 0.026442307692307692
0 0.8197115384615384 0.36177884615384615 0.02283653846153846 0.028846153846153848
0 0.8197115384615384 0.6971153846153846 0.018028846153846152 0.015625
0 0.8461538461538461 0.7151442307692307 0.010817307692307692 0.020432692307692308
0 0.75 0.9362980769230769 0.02283653846153846 0.020432692307692308
0 0.8293269230769231 0.8125 0.013221153846153846 0.015625
0 0.8064903846153846 0.8245192307692307 0.018028846153846152 0.013221153846153846
0 0.6971153846153846 0.6189903846153846 0.015625 0.008413461538461538
0 0.5901442307692307 0.5204326923076923 0.013221153846153846 0.018028846153846152
0 0.6382211538461539 0.5300480769230769 0.015625 0.015625
0 0.9867788461538461 0.49158653846153844 0.013221153846153846 0.015625
0 0.859375 0.8834134615384616 0.020432692307692308 0.020432692307692308
0 0.8016826923076923 0.9615384615384616 0.013221153846153846 0.018028846153846152
0 0.8762019230769231 0.9783653846153846 0.013221153846153846 0.015625
0 0.03245192307692308 0.8377403846153846 0.020432692307692308 0.02283653846153846
0 0.04447115384615385 0.8786057692307693 0.020432692307692308 0.018028846153846152
0 0.10096153846153846 0.7848557692307693 0.018028846153846152 0.025240384615384616
0 0.06370192307692307 0.7680288461538461 0.020432692307692308 0.018028846153846152
0 0.12379807692307693 0.2283653846153846 0.018028846153846152 0.015625
0 0.140625 0.021634615384615384 0.015625 0.015625
0 0.020432692307692308 0.09134615384615384 0.018028846153846152 0.015625