0 0.1141826923076923 0.9014423076923077 0.03365384615384615 0.026442307692307692
0 0.1141826923076923 0.8774038461538461 0.03365384615384615 0.020432692307692308
0 0.11298076923076923 0.8485576923076923 0.026442307692307692 0.02283653846153846
0 0.11177884615384616 0.8305288461538461 0.028846153846153848 0.018028846153846152
0 0.11298076923076923 0.7944711538461539 0.036057692307692304 0.038461538461538464
0 0.10817307692307693 0.7463942307692307 0.026442307692307692 0.03365384615384615
0 0.109375 0.7007211538461539 0.028846153846153848 0.040865384615384616
0 0.10817307692307693 0.6574519230769231 0.03125 0.03125
0 0.109375 0.6189903846153846 0.028846153846153848 0.02283653846153846
0 0.10576923076923077 0.5997596153846154 0.036057692307692304 0.015625
0 0.11538461538461539 0.5721153846153846 0.02283653846153846 0.018028846153846152
0 0.109375 0.5540865384615384 0.028846153846153848 0.013221153846153846
0 0.02283653846153846 0.5264423076923077 0.02283653846153846 0.015625
0 0.026442307692307692 0.9074519230769231 0.025240384615384616 0.018028846153846152
0 0.234375 0.8689903846153846 0.013221153846153846 0.018028846153846152
0 0.2247596153846154 0.8461538461538461 0.013221153846153846 0.015625
0 0.21995192307692307 0.8257211538461539 0.010817307692307692 0.015625
0 0.2403846153846154 0.5192307692307693 0.020432692307692308 0.015625
0 0.24158653846153846 0.5348557692307693 0.013221153846153846 0.015625
0 0.17067307692307693 0.9158653846153846 0.008413461538461538 0.010817307692307692
0 0.18990384615384615 0.8798076923076923 0.007211538461538462 0.010817307692307692
0 0.19110576923076922 0.8485576923076923 0.008413461538461538 0.008413461538461538
0 0.24639423076923078 0.5600961538461539 0.020432692307692308 0.025240384615384616
0 0.24519230769230768 0.5805288461538461 0.018028846153846152 0.020432692307692308
0 0.24278846153846154 0.5997596153846154 0.018028846153846152 0.020432692307692308
0 0.24278846153846154 0.6274038461538461 0.018028846153846152 0.010817307692307692
0 0.23798076923076922 0.6610576923076923 0.015625 0.020432692307692308
0 0.234375 0.6826923076923077 0.018028846153846152 0.013221153846153846
0 0.23798076923076922 0.6995192307692307 0.020432692307692308 0.015625
0 0.23798076923076922 0.7151442307692307 0.020432692307692308 0.015625
0 0.23918269230769232 0.75 0.02283653846153846 0.018028846153846152
0 0.23798076923076922 0.7307692307692307 0.020432692307692308 0.015625
0 0.23076923076923078 0.7788461538461539 0.015625 0.013221153846153846
0 0.23197115384615385 0.7932692307692307 0.013221153846153846 0.018028846153846152
0 0.2403846153846154 0.8112980769230769 0.015625 0.018028846153846152
0 0.24158653846153846 0.828125 0.018028846153846152 0.015625
0 0.14423076923076922 0.5300480769230769 0.013221153846153846 0.015625
0 0.14182692307692307 0.5504807692307693 0.013221153846153846 0.015625
0 0.14423076923076922 0.5697115384615384 0.013221153846153846 0.013221153846153846
0 0.14302884615384615 0.5889423076923077 0.010817307692307692 0.010817307692307692
0 0.14302884615384615 0.6045673076923077 0.007211538461538462 0.010817307692307692
0 0.14423076923076922 0.625 0.013221153846153846 0.010817307692307692
0 0.14182692307692307 0.6370192307692307 0.008413461538461538 0.013221153846153846
0 0.13942307692307693 0.6514423076923077 0.013221153846153846 0.010817307692307692
0 0.14302884615384615 0.6634615384615384 0.010817307692307692 0.010817307692307692
0 0.14302884615384615 0.6766826923076923 0.010817307692307692 0.010817307692307692
0 0.14302884615384615 0.6875 0.010817307692307692 0.010817307692307692
0 0.14302884615384615 0.6983173076923077 0.010817307692307692 0.008413461538461538
0 0.14182692307692307 0.7163461538461539 0.013221153846153846 0.013221153846153846
0 0.14182692307692307 0.7403846153846154 0.008413461538461538 0.010817307692307692
0 0.14423076923076922 0.7620192307692307 0.013221153846153846 0.015625
0 0.14423076923076922 0.7824519230769231 0.013221153846153846 0.015625
0 0.17427884615384615 0.7992788461538461 0.015625 0.018028846153846152
0 0.18028846153846154 0.7764423076923077 0.008413461538461538 0.013221153846153846
0 0.18509615384615385 0.6875 0.008413461538461538 0.013221153846153846
0 0.19591346153846154 0.6862980769230769 0.013221153846153846 0.015625
0 0.21514423076923078 0.6682692307692307 0.015625 0.015625
0 0.15625 0.7980769230769231 0.010817307692307692 0.015625
0 0.13942307692307693 0.8028846153846154 0.013221153846153846 0.010817307692307692
0 0.14302884615384615 0.8173076923076923 0.010817307692307692 0.013221153846153846
0 0.15504807692307693 0.8257211538461539 0.013221153846153846 0.010817307692307692
0 0.16826923076923078 0.8257211538461539 0.010817307692307692 0.010817307692307692
0 0.17908653846153846 0.8245192307692307 0.010817307692307692 0.008413461538461538
0 0.18990384615384615 0.8269230769230769 0.010817307692307692 0.013221153846153846
0 0.1971153846153846 0.7980769230769231 0.010817307692307692 0.015625
0 0.2127403846153846 0.7776442307692307 0.010817307692307692 0.010817307692307692
0 0.20793269230769232 0.9122596153846154 0.028846153846153848 0.026442307692307692
0 0.23677884615384615 0.9122596153846154 0.02283653846153846 0.02283653846153846
0 0.21033653846153846 0.8798076923076923 0.015625 0.015625
0 0.15384615384615385 0.8473557692307693 0.015625 0.013221153846153846
0 0.1778846153846154 0.8485576923076923 0.013221153846153846 0.010817307692307692
0 0.1658653846153846 0.8569711538461539 0.010817307692307692 0.010817307692307692
0 0.15745192307692307 0.9038461538461539 0.013221153846153846 0.010817307692307692
0 0.171875 0.8665865384615384 0.010817307692307692 0.013221153846153846
0 0.15504807692307693 0.8677884615384616 0.013221153846153846 0.010817307692307692
0 0.16346153846153846 0.8810096153846154 0.015625 0.013221153846153846
0 0.17668269230769232 0.8930288461538461 0.010817307692307692 0.010817307692307692
0 0.24519230769230768 0.9711538461538461 0.013221153846153846 0.013221153846153846
0 0.25 0.9819711538461539 0.013221153846153846 0.013221153846153846
0 0.08413461538461539 0.9879807692307693 0.015625 0.015625
0 0.021634615384615384 0.9891826923076923 0.010817307692307692 0.018028846153846152
0 0.019230769230769232 0.9711538461538461 0.015625 0.013221153846153846
0 0.037259615384615384 0.9747596153846154 0.015625 0.013221153846153846
0 0.057692307692307696 0.9795673076923077 0.020432692307692308 0.013221153846153846
0 0.29927884615384615 0.9050480769230769 0.008413461538461538 0.013221153846153846
0 0.296875 0.8918269230769231 0.013221153846153846 0.008413461538461538
0 0.296875 0.8798076923076923 0.013221153846153846 0.010817307692307692
0 0.29447115384615385 0.8653846153846154 0.013221153846153846 0.008413461538461538
0 0.2956730769230769 0.8521634615384616 0.010817307692307692 0.010817307692307692
0 0.29447115384615385 0.8329326923076923 0.010817307692307692 0.013221153846153846
0 0.2956730769230769 0.8173076923076923 0.010817307692307692 0.013221153846153846
0 0.3233173076923077 0.8413461538461539 0.015625 0.010817307692307692
0 0.3473557692307692 0.8425480769230769 0.013221153846153846 0.008413461538461538
0 0.3641826923076923 0.8389423076923077 0.015625 0.010817307692307692
0 0.42427884615384615 0.8521634615384616 0.010817307692307692 0.010817307692307692
0 0.47115384615384615 0.8629807692307693 0.008413461538461538 0.013221153846153846
0 0.484375 0.8653846153846154 0.013221153846153846 0.013221153846153846
0 0.5144230769230769 0.8737980769230769 0.015625 0.013221153846153846
0 0.5877403846153846 0.7211538461538461 0.018028846153846152 0.018028846153846152
0 0.6021634615384616 0.7415865384615384 0.010817307692307692 0.013221153846153846
0 0.7560096153846154 0.7644230769230769 0.015625 0.015625
0 0.2980769230769231 0.453125 0.010817307692307692 0.013221153846153846
0 0.2980769230769231 0.4362980769230769 0.010817307692307692 0.010817307692307692
0 0.2956730769230769 0.4074519230769231 0.010817307692307692 0.018028846153846152
0 0.30528846153846156 0.38341346153846156 0.025240384615384616 0.018028846153846152
0 0.29447115384615385 0.3629807692307692 0.008413461538461538 0.008413461538461538
0 0.29447115384615385 0.3473557692307692 0.013221153846153846 0.013221153846153846
0 0.296875 0.33052884615384615 0.008413461538461538 0.008413461538461538
0 0.2956730769230769 0.3173076923076923 0.010817307692307692 0.013221153846153846
0 0.3076923076923077 0.3161057692307692 0.010817307692307692 0.010817307692307692
0 0.2932692307692308 0.2848557692307692 0.013221153846153846 0.020432692307692308
0 0.2920673076923077 0.25240384615384615 0.010817307692307692 0.018028846153846152
0 0.28966346153846156 0.20072115384615385 0.010817307692307692 0.013221153846153846
0 0.2932692307692308 0.17908653846153846 0.008413461538461538 0.010817307692307692
0 0.2932692307692308 0.1502403846153846 0.008413461538461538 0.010817307692307692
0 0.2920673076923077 0.12740384615384615 0.010817307692307692 0.010817307692307692
0 0.2932692307692308 0.11298076923076923 0.008413461538461538 0.013221153846153846
0 0.2932692307692308 0.0829326923076923 0.008413461538461538 0.004807692307692308
0 0.28966346153846156 0.07211538461538461 0.007211538461538462 0.008413461538461538
0 0.29086538461538464 0.04567307692307692 0.013221153846153846 0.010817307692307692
0 0.35096153846153844 0.5360576923076923 0.013221153846153846 0.013221153846153846
0 0.9483173076923077 0.8305288461538461 0.013221153846153846 0.015625
0 0.9867788461538461 0.7139423076923077 0.013221153846153846 0.013221153846153846
0 0.9819711538461539 0.6742788461538461 0.018028846153846152 0.015625
0 0.9783653846153846 0.6237980769230769 0.015625 0.013221153846153846
0 0.7596153846153846 0.49038461538461536 0.015625 0.015625
0 0.7211538461538461 0.09975961538461539 0.026442307692307692 0.025240384615384616
0 0.7319711538461539 0.13341346153846154 0.018028846153846152 0.015625
0 0.7451923076923077 0.15144230769230768 0.013221153846153846 0.018028846153846152
0 0.7463942307692307 0.13341346153846154 0.015625 0.013221153846153846
0 0.765625 0.13822115384615385 0.018028846153846152 0.015625
0 0.7764423076923077 0.16466346153846154 0.018028846153846152 0.02283653846153846
0 0.7944711538461539 0.17548076923076922 0.018028846153846152 0.013221153846153846
0 0.8016826923076923 0.18870192307692307 0.018028846153846152 0.013221153846153846
0 0.8269230769230769 0.22355769230769232 0.013221153846153846 0.013221153846153846
0 0.8473557692307693 0.2091346153846154 0.018028846153846152 0.018028846153846152
0 0.8449519230769231 0.2283653846153846 0.013221153846153846 0.015625
0 0.8629807692307693 0.25841346153846156 0.013221153846153846 0.013221153846153846
0 0.8665865384615384 0.23557692307692307 0.015625 0.020432692307692308
0 0.8774038461538461 0.25841346153846156 0.015625 0.018028846153846152
0 0.7776442307692307 0.3293269230769231 0.015625 0.018028846153846152
0 0.7992788461538461 0.32211538461538464 0.02283653846153846 0.018028846153846152
0 0.8185096153846154 0.32091346153846156 0.015625 0.015625
0 0.8545673076923077 0.31009615384615385 0.015625 0.020432692307692308
0 0.8762019230769231 0.30408653846153844 0.02283653846153846 0.013221153846153846
0 0.8966346153846154 0.3137019230769231 0.013221153846153846 0.015625
0 0.9026442307692307 0.2980769230769231 0.018028846153846152 0.015625
0 0.9146634615384616 0.2824519230769231 0.018028846153846152 0.010817307692307692
0 0.9158653846153846 0.3629807692307692 0.015625 0.018028846153846152
0 0.9158653846153846 0.34375 0.010817307692307692 0.015625
0 0.9170673076923077 0.3233173076923077 0.018028846153846152 0.015625
0 0.9651442307692307 0.3173076923076923 0.015625 0.018028846153846152
0 0.9266826923076923 0.2548076923076923 0.020432692307692308 0.018028846153846152
0 0.9314903846153846 0.22355769230769232 0.015625 0.025240384615384616
0 0.9038461538461539 0.19591346153846154 0.025240384615384616 0.013221153846153846
0 0.7800480769230769 0.030048076923076924 0.015625 0.020432692307692308
0 0.8040865384615384 0.0985576923076923 0.013221153846153846 0.015625
0 0.8125 0.1201923076923077 0.015625 0.020432692307692308
0 0.8269230769230769 0.16947115384615385 0.018028846153846152 0.018028846153846152
0 0.9855769230769231 0.21634615384615385 0.015625 0.013221153846153846
0 0.9711538461538461 0.23317307692307693 0.018028846153846152 0.015625
0 0.9326923076923077 0.36538461538461536 0.018028846153846152 0.018028846153846152
0 0.9314903846153846 0.34375 0.020432692307692308 0.015625
0 0.9350961538461539 0.0985576923076923 0.013221153846153846 0.015625
0 0.6706730769230769 0.08653846153846154 0.018028846153846152 0.020432692307692308
0 0.6538461538461539 0.04447115384615385 0.010817307692307692 0.015625
0 0.6466346153846154 0.01201923076923077 0.013221153846153846 0.015625
0 0.6574519230769231 0.025240384615384616 0.013221153846153846 0.018028846153846152
0 0.6935096153846154 0.055288461538461536 0.018028846153846152 0.015625
0 0.984375 0.27283653846153844 0.018028846153846152 0.018028846153846152
0 0.9543269230769231 0.016826923076923076 0.010817307692307692 0.010817307692307692
0 0.9555288461538461 0.06971153846153846 0.013221153846153846 0.013221153846153846
0 0.9651442307692307 0.04447115384615385 0.010817307692307692 0.010817307692307692
0 0.9735576923076923 0.027644230769230768 0.008413461538461538 0.015625
0 0.9819711538461539 0.09495192307692307 0.008413461538461538 0.013221153846153846
0 0.9387019230769231 0.11658653846153846 0.013221153846153846 0.010817307692307692
0 0.9326923076923077 0.1875 0.008413461538461538 0.013221153846153846
0 0.9519230769230769 0.18990384615384615 0.020432692307692308 0.015625
0 0.5228365384615384 0.23076923076923078 0.018028846153846152 0.020432692307692308
0 0.5408653846153846 0.14783653846153846 0.018028846153846152 0.015625
0 0.5745192307692307 0.6201923076923077 0.008413461538461538 0.010817307692307692
0 0.5673076923076923 0.6045673076923077 0.008413461538461538 0.010817307692307692
0 0.5588942307692307 0.5925480769230769 0.008413461538461538 0.013221153846153846
0 0.5685096153846154 0.5697115384615384 0.010817307692307692 0.013221153846153846
0 0.24158653846153846 0.41947115384615385 0.010817307692307692 0.015625
0 0.23677884615384615 0.008413461538461538 0.008413461538461538 0.010817307692307692
0 0.23798076923076922 0.020432692307692308 0.010817307692307692 0.008413461538461538
0 0.23798076923076922 0.03365384615384615 0.010817307692307692 0.013221153846153846
0 0.23317307692307693 0.10697115384615384 0.015625 0.015625
0 0.6382211538461539 0.9447115384615384 0.020432692307692308 0.03365384615384615
0 0.6189903846153846 0.8846153846153846 0.026442307692307692 0.036057692307692304
0 0.5649038461538461 0.9014423076923077 0.013221153846153846 0.02283653846153846
0 0.9134615384615384 0.8858173076923077 0.020432692307692308 0.025240384615384616
0 0.10697115384615384 0.9651442307692307 0.025240384615384616 0.015625
0 0.5300480769230769 0.7103365384615384 0.038461538461538464 0.020432692307692308
0 0.3016826923076923 0.7824519230769231 0.013221153846153846 0.025240384615384616
0 0.296875 0.7439903846153846 0.018028846153846152 0.020432692307692308
0 0.29927884615384615 0.7055288461538461 0.013221153846153846 0.028846153846153848
0 0.33774038461538464 0.7175480769230769 0.02283653846153846 0.025240384615384616
0 0.45072115384615385 0.7295673076923077 0.026442307692307692 0.026442307692307692
0 0.203125 0.23557692307692307 0.02283653846153846 0.020432692307692308
0 0.22235576923076922 0.2668269230769231 0.015625 0.020432692307692308
0 0.23317307692307693 0.24639423076923078 0.015625 0.025240384615384616
0 0.48197115384615385 0.17427884615384615 0.026442307692307692 0.025240384615384616
0 0.5240384615384616 0.13942307692307693 0.015625 0.02283653846153846
0 0.4495192307692308 0.3112980769230769 0.025240384615384616 0.02283653846153846
0 0.11538461538461539 0.9879807692307693 0.018028846153846152 0.020432692307692308
0 0.3329326923076923 0.03125 0.013221153846153846 0.02283653846153846
0 0.5396634615384616 0.08173076923076923 0.010817307692307692 0.015625
0 0.5600961538461539 0.18269230769230768 0.020432692307692308 0.018028846153846152
0 0.5084134615384616 0.20552884615384615 0.013221153846153846 0.015625
0 0.4987980769230769 0.22115384615384615 0.010817307692307692 0.018028846153846152
0 0.4963942307692308 0.24519230769230768 0.010817307692307692 0.013221153846153846
0 0.7932692307692307 0.07091346153846154 0.013221153846153846 0.015625
0 0.9182692307692307 0.17427884615384615 0.020432692307692308 0.020432692307692308
0 0.7980769230769231 0.34134615384615385 0.020432692307692308 0.020432692307692308
0 0.5697115384615384 0.5504807692307693 0.013221153846153846 0.020432692307692308
0 0.6502403846153846 0.6153846153846154 0.015625 0.018028846153846152
0 0.8521634615384616 0.5420673076923077 0.015625 0.020432692307692308
0 0.8689903846153846 0.5480769230769231 0.013221153846153846 0.015625
0 0.16346153846153846 0.6514423076923077 0.015625 0.020432692307692308
0 0.20432692307692307 0.6526442307692307 0.010817307692307692 0.013221153846153846
0 0.16947115384615385 0.6310096153846154 0.010817307692307692 0.013221153846153846
0 0.1875 0.6310096153846154 0.015625 0.013221153846153846
0 0.20432692307692307 0.6286057692307693 0.010817307692307692 0.013221153846153846
0 0.29447115384615385 0.4735576923076923 0.018028846153846152 0.015625
0 0.3173076923076923 0.44471153846153844 0.018028846153846152 0.020432692307692308
0 0.36778846153846156 0.8689903846153846 0.015625 0.02283653846153846
0 0.4098557692307692 0.8401442307692307 0.013221153846153846 0.018028846153846152
0 0.45072115384615385 0.8605769230769231 0.018028846153846152 0.02283653846153846
0 0.6117788461538461 0.8497596153846154 0.020432692307692308 0.020432692307692308
0 0.6021634615384616 0.9795673076923077 0.015625 0.018028846153846152
0 0.2980769230769231 0.9399038461538461 0.020432692307692308 0.025240384615384616
0 0.41947115384615385 0.7295673076923077 0.025240384615384616 0.02283653846153846
0 0.17668269230769232 0.9603365384615384 0.025240384615384616 0.015625
0 0.35336538461538464 0.5829326923076923 0.026442307692307692 0.040865384615384616
0 0.052884615384615384 0.9170673076923077 0.020432692307692308 0.013221153846153846
0 0.15865384615384615 0.6947115384615384 0.010817307692307692 0.015625
0 0.21514423076923078 0.6875 0.015625 0.020432692307692308