0 0.171875 0.8173076923076923 0.025240384615384616 0.03125
0 0.07451923076923077 0.9447115384615384 0.026442307692307692 0.025240384615384616
0 0.18990384615384615 0.9026442307692307 0.015625 0.018028846153846152
0 0.1875 0.9290865384615384 0.013221153846153846 0.015625
0 0.18870192307692307 0.9711538461538461 0.013221153846153846 0.02283653846153846
0 0.06971153846153846 0.9879807692307693 0.013221153846153846 0.015625
0 0.04567307692307692 0.9831730769230769 0.010817307692307692 0.020432692307692308
0 0.08413461538461539 0.984375 0.010817307692307692 0.013221153846153846
0 0.12379807692307693 0.8737980769230769 0.013221153846153846 0.013221153846153846
0 0.055288461538461536 0.9002403846153846 0.025240384615384616 0.020432692307692308
0 0.042067307692307696 0.9567307692307693 0.010817307692307692 0.013221153846153846
0 0.025240384615384616 0.9699519230769231 0.004807692307692308 0.007211538461538462
0 0.026442307692307692 0.9567307692307693 0.007211538461538462 0.004807692307692308
0 0.006009615384615385 0.9555288461538461 0.007211538461538462 0.007211538461538462
0 0.003605769230769231 0.9435096153846154 0.007211538461538462 0.008413461538461538
0 0.004807692307692308 0.9194711538461539 0.004807692307692308 0.007211538461538462
0 0.06490384615384616 0.8786057692307693 0.02283653846153846 0.026442307692307692
0 0.140625 0.8125 0.025240384615384616 0.025240384615384616
0 0.14903846153846154 0.8389423076923077 0.026442307692307692 0.015625
0 0.11538461538461539 0.8149038461538461 0.02283653846153846 0.03125