0 0.6310096153846154 0.44471153846153844 0.013221153846153846 0.015625
0 0.6153846153846154 0.46153846153846156 0.013221153846153846 0.013221153846153846
0 0.5408653846153846 0.4831730769230769 0.013221153846153846 0.015625
0 0.6021634615384616 0.46875 0.010817307692307692 0.013221153846153846
0 0.5889423076923077 0.4795673076923077 0.010817307692307692 0.008413461538461538
0 0.5649038461538461 0.47596153846153844 0.013221153846153846 0.010817307692307692
0 0.5685096153846154 0.4987980769230769 0.010817307692307692 0.010817307692307692
0 0.5444711538461539 0.5240384615384616 0.010817307692307692 0.010817307692307692
0 0.5084134615384616 0.5396634615384616 0.013221153846153846 0.010817307692307692
0 0.5108173076923077 0.5552884615384616 0.013221153846153846 0.010817307692307692
0 0.5084134615384616 0.5721153846153846 0.010817307692307692 0.013221153846153846
0 0.49278846153846156 0.6213942307692307 0.008413461538461538 0.008413461538461538
0 0.5084134615384616 0.5973557692307693 0.010817307692307692 0.013221153846153846
0 0.5012019230769231 0.6069711538461539 0.015625 0.010817307692307692
0 0.6165865384615384 0.9014423076923077 0.008413461538461538 0.013221153846153846
0 0.6033653846153846 0.8786057692307693 0.008413461538461538 0.008413461538461538
0 0.6057692307692307 0.8245192307692307 0.013221153846153846 0.013221153846153846
0 0.5805288461538461 0.8365384615384616 0.013221153846153846 0.010817307692307692
0 0.6334134615384616 0.7848557692307693 0.010817307692307692 0.010817307692307692
0 0.6826923076923077 0.828125 0.013221153846153846 0.015625
0 0.6490384615384616 0.8365384615384616 0.013221153846153846 0.010817307692307692
0 0.5985576923076923 0.8533653846153846 0.010817307692307692 0.013221153846153846
0 0.6262019230769231 0.8701923076923077 0.013221153846153846 0.010817307692307692
0 0.6694711538461539 0.8713942307692307 0.008413461538461538 0.008413461538461538
0 0.6790865384615384 0.8810096153846154 0.010817307692307692 0.013221153846153846
0 0.6694711538461539 0.8870192307692307 0.010817307692307692 0.008413461538461538
0 0.6370192307692307 0.7740384615384616 0.013221153846153846 0.010817307692307692
0 0.234375 0.8545673076923077 0.018028846153846152 0.025240384615384616
0 0.2512019230769231 0.9591346153846154 0.015625 0.018028846153846152
0 0.24879807692307693 0.9338942307692307 0.015625 0.015625
0 0.24879807692307693 0.8064903846153846 0.015625 0.013221153846153846
0 0.25240384615384615 0.7584134615384616 0.013221153846153846 0.010817307692307692
0 0.25240384615384615 0.7451923076923077 0.013221153846153846 0.008413461538461538
0 0.25240384615384615 0.7331730769230769 0.013221153846153846 0.007211538461538462
0 0.2548076923076923 0.7211538461538461 0.013221153846153846 0.008413461538461538
0 0.12379807692307693 0.9014423076923077 0.013221153846153846 0.013221153846153846
0 0.21514423076923078 0.9278846153846154 0.010817307692307692 0.013221153846153846
0 0.36658653846153844 0.6009615384615384 0.020432692307692308 0.02283653846153846
0 0.31971153846153844 0.6682692307692307 0.013221153846153846 0.010817307692307692
0 0.3137019230769231 0.6514423076923077 0.015625 0.010817307692307692
0 0.30649038461538464 0.6995192307692307 0.013221153846153846 0.015625
0 0.31971153846153844 0.4855769230769231 0.018028846153846152 0.015625
0 0.31490384615384615 0.4987980769230769 0.013221153846153846 0.015625
0 0.31009615384615385 0.515625 0.010817307692307692 0.013221153846153846
0 0.3137019230769231 0.5300480769230769 0.015625 0.015625
0 0.1622596153846154 0.3233173076923077 0.018028846153846152 0.020432692307692308
0 0.0733173076923077 0.23076923076923078 0.010817307692307692 0.015625
0 0.036057692307692304 0.27403846153846156 0.013221153846153846 0.015625
0 0.23918269230769232 0.2800480769230769 0.013221153846153846 0.015625
0 0.5420673076923077 0.140625 0.015625 0.010817307692307692
0 0.025240384615384616 0.9915865384615384 0.013221153846153846 0.013221153846153846
0 0.20552884615384615 0.703125 0.010817307692307692 0.018028846153846152
0 0.21033653846153846 0.6802884615384616 0.010817307692307692 0.018028846153846152
0 0.19591346153846154 0.6850961538461539 0.013221153846153846 0.018028846153846152
0 0.19951923076923078 0.6586538461538461 0.015625 0.015625
0 0.15985576923076922 0.609375 0.008413461538461538 0.015625
0 0.11658653846153846 0.2091346153846154 0.008413461538461538 0.008413461538461538
0 0.11538461538461539 0.22235576923076922 0.013221153846153846 0.010817307692307692
0 0.12620192307692307 0.23076923076923078 0.008413461538461538 0.010817307692307692
0 0.140625 0.23557692307692307 0.015625 0.010817307692307692
0 0.17307692307692307 0.23317307692307693 0.013221153846153846 0.010817307692307692
0 0.16105769230769232 0.25961538461538464 0.015625 0.015625
0 0.17427884615384615 0.2764423076923077 0.015625 0.010817307692307692
0 0.026442307692307692 0.015625 0.025240384615384616 0.018028846153846152
0 0.17067307692307693 0.02403846153846154 0.008413461538461538 0.010817307692307692
0 0.20793269230769232 0.020432692307692308 0.028846153846153848 0.026442307692307692
0 0.23677884615384615 0.020432692307692308 0.02283653846153846 0.02283653846153846
0 0.15745192307692307 0.01201923076923077 0.013221153846153846 0.010817307692307692
0 0.24519230769230768 0.07932692307692307 0.013221153846153846 0.013221153846153846
0 0.25 0.09014423076923077 0.013221153846153846 0.013221153846153846
0 0.2548076923076923 0.10336538461538461 0.008413461538461538 0.013221153846153846
0 0.24879807692307693 0.11538461538461539 0.010817307692307692 0.008413461538461538
0 0.24519230769230768 0.13822115384615385 0.008413461538461538 0.015625
0 0.25721153846153844 0.13581730769230768 0.008413461538461538 0.020432692307692308
0 0.25240384615384615 0.15504807692307693 0.013221153846153846 0.013221153846153846
0 0.2536057692307692 0.20192307692307693 0.010817307692307692 0.015625
0 0.2536057692307692 0.21875 0.010817307692307692 0.013221153846153846
0 0.24759615384615385 0.25961538461538464 0.013221153846153846 0.010817307692307692
0 0.24879807692307693 0.23798076923076922 0.010817307692307692 0.010817307692307692
0 0.13942307692307693 0.1658653846153846 0.013221153846153846 0.010817307692307692
0 0.1971153846153846 0.1658653846153846 0.015625 0.015625
0 0.19591346153846154 0.125 0.013221153846153846 0.015625
0 0.0889423076923077 0.19230769230769232 0.015625 0.015625
0 0.0889423076923077 0.171875 0.015625 0.015625
0 0.08533653846153846 0.15384615384615385 0.018028846153846152 0.015625
0 0.08774038461538461 0.13341346153846154 0.018028846153846152 0.015625
0 0.09014423076923077 0.1141826923076923 0.02283653846153846 0.015625
0 0.08413461538461539 0.09615384615384616 0.015625 0.015625
0 0.16346153846153846 0.13221153846153846 0.015625 0.015625
0 0.021634615384615384 0.09735576923076923 0.010817307692307692 0.018028846153846152
0 0.019230769230769232 0.07932692307692307 0.015625 0.013221153846153846
0 0.037259615384615384 0.0829326923076923 0.015625 0.013221153846153846
0 0.057692307692307696 0.08774038461538461 0.020432692307692308 0.013221153846153846
0 0.0625 0.2091346153846154 0.015625 0.013221153846153846
0 0.056490384615384616 0.22596153846153846 0.018028846153846152 0.015625
0 0.09254807692307693 0.24158653846153846 0.013221153846153846 0.018028846153846152
0 0.09735576923076923 0.33052884615384615 0.013221153846153846 0.015625
0 0.0985576923076923 0.3112980769230769 0.015625 0.013221153846153846
0 0.09254807692307693 0.2764423076923077 0.013221153846153846 0.013221153846153846
0 0.30649038461538464 0.32091346153846156 0.013221153846153846 0.015625
0 0.32211538461538464 0.3233173076923077 0.013221153846153846 0.015625
0 0.3389423076923077 0.3233173076923077 0.015625 0.015625
0 0.3125 0.2980769230769231 0.015625 0.010817307692307692
0 0.3112980769230769 0.28125 0.013221153846153846 0.013221153846153846
0 0.31009615384615385 0.26322115384615385 0.015625 0.018028846153846152
0 0.3112980769230769 0.24278846153846154 0.018028846153846152 0.013221153846153846
0 0.3125 0.22596153846153846 0.018028846153846152 0.015625
0 0.33052884615384615 0.23677884615384615 0.015625 0.013221153846153846
0 0.35096153846153844 0.23197115384615385 0.018028846153846152 0.013221153846153846
0 0.38341346153846156 0.22355769230769232 0.013221153846153846 0.013221153846153846
0 0.5324519230769231 0.3125 0.025240384615384616 0.025240384615384616
0 0.5372596153846154 0.28966346153846156 0.015625 0.015625
0 0.53125 0.2704326923076923 0.018028846153846152 0.013221153846153846
0 0.5348557692307693 0.25 0.020432692307692308 0.013221153846153846
0 0.6045673076923077 0.30408653846153844 0.010817307692307692 0.013221153846153846
0 0.6045673076923077 0.2860576923076923 0.010817307692307692 0.013221153846153846
0 0.6021634615384616 0.2668269230769231 0.015625 0.015625
0 0.5997596153846154 0.25 0.015625 0.018028846153846152
0 0.6033653846153846 0.22115384615384615 0.013221153846153846 0.013221153846153846
0 0.6033653846153846 0.20673076923076922 0.008413461538461538 0.008413461538461538
0 0.6045673076923077 0.19230769230769232 0.010817307692307692 0.010817307692307692
0 0.5997596153846154 0.16346153846153846 0.015625 0.020432692307692308
0 0.13822115384615385 0.40024038461538464 0.025240384615384616 0.015625
0 0.21153846153846154 0.39302884615384615 0.018028846153846152 0.015625
0 0.22956730769230768 0.39302884615384615 0.018028846153846152 0.020432692307692308
0 0.008413461538461538 0.4110576923076923 0.013221153846153846 0.015625
0 0.02283653846153846 0.4074519230769231 0.013221153846153846 0.013221153846153846
0 0.025240384615384616 0.3918269230769231 0.013221153846153846 0.013221153846153846
0 0.020432692307692308 0.3713942307692308 0.018028846153846152 0.013221153846153846
0 0.008413461538461538 0.24278846153846154 0.015625 0.008413461538461538
0 0.03485576923076923 0.2091346153846154 0.015625 0.013221153846153846
0 0.08533653846153846 0.45072115384615385 0.013221153846153846 0.013221153846153846
0 0.10216346153846154 0.4495192307692308 0.015625 0.010817307692307692
0 0.125 0.4495192307692308 0.020432692307692308 0.010817307692307692
0 0.1935096153846154 0.5288461538461539 0.018028846153846152 0.013221153846153846
0 0.20552884615384615 0.6382211538461539 0.018028846153846152 0.015625
0 0.25600961538461536 0.6935096153846154 0.010817307692307692 0.013221153846153846
0 0.2536057692307692 0.6694711538461539 0.010817307692307692 0.010817307692307692
0 0.2548076923076923 0.6478365384615384 0.013221153846153846 0.010817307692307692
0 0.2536057692307692 0.578125 0.010817307692307692 0.010817307692307692
0 0.10697115384615384 0.8713942307692307 0.010817307692307692 0.013221153846153846
0 0.15504807692307693 0.9278846153846154 0.013221153846153846 0.013221153846153846
0 0.021634615384615384 0.9459134615384616 0.015625 0.013221153846153846
0 0.03245192307692308 0.9615384615384616 0.010817307692307692 0.013221153846153846
0 0.24879807692307693 0.9146634615384616 0.010817307692307692 0.013221153846153846
0 0.2536057692307692 0.8894230769230769 0.015625 0.018028846153846152
0 0.25240384615384615 0.8689903846153846 0.013221153846153846 0.013221153846153846
0 0.2536057692307692 0.8497596153846154 0.015625 0.015625
0 0.24879807692307693 0.8341346153846154 0.015625 0.010817307692307692
0 0.24759615384615385 0.8209134615384616 0.013221153846153846 0.010817307692307692
0 0.21875 0.9603365384615384 0.018028846153846152 0.007211538461538462
0 0.21754807692307693 0.9459134615384616 0.010817307692307692 0.008413461538461538
0 0.23317307692307693 0.9723557692307693 0.010817307692307692 0.015625
0 0.12379807692307693 0.9423076923076923 0.013221153846153846 0.010817307692307692
0 0.12740384615384615 0.8870192307692307 0.015625 0.013221153846153846
0 0.31009615384615385 0.7223557692307693 0.010817307692307692 0.010817307692307692
0 0.30649038461538464 0.7451923076923077 0.008413461538461538 0.013221153846153846
0 0.3088942307692308 0.7788461538461539 0.013221153846153846 0.018028846153846152
0 0.30288461538461536 0.7980769230769231 0.015625 0.015625
0 0.30408653846153844 0.8317307692307693 0.013221153846153846 0.010817307692307692
0 0.3125 0.8149038461538461 0.010817307692307692 0.013221153846153846
0 0.3112980769230769 0.8485576923076923 0.013221153846153846 0.013221153846153846
0 0.30528846153846156 0.8762019230769231 0.010817307692307692 0.013221153846153846
0 0.3112980769230769 0.8978365384615384 0.018028846153846152 0.015625
0 0.3389423076923077 0.9146634615384616 0.020432692307692308 0.018028846153846152
0 0.36899038461538464 0.9350961538461539 0.018028846153846152 0.013221153846153846
0 0.5444711538461539 0.8930288461538461 0.015625 0.020432692307692308
0 0.6057692307692307 0.7908653846153846 0.013221153846153846 0.013221153846153846
0 0.59375 0.7668269230769231 0.010817307692307692 0.010817307692307692
0 0.5841346153846154 0.7524038461538461 0.010817307692307692 0.008413461538461538
0 0.5805288461538461 0.7367788461538461 0.008413461538461538 0.013221153846153846
0 0.5360576923076923 0.5949519230769231 0.013221153846153846 0.008413461538461538
0 0.5384615384615384 0.5805288461538461 0.008413461538461538 0.010817307692307692
0 0.5072115384615384 0.14543269230769232 0.013221153846153846 0.010817307692307692
0 0.49158653846153844 0.14182692307692307 0.008413461538461538 0.013221153846153846
0 0.4735576923076923 0.14543269230769232 0.010817307692307692 0.010817307692307692
0 0.45552884615384615 0.14903846153846154 0.013221153846153846 0.013221153846153846
0 0.4338942307692308 0.14903846153846154 0.010817307692307692 0.008413461538461538
0 0.41947115384615385 0.1502403846153846 0.008413461538461538 0.007211538461538462
0 0.4014423076923077 0.14783653846153846 0.008413461538461538 0.007211538461538462
0 0.38221153846153844 0.1466346153846154 0.010817307692307692 0.013221153846153846
0 0.36538461538461536 0.14182692307692307 0.008413461538461538 0.008413461538461538
0 0.35336538461538464 0.14302884615384615 0.008413461538461538 0.010817307692307692
0 0.29927884615384615 0.013221153846153846 0.008413461538461538 0.013221153846153846
0 0.8305288461538461 0.90625 0.010817307692307692 0.015625
0 0.9266826923076923 0.9134615384615384 0.010817307692307692 0.015625
0 0.9507211538461539 0.9014423076923077 0.008413461538461538 0.007211538461538462
0 0.9735576923076923 0.6850961538461539 0.02283653846153846 0.018028846153846152
0 0.9735576923076923 0.6658653846153846 0.015625 0.015625
0 0.6971153846153846 0.6514423076923077 0.010817307692307692 0.013221153846153846
0 0.7151442307692307 0.6899038461538461 0.010817307692307692 0.010817307692307692
0 0.14423076923076922 0.7644230769230769 0.02283653846153846 0.020432692307692308
0 0.06129807692307692 0.7608173076923077 0.026442307692307692 0.026442307692307692
0 0.0889423076923077 0.8701923076923077 0.015625 0.015625
0 0.10216346153846154 0.8485576923076923 0.020432692307692308 0.018028846153846152
0 0.44591346153846156 0.9266826923076923 0.013221153846153846 0.020432692307692308
0 0.4675480769230769 0.9338942307692307 0.010817307692307692 0.020432692307692308
0 0.6658653846153846 0.9074519230769231 0.015625 0.013221153846153846
0 0.6334134615384616 0.9026442307692307 0.013221153846153846 0.018028846153846152
0 0.5889423076923077 0.8846153846153846 0.015625 0.013221153846153846
0 0.30408653846153844 0.5600961538461539 0.026442307692307692 0.028846153846153848
0 0.2980769230769231 0.6009615384615384 0.025240384615384616 0.026442307692307692
0 0.3088942307692308 0.6346153846153846 0.026442307692307692 0.02283653846153846
0 0.3269230769230769 0.6009615384615384 0.02283653846153846 0.03125
0 0.39302884615384615 0.6514423076923077 0.020432692307692308 0.03125
0 0.4182692307692308 0.6502403846153846 0.025240384615384616 0.038461538461538464
0 0.4567307692307692 0.6502403846153846 0.040865384615384616 0.038461538461538464
0 0.46033653846153844 0.6153846153846154 0.038461538461538464 0.026442307692307692
0 0.4699519230769231 0.5817307692307693 0.04326923076923077 0.028846153846153848
0 0.37740384615384615 0.4963942307692308 0.025240384615384616 0.028846153846153848
0 0.41346153846153844 0.5168269230769231 0.04326923076923077 0.028846153846153848
0 0.4795673076923077 0.515625 0.054086538461538464 0.03125
0 0.0829326923076923 0.47115384615384615 0.036057692307692304 0.02283653846153846
0 0.06850961538461539 0.5216346153846154 0.03365384615384615 0.025240384615384616
0 0.008413461538461538 0.5805288461538461 0.015625 0.02283653846153846
0 0.026442307692307692 0.5576923076923077 0.03125 0.020432692307692308
0 0.09375 0.6165865384615384 0.020432692307692308 0.020432692307692308
0 0.11177884615384616 0.5961538461538461 0.020432692307692308 0.010817307692307692
0 0.09375 0.6875 0.028846153846153848 0.03365384615384615
0 0.21153846153846154 0.7367788461538461 0.02283653846153846 0.02283653846153846
0 0.17427884615384615 0.7091346153846154 0.025240384615384616 0.026442307692307692
0 0.06971153846153846 0.7283653846153846 0.018028846153846152 0.025240384615384616
0 0.04567307692307692 0.9194711538461539 0.028846153846153848 0.025240384615384616
0 0.06610576923076923 0.6418269230769231 0.015625 0.02283653846153846
0 0.03245192307692308 0.65625 0.020432692307692308 0.015625
0 0.13341346153846154 0.6418269230769231 0.015625 0.018028846153846152
0 0.5637019230769231 0.9170673076923077 0.020432692307692308 0.013221153846153846
0 0.8137019230769231 0.8701923076923077 0.025240384615384616 0.020432692307692308
0 0.6899038461538461 0.3425480769230769 0.03365384615384615 0.018028846153846152
0 0.6754807692307693 0.39783653846153844 0.018028846153846152 0.025240384615384616
0 0.6490384615384616 0.4026442307692308 0.018028846153846152 0.02283653846153846
0 0.6526442307692307 0.375 0.013221153846153846 0.025240384615384616
0 0.6754807692307693 0.27283653846153844 0.018028846153846152 0.02283653846153846
0 0.6850961538461539 0.21995192307692307 0.036057692307692304 0.038461538461538464
0 0.7427884615384616 0.21754807692307693 0.040865384615384616 0.020432692307692308
0 0.6598557692307693 0.14423076923076922 0.03125 0.03125
0 0.6382211538461539 0.052884615384615384 0.020432692307692308 0.03365384615384615
0 0.5649038461538461 0.010817307692307692 0.013221153846153846 0.020432692307692308
0 0.41346153846153844 0.19471153846153846 0.03365384615384615 0.025240384615384616
0 0.45552884615384615 0.18389423076923078 0.02283653846153846 0.020432692307692308
0 0.48197115384615385 0.17548076923076922 0.02283653846153846 0.02283653846153846
0 0.4831730769230769 0.19591346153846154 0.03365384615384615 0.018028846153846152
0 0.2980769230769231 0.1045673076923077 0.028846153846153848 0.020432692307692308
0 0.3076923076923077 0.13581730769230768 0.028846153846153848 0.025240384615384616
0 0.3088942307692308 0.171875 0.026442307692307692 0.020432692307692308
0 0.3076923076923077 0.19831730769230768 0.028846153846153848 0.03125
0 0.84375 0.10817307692307693 0.025240384615384616 0.02283653846153846
0 0.19110576923076922 0.203125 0.02283653846153846 0.026442307692307692
0 0.17668269230769232 0.1622596153846154 0.020432692307692308 0.026442307692307692
0 0.10697115384615384 0.0733173076923077 0.025240384615384616 0.015625
0 0.1875 0.0985576923076923 0.018028846153846152 0.025240384615384616
0 0.05048076923076923 0.109375 0.038461538461538464 0.025240384615384616
0 0.14302884615384615 0.20793269230769232 0.020432692307692308 0.028846153846153848
0 0.06129807692307692 0.27403846153846156 0.02283653846153846 0.015625
0 0.015625 0.27283653846153844 0.018028846153846152 0.018028846153846152
0 0.08413461538461539 0.4074519230769231 0.025240384615384616 0.018028846153846152
0 0.10576923076923077 0.4074519230769231 0.013221153846153846 0.02283653846153846
0 0.11538461538461539 0.09615384615384616 0.018028846153846152 0.020432692307692308
0 0.1502403846153846 0.09495192307692307 0.038461538461538464 0.036057692307692304
0 0.6021634615384616 0.08774038461538461 0.015625 0.018028846153846152
0 0.2980769230769231 0.04807692307692308 0.020432692307692308 0.025240384615384616
0 0.4074519230769231 0.1346153846153846 0.018028846153846152 0.013221153846153846
0 0.17668269230769232 0.06850961538461539 0.025240384615384616 0.015625
0 0.13581730769230768 0.34134615384615385 0.015625 0.020432692307692308
0 0.8677884615384616 0.34615384615384615 0.020432692307692308 0.020432692307692308
0 0.1778846153846154 0.6298076923076923 0.018028846153846152 0.020432692307692308
0 0.49158653846153844 0.7584134615384616 0.02283653846153846 0.020432692307692308
0 0.5120192307692307 0.7487980769230769 0.015625 0.020432692307692308
0 0.6153846153846154 0.7680288461538461 0.013221153846153846 0.018028846153846152
0 0.5492788461538461 0.5072115384615384 0.018028846153846152 0.02283653846153846
0 0.7451923076923077 0.8894230769230769 0.018028846153846152 0.018028846153846152
0 0.7560096153846154 0.9158653846153846 0.015625 0.015625
0 0.6790865384615384 0.859375 0.015625 0.015625
0 0.6466346153846154 0.9302884615384616 0.018028846153846152 0.02283653846153846
0 0.5432692307692307 0.8305288461538461 0.013221153846153846 0.02283653846153846
0 0.6045673076923077 0.921875 0.025240384615384616 0.025240384615384616
0 0.8088942307692307 0.9110576923076923 0.02283653846153846 0.020432692307692308
0 0.29447115384615385 0.5060096153846154 0.015625 0.020432692307692308
0 0.052884615384615384 0.025240384615384616 0.020432692307692308 0.013221153846153846