0 0.9807692307692307 0.5408653846153846 0.015625 0.013221153846153846
0 0.9651442307692307 0.5180288461538461 0.010817307692307692 0.013221153846153846
0 0.9302884615384616 0.4987980769230769 0.013221153846153846 0.010817307692307692
0 0.9014423076923077 0.5132211538461539 0.013221153846153846 0.02283653846153846
0 0.7776442307692307 0.5084134615384616 0.010817307692307692 0.010817307692307692
0 0.7175480769230769 0.5192307692307693 0.015625 0.015625
0 0.6478365384615384 0.46033653846153844 0.025240384615384616 0.015625
0 0.7836538461538461 0.375 0.013221153846153846 0.015625
0 0.8209134615384616 0.4206730769230769 0.020432692307692308 0.018028846153846152
0 0.8725961538461539 0.4362980769230769 0.015625 0.020432692307692308
0 0.9038461538461539 0.22115384615384615 0.015625 0.013221153846153846
0 0.9074519230769231 0.3016826923076923 0.013221153846153846 0.013221153846153846
0 0.765625 0.021634615384615384 0.018028846153846152 0.020432692307692308
0 0.9158653846153846 0.09495192307692307 0.010817307692307692 0.018028846153846152
0 0.9375 0.109375 0.013221153846153846 0.010817307692307692
0 0.9867788461538461 0.25 0.013221153846153846 0.018028846153846152
0 0.6875 0.08533653846153846 0.020432692307692308 0.02283653846153846
0 0.9627403846153846 0.23677884615384615 0.025240384615384616 0.018028846153846152
0 0.9735576923076923 0.16466346153846154 0.020432692307692308 0.018028846153846152
0 0.9423076923076923 0.13942307692307693 0.03365384615384615 0.018028846153846152
0 0.9134615384615384 0.16947115384615385 0.020432692307692308 0.013221153846153846
0 0.9278846153846154 0.1971153846153846 0.026442307692307692 0.020432692307692308
0 0.90625 0.32091346153846156 0.025240384615384616 0.025240384615384616
0 0.9302884615384616 0.34375 0.018028846153846152 0.020432692307692308
0 0.8497596153846154 0.3605769230769231 0.028846153846153848 0.018028846153846152
0 0.8954326923076923 0.41346153846153844 0.028846153846153848 0.015625
0 0.9038461538461539 0.39302884615384615 0.020432692307692308 0.020432692307692308
0 0.9302884615384616 0.41225961538461536 0.02283653846153846 0.018028846153846152
0 0.9375 0.38221153846153844 0.025240384615384616 0.020432692307692308
0 0.9819711538461539 0.3858173076923077 0.018028846153846152 0.020432692307692308
0 0.9855769230769231 0.4230769230769231 0.020432692307692308 0.018028846153846152
0 0.9639423076923077 0.4735576923076923 0.018028846153846152 0.02283653846153846
0 0.984375 0.4951923076923077 0.02283653846153846 0.018028846153846152
0 0.7475961538461539 0.21394230769230768 0.026442307692307692 0.02283653846153846
0 0.7752403846153846 0.25240384615384615 0.018028846153846152 0.013221153846153846
0 0.7596153846153846 0.2704326923076923 0.015625 0.018028846153846152
0 0.7439903846153846 0.27403846153846156 0.015625 0.020432692307692308
0 0.7079326923076923 0.27403846153846156 0.020432692307692308 0.015625
0 0.7259615384615384 0.3016826923076923 0.025240384615384616 0.018028846153846152
0 0.7728365384615384 0.33052884615384615 0.02283653846153846 0.02283653846153846
0 0.8088942307692307 0.35697115384615385 0.02283653846153846 0.020432692307692308
0 0.8569711538461539 0.08052884615384616 0.028846153846153848 0.028846153846153848
0 0.8317307692307693 0.10697115384615384 0.025240384615384616 0.020432692307692308