0 0.056490384615384616 0.8305288461538461 0.013221153846153846 0.015625
0 0.1201923076923077 0.7572115384615384 0.010817307692307692 0.018028846153846152
0 0.09495192307692307 0.7139423076923077 0.013221153846153846 0.013221153846153846
0 0.09014423076923077 0.6742788461538461 0.018028846153846152 0.015625
0 0.08653846153846154 0.6237980769230769 0.015625 0.013221153846153846
0 0.006009615384615385 0.3137019230769231 0.010817307692307692 0.015625
0 0.010817307692307692 0.2980769230769231 0.018028846153846152 0.015625
0 0.02283653846153846 0.2824519230769231 0.018028846153846152 0.010817307692307692
0 0.02403846153846154 0.3629807692307692 0.015625 0.018028846153846152
0 0.02403846153846154 0.34375 0.010817307692307692 0.015625
0 0.025240384615384616 0.3233173076923077 0.018028846153846152 0.015625
0 0.0733173076923077 0.3173076923076923 0.015625 0.018028846153846152
0 0.03485576923076923 0.2548076923076923 0.020432692307692308 0.018028846153846152
0 0.039663461538461536 0.22355769230769232 0.015625 0.025240384615384616
0 0.013221153846153846 0.19591346153846154 0.026442307692307692 0.016826923076923076
0 0.09375 0.21634615384615385 0.015625 0.013221153846153846
0 0.07932692307692307 0.23317307692307693 0.018028846153846152 0.015625
0 0.040865384615384616 0.36538461538461536 0.018028846153846152 0.018028846153846152
0 0.039663461538461536 0.34375 0.020432692307692308 0.015625
0 0.11778846153846154 0.40625 0.015625 0.015625
0 0.12860576923076922 0.41947115384615385 0.013221153846153846 0.015625
0 0.11177884615384616 0.3858173076923077 0.015625 0.020432692307692308
0 0.1310096153846154 0.38461538461538464 0.018028846153846152 0.02283653846153846
0 0.13942307692307693 0.4014423076923077 0.02283653846153846 0.015625
0 0.1141826923076923 0.36658653846153844 0.020432692307692308 0.015625
0 0.13221153846153846 0.36538461538461536 0.015625 0.018028846153846152
0 0.04326923076923077 0.0985576923076923 0.013221153846153846 0.015625
0 0.09254807692307693 0.27283653846153844 0.018028846153846152 0.018028846153846152
0 0.1346153846153846 0.055288461538461536 0.018028846153846152 0.015625
0 0.0625 0.016826923076923076 0.010817307692307692 0.010817307692307692
0 0.13822115384615385 0.10096153846153846 0.010817307692307692 0.013221153846153846
0 0.14423076923076922 0.08774038461538461 0.013221153846153846 0.013221153846153846
0 0.0625 0.06971153846153846 0.013221153846153846 0.013221153846153846
0 0.0733173076923077 0.04447115384615385 0.010817307692307692 0.010817307692307692
0 0.08052884615384616 0.027644230769230768 0.008413461538461538 0.015625
0 0.11899038461538461 0.03485576923076923 0.013221153846153846 0.010817307692307692
0 0.13341346153846154 0.03245192307692308 0.008413461538461538 0.010817307692307692
0 0.09014423076923077 0.09495192307692307 0.008413461538461538 0.013221153846153846
0 0.046875 0.11658653846153846 0.013221153846153846 0.010817307692307692
0 0.040865384615384616 0.1875 0.008413461538461538 0.013221153846153846
0 0.06009615384615385 0.18990384615384615 0.020432692307692308 0.015625
0 0.021634615384615384 0.8858173076923077 0.020432692307692308 0.025240384615384616
0 0.026442307692307692 0.17427884615384615 0.020432692307692308 0.020432692307692308