0 0.8100961538461539 0.02283653846153846 0.015625 0.018028846153846152
0 0.7680288461538461 0.04807692307692308 0.013221153846153846 0.010817307692307692
0 0.7752403846153846 0.0625 0.013221153846153846 0.008413461538461538
0 0.7836538461538461 0.07451923076923077 0.008413461538461538 0.008413461538461538
0 0.7920673076923077 0.08653846153846154 0.015625 0.015625
0 0.796875 0.09975961538461539 0.013221153846153846 0.015625
0 0.8305288461538461 0.05889423076923077 0.010817307692307692 0.013221153846153846
0 0.8389423076923077 0.06971153846153846 0.015625 0.013221153846153846
0 0.8557692307692307 0.10096153846153846 0.018028846153846152 0.018028846153846152
0 0.8689903846153846 0.11298076923076923 0.013221153846153846 0.013221153846153846
0 0.8822115384615384 0.12860576923076922 0.015625 0.013221153846153846
0 0.8966346153846154 0.14182692307692307 0.013221153846153846 0.013221153846153846
0 0.9122596153846154 0.15384615384615385 0.018028846153846152 0.015625
0 0.9194711538461539 0.171875 0.015625 0.015625
0 0.9362980769230769 0.18389423076923078 0.015625 0.015625
0 0.9483173076923077 0.1971153846153846 0.013221153846153846 0.015625
0 0.9615384615384616 0.21153846153846154 0.018028846153846152 0.018028846153846152
0 0.9735576923076923 0.22355769230769232 0.013221153846153846 0.010817307692307692
0 0.984375 0.2403846153846154 0.013221153846153846 0.015625
0 0.8497596153846154 0.24158653846153846 0.015625 0.013221153846153846
0 0.8617788461538461 0.25721153846153844 0.020432692307692308 0.013221153846153846
0 0.8774038461538461 0.2692307692307692 0.015625 0.010817307692307692
0 0.890625 0.2848557692307692 0.015625 0.015625
0 0.8088942307692307 0.1141826923076923 0.013221153846153846 0.010817307692307692
0 0.8137019230769231 0.12379807692307693 0.007211538461538462 0.008413461538461538
0 0.8233173076923077 0.13221153846153846 0.007211538461538462 0.010817307692307692
0 0.8329326923076923 0.14423076923076922 0.008413461538461538 0.008413461538461538
0 0.8413461538461539 0.15144230769230768 0.015625 0.010817307692307692
0 0.8713942307692307 0.1875 0.013221153846153846 0.010817307692307692
0 0.8798076923076923 0.19591346153846154 0.010817307692307692 0.013221153846153846
0 0.890625 0.20552884615384615 0.010817307692307692 0.004807692307692308
0 0.8990384615384616 0.21754807692307693 0.008413461538461538 0.010817307692307692
0 0.9098557692307693 0.22716346153846154 0.013221153846153846 0.013221153846153846
0 0.9182692307692307 0.23918269230769232 0.010817307692307692 0.008413461538461538
0 0.9290865384615384 0.24519230769230768 0.010817307692307692 0.008413461538461538
0 0.9375 0.25841346153846156 0.013221153846153846 0.015625
0 0.9459134615384616 0.26802884615384615 0.008413461538461538 0.013221153846153846
0 0.9555288461538461 0.27884615384615385 0.008413461538461538 0.008413461538461538
0 0.9639423076923077 0.29086538461538464 0.013221153846153846 0.018028846153846152
0 0.9735576923076923 0.3004807692307692 0.007211538461538462 0.007211538461538462
0 0.9795673076923077 0.3076923076923077 0.013221153846153846 0.010817307692307692
0 0.9891826923076923 0.31971153846153844 0.013221153846153846 0.013221153846153846
0 0.9266826923076923 0.32572115384615385 0.015625 0.015625
0 0.9362980769230769 0.3389423076923077 0.015625 0.015625
0 0.9483173076923077 0.35096153846153844 0.018028846153846152 0.013221153846153846
0 0.9591346153846154 0.36658653846153844 0.013221153846153846 0.013221153846153846
0 0.9723557692307693 0.375 0.020432692307692308 0.015625
0 0.9831730769230769 0.390625 0.015625 0.015625
0 0.9807692307692307 0.41947115384615385 0.015625 0.010817307692307692
0 0.9627403846153846 0.4326923076923077 0.015625 0.013221153846153846
0 0.9735576923076923 0.4495192307692308 0.013221153846153846 0.015625
0 0.9891826923076923 0.46274038461538464 0.013221153846153846 0.010817307692307692
0 0.9206730769230769 0.9423076923076923 0.013221153846153846 0.010817307692307692
0 0.9471153846153846 0.9519230769230769 0.010817307692307692 0.015625
0 0.7548076923076923 0.5516826923076923 0.018028846153846152 0.018028846153846152
0 0.7584134615384616 0.5805288461538461 0.015625 0.013221153846153846
0 0.6514423076923077 0.6382211538461539 0.018028846153846152 0.015625
0 0.5024038461538461 0.4519230769230769 0.02283653846153846 0.020432692307692308
0 0.8858173076923077 0.5240384615384616 0.020432692307692308 0.015625
0 0.8112980769230769 0.18269230769230768 0.008413461538461538 0.013221153846153846
0 0.7920673076923077 0.16466346153846154 0.015625 0.013221153846153846
0 0.7860576923076923 0.15144230769230768 0.008413461538461538 0.008413461538461538
0 0.7764423076923077 0.13942307692307693 0.010817307692307692 0.008413461538461538
0 0.703125 0.007211538461538462 0.013221153846153846 0.013221153846153846
0 0.7115384615384616 0.02283653846153846 0.013221153846153846 0.013221153846153846
0 0.40384615384615385 0.013221153846153846 0.015625 0.013221153846153846
0 0.4423076923076923 0.15264423076923078 0.020432692307692308 0.018028846153846152
0 0.4182692307692308 0.14302884615384615 0.020432692307692308 0.025240384615384616
0 0.36658653846153844 0.16947115384615385 0.020432692307692308 0.015625
0 0.7608173076923077 0.13341346153846154 0.013221153846153846 0.015625
0 0.7175480769230769 0.140625 0.010817307692307692 0.015625
0 0.7391826923076923 0.15504807692307693 0.013221153846153846 0.013221153846153846
0 0.7079326923076923 0.15504807692307693 0.010817307692307692 0.013221153846153846
0 0.2512019230769231 0.296875 0.015625 0.018028846153846152
0 0.24519230769230768 0.24158653846153846 0.018028846153846152 0.025240384615384616
0 0.3449519230769231 0.20793269230769232 0.018028846153846152 0.025240384615384616
0 0.35697115384615385 0.23557692307692307 0.015625 0.015625
0 0.38341346153846156 0.24639423076923078 0.018028846153846152 0.015625
0 0.39903846153846156 0.24158653846153846 0.013221153846153846 0.02283653846153846
0 0.37740384615384615 0.21033653846153846 0.010817307692307692 0.010817307692307692
0 0.3798076923076923 0.10576923076923077 0.025240384615384616 0.02283653846153846
0 0.2980769230769231 0.08533653846153846 0.025240384615384616 0.018028846153846152
0 0.36899038461538464 0.06129807692307692 0.02283653846153846 0.018028846153846152
0 0.36778846153846156 0.038461538461538464 0.025240384615384616 0.018028846153846152
0 0.14783653846153846 0.038461538461538464 0.020432692307692308 0.018028846153846152
0 0.19591346153846154 0.057692307692307696 0.018028846153846152 0.020432692307692308
0 0.12379807692307693 0.054086538461538464 0.018028846153846152 0.018028846153846152
0 0.08653846153846154 0.025240384615384616 0.025240384615384616 0.013221153846153846