0 0.9603365384615384 0.03245192307692308 0.015625 0.015625
0 0.9543269230769231 0.07572115384615384 0.010817307692307692 0.010817307692307692
0 0.9158653846153846 0.037259615384615384 0.015625 0.015625
0 0.9795673076923077 0.013221153846153846 0.013221153846153846 0.018028846153846152
0 0.6899038461538461 0.9591346153846154 0.015625 0.02283653846153846
0 0.6694711538461539 0.9723557692307693 0.020432692307692308 0.015625
0 0.7728365384615384 0.9050480769230769 0.018028846153846152 0.018028846153846152
0 0.71875 0.8894230769230769 0.02283653846153846 0.018028846153846152
0 0.7475961538461539 0.8149038461538461 0.018028846153846152 0.02283653846153846
0 0.9266826923076923 0.8834134615384616 0.020432692307692308 0.026442307692307692
0 0.8653846153846154 0.9675480769230769 0.02283653846153846 0.025240384615384616
0 0.8245192307692307 0.7295673076923077 0.026442307692307692 0.03125
0 0.8786057692307693 0.6201923076923077 0.02283653846153846 0.025240384615384616
0 0.7740384615384616 0.5420673076923077 0.025240384615384616 0.028846153846153848
0 0.8377403846153846 0.49759615384615385 0.02283653846153846 0.02283653846153846
0 0.9399038461538461 0.4579326923076923 0.028846153846153848 0.03365384615384615
0 0.6658653846153846 0.6983173076923077 0.015625 0.018028846153846152
0 0.6081730769230769 0.6887019230769231 0.02283653846153846 0.026442307692307692
0 0.7872596153846154 0.7043269230769231 0.028846153846153848 0.020432692307692308
0 0.8112980769230769 0.6766826923076923 0.026442307692307692 0.025240384615384616
0 0.9302884615384616 0.10697115384615384 0.02283653846153846 0.020432692307692308
0 0.9350961538461539 0.1346153846153846 0.02283653846153846 0.02283653846153846
0 0.9411057692307693 0.15745192307692307 0.02283653846153846 0.018028846153846152
0 0.9699519230769231 0.20673076923076922 0.020432692307692308 0.02283653846153846
0 0.8846153846153846 0.2247596153846154 0.026442307692307692 0.02283653846153846