0 0.9206730769230769 0.4362980769230769 0.008413461538461538 0.010817307692307692
0 0.9110576923076923 0.41947115384615385 0.010817307692307692 0.010817307692307692
0 0.8834134615384616 0.41947115384615385 0.007211538461538462 0.010817307692307692
0 0.890625 0.41947115384615385 0.007211538461538462 0.010817307692307692
0 0.9002403846153846 0.41466346153846156 0.007211538461538462 0.008413461538461538
0 0.8665865384615384 0.43149038461538464 0.007211538461538462 0.010817307692307692
0 0.8677884615384616 0.4423076923076923 0.010817307692307692 0.010817307692307692
0 0.8485576923076923 0.41466346153846156 0.008413461538461538 0.013221153846153846
0 0.8377403846153846 0.41225961538461536 0.008413461538461538 0.008413461538461538
0 0.8161057692307693 0.4411057692307692 0.010817307692307692 0.008413461538461538
0 0.8942307692307693 0.5228365384615384 0.008413461538461538 0.008413461538461538
0 0.8245192307692307 0.4110576923076923 0.008413461538461538 0.010817307692307692
0 0.8112980769230769 0.4110576923076923 0.008413461538461538 0.010817307692307692
0 0.796875 0.41225961538461536 0.008413461538461538 0.008413461538461538
0 0.8016826923076923 0.4026442307692308 0.008413461538461538 0.008413461538461538
0 0.8822115384615384 0.5036057692307693 0.007211538461538462 0.007211538461538462
0 0.9110576923076923 0.5625 0.010817307692307692 0.010817307692307692
0 0.8461538461538461 0.5625 0.007211538461538462 0.007211538461538462
0 0.8533653846153846 0.5637019230769231 0.008413461538461538 0.010817307692307692
0 0.9002403846153846 0.5384615384615384 0.007211538461538462 0.008413461538461538
0 0.9519230769230769 0.5540865384615384 0.007211538461538462 0.008413461538461538
0 0.9447115384615384 0.5889423076923077 0.007211538461538462 0.007211538461538462
0 0.9483173076923077 0.5973557692307693 0.008413461538461538 0.008413461538461538
0 0.7536057692307693 0.6105769230769231 0.010817307692307692 0.008413461538461538
0 0.6935096153846154 0.5997596153846154 0.008413461538461538 0.007211538461538462
0 0.6826923076923077 0.6045673076923077 0.008413461538461538 0.007211538461538462
0 0.6766826923076923 0.6129807692307693 0.007211538461538462 0.008413461538461538
0 0.6694711538461539 0.6213942307692307 0.010817307692307692 0.008413461538461538
0 0.65625 0.6201923076923077 0.010817307692307692 0.007211538461538462
0 0.6454326923076923 0.6225961538461539 0.010817307692307692 0.007211538461538462
0 0.6334134615384616 0.625 0.008413461538461538 0.007211538461538462
0 0.6274038461538461 0.6310096153846154 0.007211538461538462 0.004807692307692308
0 0.6237980769230769 0.6358173076923077 0.008413461538461538 0.007211538461538462
0 0.6225961538461539 0.6430288461538461 0.007211538461538462 0.007211538461538462
0 0.6237980769230769 0.6514423076923077 0.008413461538461538 0.008413461538461538
0 0.6153846153846154 0.65625 0.008413461538461538 0.007211538461538462
0 0.6045673076923077 0.6586538461538461 0.007211538461538462 0.007211538461538462
0 0.6153846153846154 0.6658653846153846 0.008413461538461538 0.007211538461538462
0 0.6538461538461539 0.65625 0.007211538461538462 0.007211538461538462
0 0.7608173076923077 0.6598557692307693 0.008413461538461538 0.008413461538461538
0 0.65625 0.5649038461538461 0.010817307692307692 0.008413461538461538
0 0.6887019230769231 0.5625 0.008413461538461538 0.007211538461538462
0 0.7295673076923077 0.6105769230769231 0.008413461538461538 0.008413461538461538
0 0.7199519230769231 0.6430288461538461 0.010817307692307692 0.007211538461538462
0 0.7103365384615384 0.5576923076923077 0.010817307692307692 0.007211538461538462
0 0.7475961538461539 0.390625 0.008413461538461538 0.007211538461538462
0 0.7632211538461539 0.39903846153846156 0.008413461538461538 0.008413461538461538
0 0.7860576923076923 0.4098557692307692 0.008413461538461538 0.008413461538461538
0 0.6310096153846154 0.4170673076923077 0.008413461538461538 0.008413461538461538
0 0.6382211538461539 0.40625 0.007211538461538462 0.007211538461538462
0 0.6935096153846154 0.4519230769230769 0.008413461538461538 0.010817307692307692
0 0.6766826923076923 0.4375 0.007211538461538462 0.008413461538461538
0 0.6033653846153846 0.4579326923076923 0.004807692307692308 0.010817307692307692
0 0.3473557692307692 0.4014423076923077 0.008413461538461538 0.008413461538461538
0 0.3629807692307692 0.4026442307692308 0.008413461538461538 0.008413461538461538
0 0.37259615384615385 0.41466346153846156 0.010817307692307692 0.008413461538461538
0 0.3942307692307692 0.4170673076923077 0.008413461538461538 0.008413461538461538
0 0.4026442307692308 0.4026442307692308 0.008413461538461538 0.008413461538461538
0 0.41947115384615385 0.40384615384615385 0.008413461538461538 0.007211538461538462
0 0.42788461538461536 0.41225961538461536 0.008413461538461538 0.008413461538461538
0 0.4375 0.41947115384615385 0.010817307692307692 0.008413461538461538
0 0.4483173076923077 0.41346153846153844 0.008413461538461538 0.010817307692307692
0 0.4543269230769231 0.4026442307692308 0.007211538461538462 0.013221153846153846
0 0.46153846153846156 0.4230769230769231 0.008413461538461538 0.008413461538461538
0 0.4699519230769231 0.4254807692307692 0.007211538461538462 0.008413461538461538
0 0.47836538461538464 0.4266826923076923 0.007211538461538462 0.010817307692307692
0 0.47475961538461536 0.4026442307692308 0.008413461538461538 0.008413461538461538
0 0.484375 0.41466346153846156 0.008413461538461538 0.008413461538461538
0 0.49158653846153844 0.4050480769230769 0.010817307692307692 0.008413461538461538
0 0.5048076923076923 0.41346153846153844 0.008413461538461538 0.010817307692307692
0 0.5120192307692307 0.4014423076923077 0.010817307692307692 0.010817307692307692
0 0.5216346153846154 0.41466346153846156 0.010817307692307692 0.008413461538461538
0 0.5300480769230769 0.4026442307692308 0.010817307692307692 0.008413461538461538
0 0.5420673076923077 0.41346153846153844 0.010817307692307692 0.010817307692307692
0 0.5504807692307693 0.4014423076923077 0.010817307692307692 0.010817307692307692
0 0.5612980769230769 0.41346153846153844 0.008413461538461538 0.010817307692307692
0 0.5697115384615384 0.4026442307692308 0.008413461538461538 0.008413461538461538
0 0.5985576923076923 0.39302884615384615 0.008413461538461538 0.010817307692307692
0 0.5961538461538461 0.41586538461538464 0.010817307692307692 0.010817307692307692
0 0.5192307692307693 0.4387019230769231 0.007211538461538462 0.008413461538461538
0 0.5276442307692307 0.4411057692307692 0.007211538461538462 0.008413461538461538
0 0.5793269230769231 0.41346153846153844 0.008413461538461538 0.010817307692307692
0 0.5733173076923077 0.5132211538461539 0.007211538461538462 0.008413461538461538
0 0.40625 0.43028846153846156 0.007211538461538462 0.008413461538461538
0 0.7451923076923077 0.41947115384615385 0.008413461538461538 0.008413461538461538
0 0.7487980769230769 0.40625 0.007211538461538462 0.010817307692307692
0 0.765625 0.41947115384615385 0.008413461538461538 0.010817307692307692
0 0.7692307692307693 0.40865384615384615 0.007211538461538462 0.007211538461538462
0 0.7980769230769231 0.42788461538461536 0.007211538461538462 0.008413461538461538
0 0.7944711538461539 0.45072115384615385 0.008413461538461538 0.008413461538461538
0 0.7872596153846154 0.4206730769230769 0.007211538461538462 0.008413461538461538
0 0.7235576923076923 0.4170673076923077 0.008413461538461538 0.008413461538461538
0 0.6875 0.4266826923076923 0.007211538461538462 0.010817307692307692
0 0.7055288461538461 0.4411057692307692 0.008413461538461538 0.008413461538461538
0 0.6995192307692307 0.4326923076923077 0.007211538461538462 0.008413461538461538
0 0.6887019230769231 0.4050480769230769 0.008413461538461538 0.008413461538461538
0 0.7091346153846154 0.41225961538461536 0.008413461538461538 0.008413461538461538
0 0.7463942307692307 0.5961538461538461 0.007211538461538462 0.010817307692307692
0 0.9350961538461539 0.7644230769230769 0.018028846153846152 0.020432692307692308
0 0.4831730769230769 0.4651442307692308 0.010817307692307692 0.010817307692307692
0 0.49399038461538464 0.47475961538461536 0.010817307692307692 0.008413461538461538
0 0.49278846153846156 0.44591346153846156 0.008413461538461538 0.008413461538461538
0 0.5084134615384616 0.42788461538461536 0.007211538461538462 0.008413461538461538
0 0.5204326923076923 0.4266826923076923 0.008413461538461538 0.007211538461538462
0 0.5288461538461539 0.42788461538461536 0.004807692307692308 0.013221153846153846
0 0.5372596153846154 0.42788461538461536 0.007211538461538462 0.008413461538461538
0 0.5456730769230769 0.42908653846153844 0.007211538461538462 0.007211538461538462
0 0.5564903846153846 0.43028846153846156 0.008413461538461538 0.008413461538461538
0 0.5661057692307693 0.43149038461538464 0.007211538461538462 0.010817307692307692
0 0.5745192307692307 0.43149038461538464 0.008413461538461538 0.010817307692307692
0 0.5841346153846154 0.43028846153846156 0.007211538461538462 0.008413461538461538
0 0.5925480769230769 0.4423076923076923 0.008413461538461538 0.010817307692307692
0 0.41947115384615385 0.44350961538461536 0.007211538461538462 0.008413461538461538
0 0.6165865384615384 0.9014423076923077 0.008413461538461538 0.013221153846153846
0 0.6033653846153846 0.9230769230769231 0.008413461538461538 0.008413461538461538
0 0.6057692307692307 0.9771634615384616 0.013221153846153846 0.013221153846153846
0 0.5805288461538461 0.9651442307692307 0.013221153846153846 0.010817307692307692
0 0.6826923076923077 0.9735576923076923 0.013221153846153846 0.015625
0 0.6490384615384616 0.9651442307692307 0.013221153846153846 0.010817307692307692
0 0.5985576923076923 0.9483173076923077 0.010817307692307692 0.013221153846153846
0 0.6262019230769231 0.9314903846153846 0.013221153846153846 0.010817307692307692
0 0.6694711538461539 0.9302884615384616 0.008413461538461538 0.008413461538461538
0 0.6790865384615384 0.9206730769230769 0.010817307692307692 0.013221153846153846
0 0.6694711538461539 0.9146634615384616 0.010817307692307692 0.008413461538461538
0 0.18629807692307693 0.6899038461538461 0.025240384615384616 0.015625
0 0.265625 0.6995192307692307 0.018028846153846152 0.010817307692307692
0 0.4110576923076923 0.6177884615384616 0.015625 0.010817307692307692
0 0.4519230769230769 0.7439903846153846 0.010817307692307692 0.010817307692307692
0 0.46153846153846156 0.7331730769230769 0.013221153846153846 0.015625
0 0.46634615384615385 0.7223557692307693 0.013221153846153846 0.015625
0 0.49278846153846156 0.6358173076923077 0.018028846153846152 0.020432692307692308
0 0.546875 0.6947115384615384 0.013221153846153846 0.015625
0 0.5192307692307693 0.6923076923076923 0.015625 0.010817307692307692
0 0.43028846153846156 0.4375 0.008413461538461538 0.008413461538461538
0 0.4423076923076923 0.4483173076923077 0.007211538461538462 0.008413461538461538
0 0.44350961538461536 0.46634615384615385 0.013221153846153846 0.008413461538461538
0 0.4567307692307692 0.4651442307692308 0.008413461538461538 0.010817307692307692
0 0.4543269230769231 0.4807692307692308 0.010817307692307692 0.007211538461538462
0 0.46274038461538464 0.49158653846153844 0.010817307692307692 0.008413461538461538
0 0.4699519230769231 0.5024038461538461 0.010817307692307692 0.008413461538461538
0 0.47836538461538464 0.5108173076923077 0.010817307692307692 0.008413461538461538
0 0.48677884615384615 0.49158653846153844 0.008413461538461538 0.013221153846153846
0 0.49399038461538464 0.5024038461538461 0.010817307692307692 0.008413461538461538
0 0.234375 0.9471153846153846 0.018028846153846152 0.025240384615384616
0 0.2512019230769231 0.8425480769230769 0.015625 0.018028846153846152
0 0.24879807692307693 0.8677884615384616 0.015625 0.015625
0 0.12379807692307693 0.9014423076923077 0.013221153846153846 0.013221153846153846
0 0.21514423076923078 0.8737980769230769 0.010817307692307692 0.013221153846153846
0 0.04447115384615385 0.7668269230769231 0.015625 0.015625
0 0.025240384615384616 0.8112980769230769 0.013221153846153846 0.013221153846153846
0 0.10697115384615384 0.9302884615384616 0.010817307692307692 0.013221153846153846
0 0.15504807692307693 0.8737980769230769 0.013221153846153846 0.013221153846153846
0 0.021634615384615384 0.8557692307692307 0.015625 0.013221153846153846
0 0.03245192307692308 0.8401442307692307 0.010817307692307692 0.013221153846153846
0 0.08173076923076923 0.7151442307692307 0.010817307692307692 0.015625
0 0.24879807692307693 0.8870192307692307 0.010817307692307692 0.013221153846153846
0 0.2536057692307692 0.9122596153846154 0.015625 0.018028846153846152
0 0.25240384615384615 0.9326923076923077 0.013221153846153846 0.013221153846153846
0 0.2536057692307692 0.9519230769230769 0.015625 0.015625
0 0.24879807692307693 0.9675480769230769 0.015625 0.010817307692307692
0 0.24759615384615385 0.9807692307692307 0.013221153846153846 0.010817307692307692
0 0.21875 0.8413461538461539 0.018028846153846152 0.007211538461538462
0 0.21754807692307693 0.8557692307692307 0.010817307692307692 0.008413461538461538
0 0.23317307692307693 0.8305288461538461 0.010817307692307692 0.015625
0 0.12379807692307693 0.859375 0.013221153846153846 0.010817307692307692
0 0.12740384615384615 0.9146634615384616 0.015625 0.013221153846153846
0 0.30408653846153844 0.9699519230769231 0.013221153846153846 0.010817307692307692
0 0.3125 0.9867788461538461 0.010817307692307692 0.013221153846153846
0 0.3112980769230769 0.953125 0.013221153846153846 0.013221153846153846
0 0.30528846153846156 0.9254807692307693 0.010817307692307692 0.013221153846153846
0 0.3112980769230769 0.9038461538461539 0.018028846153846152 0.015625
0 0.3389423076923077 0.8870192307692307 0.020432692307692308 0.018028846153846152
0 0.36899038461538464 0.8665865384615384 0.018028846153846152 0.013221153846153846
0 0.36899038461538464 0.6262019230769231 0.013221153846153846 0.013221153846153846
0 0.3449519230769231 0.6358173076923077 0.013221153846153846 0.010817307692307692
0 0.3125 0.6478365384615384 0.010817307692307692 0.010817307692307692
0 0.2920673076923077 0.6514423076923077 0.010817307692307692 0.015625
0 0.2692307692307692 0.6670673076923077 0.015625 0.013221153846153846
0 0.24759615384615385 0.6706730769230769 0.013221153846153846 0.008413461538461538
0 0.5444711538461539 0.9086538461538461 0.015625 0.020432692307692308
0 0.5168269230769231 0.6454326923076923 0.015625 0.010817307692307692
0 0.5144230769230769 0.6586538461538461 0.010817307692307692 0.010817307692307692
0 0.5252403846153846 0.671875 0.018028846153846152 0.015625
0 0.5240384615384616 0.7199519230769231 0.010817307692307692 0.010817307692307692
0 0.5048076923076923 0.5733173076923077 0.013221153846153846 0.015625
0 0.5192307692307693 0.5757211538461539 0.010817307692307692 0.010817307692307692
0 0.5348557692307693 0.5697115384615384 0.010817307692307692 0.008413461538461538
0 0.6334134615384616 0.6622596153846154 0.010817307692307692 0.013221153846153846
0 0.49158653846153844 0.6887019230769231 0.013221153846153846 0.013221153846153846
0 0.8305288461538461 0.8954326923076923 0.010817307692307692 0.015625
0 0.9266826923076923 0.8882211538461539 0.010817307692307692 0.015625
0 0.9507211538461539 0.9002403846153846 0.008413461538461538 0.007211538461538462
0 0.8713942307692307 0.7367788461538461 0.013221153846153846 0.02283653846153846
0 0.6502403846153846 0.4074519230769231 0.010817307692307692 0.013221153846153846
0 0.6682692307692307 0.4050480769230769 0.015625 0.018028846153846152
0 0.5997596153846154 0.47596153846153844 0.010817307692307692 0.010817307692307692
0 0.5961538461538461 0.5084134615384616 0.010817307692307692 0.013221153846153846
0 0.6021634615384616 0.49399038461538464 0.010817307692307692 0.010817307692307692
0 0.6177884615384616 0.4831730769230769 0.010817307692307692 0.010817307692307692
0 0.6165865384615384 0.515625 0.013221153846153846 0.008413461538461538
0 0.7415865384615384 0.4411057692307692 0.020432692307692308 0.013221153846153846
0 0.7620192307692307 0.4423076923076923 0.010817307692307692 0.010817307692307692
0 0.5192307692307693 0.6213942307692307 0.025240384615384616 0.018028846153846152
0 0.5612980769230769 0.6262019230769231 0.02283653846153846 0.013221153846153846
0 0.5552884615384616 0.5913461538461539 0.015625 0.020432692307692308
0 0.5661057692307693 0.5360576923076923 0.010817307692307692 0.013221153846153846
0 0.4375 0.38341346153846156 0.015625 0.013221153846153846
0 0.5480769230769231 0.734375 0.015625 0.013221153846153846
0 0.6514423076923077 0.6009615384615384 0.010817307692307692 0.018028846153846152
0 0.9747596153846154 0.5432692307692307 0.013221153846153846 0.018028846153846152
0 0.8641826923076923 0.546875 0.015625 0.02283653846153846
0 0.9206730769230769 0.5120192307692307 0.013221153846153846 0.015625
0 0.4387019230769231 0.7692307692307693 0.018028846153846152 0.015625
0 0.6274038461538461 0.6129807692307693 0.015625 0.013221153846153846
0 0.359375 0.6574519230769231 0.015625 0.018028846153846152
0 0.19230769230769232 0.7139423076923077 0.03365384615384615 0.02283653846153846
0 0.24639423076923078 0.703125 0.025240384615384616 0.02283653846153846
0 0.24519230769230768 0.6225961538461539 0.013221153846153846 0.015625
0 0.2956730769230769 0.609375 0.020432692307692308 0.020432692307692308
0 0.2704326923076923 0.6201923076923077 0.018028846153846152 0.020432692307692308
0 0.16346153846153846 0.6574519230769231 0.020432692307692308 0.018028846153846152
0 0.33052884615384615 0.6298076923076923 0.010817307692307692 0.010817307692307692
0 0.4987980769230769 0.5300480769230769 0.010817307692307692 0.007211538461538462
0 0.6670673076923077 0.6790865384615384 0.018028846153846152 0.015625
0 0.6322115384615384 0.6766826923076923 0.015625 0.010817307692307692
0 0.5096153846153846 0.7367788461538461 0.010817307692307692 0.018028846153846152
0 0.5949519230769231 0.53125 0.013221153846153846 0.018028846153846152
0 0.6189903846153846 0.42788461538461536 0.013221153846153846 0.013221153846153846
0 0.375 0.39903846153846156 0.015625 0.013221153846153846
0 0.09375 0.7235576923076923 0.010817307692307692 0.020432692307692308
0 0.0889423076923077 0.9314903846153846 0.015625 0.015625
0 0.10216346153846154 0.953125 0.020432692307692308 0.018028846153846152
0 0.44591346153846156 0.875 0.013221153846153846 0.020432692307692308
0 0.4675480769230769 0.8677884615384616 0.010817307692307692 0.020432692307692308
0 0.6658653846153846 0.8942307692307693 0.015625 0.013221153846153846
0 0.6334134615384616 0.8990384615384616 0.013221153846153846 0.018028846153846152
0 0.5889423076923077 0.9170673076923077 0.015625 0.013221153846153846
0 0.04567307692307692 0.8822115384615384 0.028846153846153848 0.025240384615384616
0 0.5637019230769231 0.8846153846153846 0.020432692307692308 0.013221153846153846
0 0.8137019230769231 0.9314903846153846 0.025240384615384616 0.020432692307692308
0 0.7451923076923077 0.9122596153846154 0.018028846153846152 0.018028846153846152
0 0.7560096153846154 0.8858173076923077 0.015625 0.015625
0 0.6790865384615384 0.9423076923076923 0.015625 0.015625
0 0.6466346153846154 0.8713942307692307 0.018028846153846152 0.02283653846153846
0 0.5432692307692307 0.9711538461538461 0.013221153846153846 0.02283653846153846
0 0.6045673076923077 0.8798076923076923 0.025240384615384616 0.025240384615384616
0 0.8088942307692307 0.890625 0.02283653846153846 0.020432692307692308
0 0.7980769230769231 0.7788461538461539 0.020432692307692308 0.018028846153846152
0 0.7704326923076923 0.6165865384615384 0.018028846153846152 0.020432692307692308
0 0.6430288461538461 0.7199519230769231 0.015625 0.020432692307692308
0 0.6033653846153846 0.6310096153846154 0.018028846153846152 0.02283653846153846
0 0.9459134615384616 0.5697115384615384 0.018028846153846152 0.013221153846153846