0 0.9603365384615384 0.8774038461538461 0.015625 0.015625
0 0.9543269230769231 0.8341346153846154 0.010817307692307692 0.010817307692307692
0 0.9158653846153846 0.8725961538461539 0.015625 0.015625
0 0.9795673076923077 0.8966346153846154 0.013221153846153846 0.018028846153846152
0 0.9543269230769231 0.9146634615384616 0.015625 0.018028846153846152
0 0.71875 0.020432692307692308 0.02283653846153846 0.018028846153846152
0 0.7475961538461539 0.09495192307692307 0.018028846153846152 0.02283653846153846
0 0.9266826923076923 0.026442307692307692 0.020432692307692308 0.026442307692307692
0 0.8245192307692307 0.18028846153846154 0.026442307692307692 0.03125
0 0.8786057692307693 0.28966346153846156 0.02283653846153846 0.025240384615384616
0 0.7740384615384616 0.36778846153846156 0.025240384615384616 0.028846153846153848
0 0.8377403846153846 0.41225961538461536 0.02283653846153846 0.02283653846153846
0 0.9399038461538461 0.4519230769230769 0.028846153846153848 0.03365384615384615
0 0.6658653846153846 0.21153846153846154 0.015625 0.018028846153846152
0 0.6081730769230769 0.22115384615384615 0.02283653846153846 0.026442307692307692
0 0.7872596153846154 0.20552884615384615 0.028846153846153848 0.020432692307692308
0 0.8112980769230769 0.23317307692307693 0.026442307692307692 0.025240384615384616
0 0.9302884615384616 0.8028846153846154 0.02283653846153846 0.020432692307692308
0 0.9350961538461539 0.7752403846153846 0.02283653846153846 0.02283653846153846
0 0.9411057692307693 0.7524038461538461 0.02283653846153846 0.018028846153846152
0 0.9699519230769231 0.703125 0.020432692307692308 0.02283653846153846
0 0.8689903846153846 0.9507211538461539 0.02283653846153846 0.02283653846153846
0 0.8858173076923077 0.9747596153846154 0.025240384615384616 0.02283653846153846
0 0.9014423076923077 0.9459134615384616 0.018028846153846152 0.018028846153846152
0 0.8846153846153846 0.6850961538461539 0.026442307692307692 0.02283653846153846