0 0.9170673076923077 0.7235576923076923 0.02283653846153846 0.013221153846153846
0 0.9206730769230769 0.7055288461538461 0.013221153846153846 0.010817307692307692
0 0.9206730769230769 0.859375 0.013221153846153846 0.010817307692307692
0 0.9471153846153846 0.8497596153846154 0.010817307692307692 0.015625
0 0.9639423076923077 0.6947115384615384 0.018028846153846152 0.015625
0 0.953125 0.6033653846153846 0.018028846153846152 0.013221153846153846
0 0.9555288461538461 0.6213942307692307 0.015625 0.018028846153846152
0 0.703125 0.7199519230769231 0.02283653846153846 0.025240384615384616
0 0.9074519230769231 0.09254807692307693 0.02283653846153846 0.026442307692307692
0 0.9290865384615384 0.11298076923076923 0.020432692307692308 0.026442307692307692
0 0.9110576923076923 0.17067307692307693 0.028846153846153848 0.018028846153846152
0 0.9110576923076923 0.19471153846153846 0.020432692307692308 0.015625
0 0.9146634615384616 0.21394230769230768 0.02283653846153846 0.018028846153846152
0 0.9194711538461539 0.24158653846153846 0.025240384615384616 0.026442307692307692