0 0.9375 0.44350961538461536 0.008413461538461538 0.013221153846153846
0 0.9110576923076923 0.4423076923076923 0.010817307692307692 0.010817307692307692
0 0.8870192307692307 0.44350961538461536 0.008413461538461538 0.008413461538461538
0 0.8617788461538461 0.4411057692307692 0.010817307692307692 0.008413461538461538
0 0.9615384615384616 0.19591346153846154 0.013221153846153846 0.013221153846153846
0 0.9194711538461539 0.5060096153846154 0.008413461538461538 0.010817307692307692
0 0.9423076923076923 0.5060096153846154 0.010817307692307692 0.010817307692307692
0 0.96875 0.5084134615384616 0.008413461538461538 0.010817307692307692
0 0.5817307692307693 0.4963942307692308 0.010817307692307692 0.010817307692307692
0 0.6045673076923077 0.4963942307692308 0.010817307692307692 0.010817307692307692
0 0.6334134615384616 0.4963942307692308 0.013221153846153846 0.010817307692307692
0 0.6574519230769231 0.49759615384615385 0.013221153846153846 0.013221153846153846
0 0.6838942307692307 0.4987980769230769 0.010817307692307692 0.010817307692307692
0 0.7067307692307693 0.5024038461538461 0.008413461538461538 0.013221153846153846
0 0.7211538461538461 0.5012019230769231 0.008413461538461538 0.010817307692307692
0 0.734375 0.5024038461538461 0.008413461538461538 0.013221153846153846
0 0.7572115384615384 0.5024038461538461 0.008413461538461538 0.008413461538461538
0 0.7836538461538461 0.5036057692307693 0.008413461538461538 0.010817307692307692
0 0.8125 0.5024038461538461 0.008413461538461538 0.008413461538461538
0 0.8377403846153846 0.5036057692307693 0.013221153846153846 0.010817307692307692
0 0.8617788461538461 0.5072115384615384 0.007211538461538462 0.008413461538461538
0 0.5360576923076923 0.6382211538461539 0.013221153846153846 0.015625
0 0.5192307692307693 0.6262019230769231 0.015625 0.013221153846153846
0 0.4206730769230769 0.4963942307692308 0.013221153846153846 0.010817307692307692
0 0.44350961538461536 0.49759615384615385 0.013221153846153846 0.008413461538461538
0 0.4735576923076923 0.4963942307692308 0.013221153846153846 0.010817307692307692
0 0.28846153846153844 0.4951923076923077 0.013221153846153846 0.013221153846153846
0 0.26322115384615385 0.4951923076923077 0.008413461538461538 0.008413461538461538
0 0.23798076923076922 0.49399038461538464 0.010817307692307692 0.010817307692307692
0 0.29086538461538464 0.734375 0.018028846153846152 0.018028846153846152
0 0.37740384615384615 0.4963942307692308 0.010817307692307692 0.010817307692307692
0 0.4266826923076923 0.6574519230769231 0.010817307692307692 0.018028846153846152
0 0.4375 0.7067307692307693 0.013221153846153846 0.018028846153846152
0 0.7115384615384616 0.65625 0.018028846153846152 0.015625
0 0.7307692307692307 0.6610576923076923 0.015625 0.020432692307692308
0 0.8353365384615384 0.44350961538461536 0.008413461538461538 0.013221153846153846
0 0.7560096153846154 0.4362980769230769 0.010817307692307692 0.010817307692307692
0 0.7307692307692307 0.4375 0.015625 0.010817307692307692
0 0.703125 0.4387019230769231 0.008413461538461538 0.008413461538461538
0 0.6814903846153846 0.4387019230769231 0.010817307692307692 0.008413461538461538
0 0.32091346153846156 0.4362980769230769 0.015625 0.015625
0 0.33533653846153844 0.4362980769230769 0.008413461538461538 0.010817307692307692
0 0.6514423076923077 0.4375 0.010817307692307692 0.013221153846153846
0 0.6274038461538461 0.4375 0.007211538461538462 0.008413461538461538
0 0.5985576923076923 0.4375 0.013221153846153846 0.010817307692307692
0 0.5733173076923077 0.4375 0.010817307692307692 0.008413461538461538
0 0.5625 0.4375 0.010817307692307692 0.010817307692307692
0 0.5480769230769231 0.4375 0.010817307692307692 0.010817307692307692
0 0.5348557692307693 0.4387019230769231 0.007211538461538462 0.013221153846153846
0 0.5084134615384616 0.4375 0.008413461538461538 0.010817307692307692
0 0.5240384615384616 0.4375 0.010817307692307692 0.010817307692307692
0 0.49399038461538464 0.4362980769230769 0.010817307692307692 0.010817307692307692
0 0.46875 0.4387019230769231 0.013221153846153846 0.013221153846153846
0 0.4423076923076923 0.4375 0.010817307692307692 0.013221153846153846
0 0.4170673076923077 0.43509615384615385 0.008413461538461538 0.008413461538461538
0 0.40625 0.43509615384615385 0.010817307692307692 0.013221153846153846
0 0.3894230769230769 0.43509615384615385 0.013221153846153846 0.013221153846153846
0 0.36177884615384615 0.4338942307692308 0.010817307692307692 0.010817307692307692
0 0.5985576923076923 0.37259615384615385 0.025240384615384616 0.015625
0 0.5625 0.36778846153846156 0.015625 0.010817307692307692
0 0.484375 0.29927884615384615 0.018028846153846152 0.013221153846153846
0 0.8052884615384616 0.1778846153846154 0.010817307692307692 0.013221153846153846
0 0.2860576923076923 0.9879807692307693 0.018028846153846152 0.015625
0 0.328125 0.9302884615384616 0.015625 0.013221153846153846
0 0.3485576923076923 0.8173076923076923 0.018028846153846152 0.018028846153846152
0 0.6959134615384616 0.6189903846153846 0.013221153846153846 0.013221153846153846
0 0.0625 0.7199519230769231 0.020432692307692308 0.020432692307692308
0 0.0673076923076923 0.6875 0.018028846153846152 0.018028846153846152
0 0.06370192307692307 0.65625 0.015625 0.015625
0 0.0673076923076923 0.6213942307692307 0.013221153846153846 0.013221153846153846
0 0.0673076923076923 0.5192307692307693 0.02283653846153846 0.020432692307692308
0 0.04326923076923077 0.5204326923076923 0.018028846153846152 0.018028846153846152
0 0.025240384615384616 0.5228365384615384 0.008413461538461538 0.013221153846153846
0 0.01201923076923077 0.5228365384615384 0.020432692307692308 0.013221153846153846
0 0.02403846153846154 0.7247596153846154 0.015625 0.018028846153846152
0 0.006009615384615385 0.7271634615384616 0.010817307692307692 0.013221153846153846
0 0.09735576923076923 0.35096153846153844 0.018028846153846152 0.018028846153846152
0 0.0985576923076923 0.32211538461538464 0.018028846153846152 0.013221153846153846
0 0.09975961538461539 0.30528846153846156 0.015625 0.015625
0 0.0985576923076923 0.28725961538461536 0.015625 0.015625
0 0.09615384615384616 0.2668269230769231 0.010817307692307692 0.010817307692307692
0 0.09615384615384616 0.25 0.010817307692307692 0.013221153846153846
0 0.09495192307692307 0.23677884615384615 0.008413461538461538 0.013221153846153846
0 0.014423076923076924 0.22115384615384615 0.015625 0.02283653846153846
0 0.17548076923076922 0.3076923076923077 0.013221153846153846 0.015625
0 0.1875 0.29086538461538464 0.013221153846153846 0.013221153846153846
0 0.1971153846153846 0.30649038461538464 0.015625 0.013221153846153846
0 0.22355769230769232 0.29447115384615385 0.015625 0.015625
0 0.25240384615384615 0.2860576923076923 0.018028846153846152 0.018028846153846152
0 0.15985576923076922 0.43509615384615385 0.013221153846153846 0.018028846153846152
0 0.16466346153846154 0.24879807692307693 0.02283653846153846 0.028846153846153848
0 0.15745192307692307 0.21514423076923078 0.018028846153846152 0.015625
0 0.15625 0.19831730769230768 0.020432692307692308 0.018028846153846152
0 0.1466346153846154 0.16947115384615385 0.018028846153846152 0.015625
0 0.15144230769230768 0.15264423076923078 0.013221153846153846 0.018028846153846152
0 0.13341346153846154 0.11298076923076923 0.025240384615384616 0.02283653846153846
0 0.13221153846153846 0.09134615384615384 0.020432692307692308 0.015625
0 0.12620192307692307 0.07572115384615384 0.02283653846153846 0.015625
0 0.1201923076923077 0.05889423076923077 0.020432692307692308 0.02283653846153846
0 0.11658653846153846 0.03485576923076923 0.020432692307692308 0.015625
0 0.11057692307692307 0.016826923076923076 0.026442307692307692 0.010817307692307692
0 0.1045673076923077 0.004807692307692308 0.020432692307692308 0.009615384615384616
0 0.3076923076923077 0.27884615384615385 0.025240384615384616 0.018028846153846152
0 0.34375 0.27163461538461536 0.010817307692307692 0.015625
0 0.3641826923076923 0.2692307692307692 0.015625 0.010817307692307692
0 0.38341346153846156 0.25841346153846156 0.013221153846153846 0.018028846153846152
0 0.38100961538461536 0.2403846153846154 0.013221153846153846 0.015625
0 0.3701923076923077 0.22355769230769232 0.010817307692307692 0.010817307692307692
0 0.36658653846153844 0.2091346153846154 0.008413461538461538 0.008413461538461538
0 0.4026442307692308 0.21153846153846154 0.008413461538461538 0.008413461538461538
0 0.3870192307692308 0.20192307692307693 0.008413461538461538 0.010817307692307692
0 0.38100961538461536 0.1875 0.008413461538461538 0.010817307692307692
0 0.3786057692307692 0.171875 0.008413461538461538 0.010817307692307692
0 0.39302884615384615 0.16947115384615385 0.010817307692307692 0.013221153846153846
0 0.39663461538461536 0.18269230769230768 0.008413461538461538 0.008413461538461538
0 0.41225961538461536 0.18028846153846154 0.013221153846153846 0.013221153846153846
0 0.42427884615384615 0.16466346153846154 0.010817307692307692 0.013221153846153846
0 0.4074519230769231 0.16706730769230768 0.013221153846153846 0.013221153846153846
0 0.34615384615384615 0.1346153846153846 0.010817307692307692 0.013221153846153846
0 0.3954326923076923 0.11057692307692307 0.010817307692307692 0.013221153846153846
0 0.4026442307692308 0.09254807692307693 0.013221153846153846 0.008413461538461538
0 0.39783653846153844 0.078125 0.010817307692307692 0.010817307692307692
0 0.39302884615384615 0.04807692307692308 0.010817307692307692 0.010817307692307692
0 0.3701923076923077 0.06850961538461539 0.010817307692307692 0.010817307692307692
0 0.33653846153846156 0.09254807692307693 0.007211538461538462 0.013221153846153846
0 0.3425480769230769 0.10697115384615384 0.008413461538461538 0.010817307692307692
0 0.38341346153846156 0.13221153846153846 0.013221153846153846 0.007211538461538462
0 0.3858173076923077 0.14182692307692307 0.010817307692307692 0.008413461538461538
0 0.40625 0.15144230769230768 0.010817307692307692 0.013221153846153846
0 0.3629807692307692 0.0985576923076923 0.008413461538461538 0.008413461538461538
0 0.31850961538461536 0.027644230769230768 0.010817307692307692 0.010817307692307692
0 0.3293269230769231 0.06370192307692307 0.013221153846153846 0.010817307692307692
0 0.34975961538461536 0.05889423076923077 0.007211538461538462 0.008413461538461538
0 0.38461538461538464 0.03245192307692308 0.013221153846153846 0.010817307692307692
0 0.057692307692307696 0.08173076923076923 0.010817307692307692 0.010817307692307692
0 0.06370192307692307 0.09375 0.007211538461538462 0.010817307692307692
0 0.052884615384615384 0.06490384615384616 0.010817307692307692 0.008413461538461538
0 0.05048076923076923 0.051682692307692304 0.007211538461538462 0.008413461538461538
0 0.037259615384615384 0.007211538461538462 0.010817307692307692 0.008413461538461538
0 0.040865384615384616 0.02283653846153846 0.008413461538461538 0.013221153846153846
0 0.03365384615384615 0.037259615384615384 0.008413461538461538 0.010817307692307692
0 0.02403846153846154 0.028846153846153848 0.010817307692307692 0.008413461538461538
0 0.24519230769230768 0.33052884615384615 0.008413461538461538 0.010817307692307692
0 0.46153846153846156 0.7764423076923077 0.018028846153846152 0.025240384615384616
0 0.8004807692307693 0.054086538461538464 0.015625 0.013221153846153846
0 0.32211538461538464 0.5120192307692307 0.026442307692307692 0.03365384615384615
0 0.3581730769230769 0.5757211538461539 0.04927884615384615 0.04326923076923077
0 0.32211538461538464 0.6478365384615384 0.02283653846153846 0.038461538461538464
0 0.5264423076923077 0.5492788461538461 0.028846153846153848 0.02283653846153846
0 0.6550480769230769 0.5444711538461539 0.026442307692307692 0.015625
0 0.8954326923076923 0.7199519230769231 0.028846153846153848 0.04326923076923077
0 0.8858173076923077 0.8641826923076923 0.020432692307692308 0.03365384615384615
0 0.6826923076923077 0.7932692307692307 0.026442307692307692 0.02283653846153846
0 0.6706730769230769 0.8822115384615384 0.03125 0.028846153846153848
0 0.6526442307692307 0.9387019230769231 0.03125 0.040865384615384616
0 0.8341346153846154 0.9435096153846154 0.028846153846153848 0.02283653846153846
0 0.8173076923076923 0.8557692307692307 0.026442307692307692 0.026442307692307692
0 0.7235576923076923 0.875 0.036057692307692304 0.03365384615384615
0 0.6141826923076923 0.6622596153846154 0.038461538461538464 0.03125
0 0.4831730769230769 0.7307692307692307 0.03365384615384615 0.025240384615384616
0 0.4110576923076923 0.9266826923076923 0.025240384615384616 0.025240384615384616
0 0.2980769230769231 0.8882211538461539 0.025240384615384616 0.038461538461538464
0 0.4206730769230769 0.7800480769230769 0.013221153846153846 0.028846153846153848
0 0.5444711538461539 0.6694711538461539 0.020432692307692308 0.020432692307692308
0 0.6370192307692307 0.5925480769230769 0.026442307692307692 0.026442307692307692
0 0.6694711538461539 0.6069711538461539 0.03125 0.020432692307692308
0 0.8653846153846154 0.6911057692307693 0.02283653846153846 0.026442307692307692
0 0.5492788461538461 0.7331730769230769 0.03125 0.028846153846153848
0 0.6033653846153846 0.8617788461538461 0.013221153846153846 0.020432692307692308
0 0.6274038461538461 0.8653846153846154 0.020432692307692308 0.02283653846153846
0 0.5588942307692307 0.9483173076923077 0.02283653846153846 0.018028846153846152
0 0.6033653846153846 0.96875 0.018028846153846152 0.018028846153846152
0 0.5360576923076923 0.9783653846153846 0.018028846153846152 0.025240384615384616
0 0.5084134615384616 0.9639423076923077 0.025240384615384616 0.02283653846153846
0 0.41225961538461536 0.9759615384615384 0.026442307692307692 0.020432692307692308
0 0.9098557692307693 0.9771634615384616 0.02283653846153846 0.02283653846153846
0 0.49399038461538464 0.625 0.025240384615384616 0.025240384615384616
0 0.6826923076923077 0.6514423076923077 0.026442307692307692 0.026442307692307692
0 0.6911057692307693 0.6802884615384616 0.026442307692307692 0.013221153846153846
0 0.7692307692307693 0.7247596153846154 0.020432692307692308 0.018028846153846152
0 0.5444711538461539 0.5853365384615384 0.02283653846153846 0.02283653846153846
0 0.7055288461538461 0.5973557692307693 0.018028846153846152 0.018028846153846152
0 0.34615384615384615 0.21754807692307693 0.020432692307692308 0.020432692307692308
0 0.25240384615384615 0.06610576923076923 0.03125 0.028846153846153848
0 0.28365384615384615 0.057692307692307696 0.026442307692307692 0.025240384615384616
0 0.16466346153846154 0.036057692307692304 0.026442307692307692 0.026442307692307692
0 0.1658653846153846 0.07211538461538461 0.028846153846153848 0.036057692307692304
0 0.20192307692307693 0.07692307692307693 0.028846153846153848 0.036057692307692304
0 0.18509615384615385 0.12860576923076922 0.026442307692307692 0.02283653846153846
0 0.1875 0.15745192307692307 0.03125 0.026442307692307692
0 0.1971153846153846 0.1971153846153846 0.025240384615384616 0.03365384615384615
0 0.24278846153846154 0.20552884615384615 0.03125 0.02283653846153846
0 0.2764423076923077 0.24158653846153846 0.036057692307692304 0.038461538461538464
0 0.32091346153846156 0.234375 0.04326923076923077 0.026442307692307692
0 0.6838942307692307 0.020432692307692308 0.046875 0.036057692307692304
0 0.43509615384615385 0.025240384615384616 0.018028846153846152 0.02283653846153846
0 0.4411057692307692 0.07932692307692307 0.018028846153846152 0.018028846153846152
0 0.08413461538461539 0.18389423076923078 0.028846153846153848 0.03365384615384615
0 0.046875 0.17908653846153846 0.02283653846153846 0.025240384615384616
0 0.016826923076923076 0.17908653846153846 0.028846153846153848 0.025240384615384616
0 0.9723557692307693 0.7379807692307693 0.025240384615384616 0.020432692307692308
0 0.9014423076923077 0.27884615384615385 0.015625 0.018028846153846152
0 0.75 0.04447115384615385 0.02283653846153846 0.020432692307692308
0 0.65625 0.1778846153846154 0.020432692307692308 0.018028846153846152
0 0.5456730769230769 0.3233173076923077 0.015625 0.020432692307692308
0 0.4579326923076923 0.1346153846153846 0.015625 0.018028846153846152
0 0.4266826923076923 0.11177884615384616 0.015625 0.015625
0 0.5180288461538461 0.11658653846153846 0.026442307692307692 0.020432692307692308
0 0.4951923076923077 0.1346153846153846 0.013221153846153846 0.013221153846153846
0 0.8016826923076923 0.06971153846153846 0.013221153846153846 0.018028846153846152
0 0.6418269230769231 0.4098557692307692 0.013221153846153846 0.013221153846153846
0 0.6045673076923077 0.3894230769230769 0.015625 0.013221153846153846
0 0.4254807692307692 0.3401442307692308 0.018028846153846152 0.018028846153846152
0 0.38822115384615385 0.30649038461538464 0.020432692307692308 0.02283653846153846
0 0.2848557692307692 0.3317307692307692 0.025240384615384616 0.020432692307692308
0 0.28846153846153844 0.30288461538461536 0.013221153846153846 0.010817307692307692
0 0.3389423076923077 0.2920673076923077 0.010817307692307692 0.015625
0 0.32211538461538464 0.29927884615384615 0.013221153846153846 0.013221153846153846
0 0.3629807692307692 0.39663461538461536 0.013221153846153846 0.013221153846153846
0 0.4206730769230769 0.40384615384615385 0.013221153846153846 0.010817307692307692
0 0.5612980769230769 0.3918269230769231 0.008413461538461538 0.008413461538461538
0 0.5889423076923077 0.4182692307692308 0.015625 0.015625
0 0.5012019230769231 0.2668269230769231 0.015625 0.015625
0 0.5841346153846154 0.27884615384615385 0.025240384615384616 0.018028846153846152
0 0.36658653846153844 0.32091346153846156 0.013221153846153846 0.015625
0 0.32211538461538464 0.32091346153846156 0.013221153846153846 0.010817307692307692
0 0.3485576923076923 0.32211538461538464 0.015625 0.013221153846153846
0 0.28365384615384615 0.4026442307692308 0.013221153846153846 0.013221153846153846
0 0.29447115384615385 0.42788461538461536 0.020432692307692308 0.018028846153846152
0 0.4206730769230769 0.2512019230769231 0.013221153846153846 0.015625
0 0.41947115384615385 0.20552884615384615 0.010817307692307692 0.013221153846153846
0 0.24519230769230768 0.3125 0.013221153846153846 0.013221153846153846
0 0.2692307692307692 0.28365384615384615 0.010817307692307692 0.013221153846153846
0 0.2848557692307692 0.2776442307692308 0.015625 0.010817307692307692
0 0.5264423076923077 0.16706730769230768 0.013221153846153846 0.013221153846153846
0 0.5324519230769231 0.19591346153846154 0.015625 0.013221153846153846
0 0.6646634615384616 0.3737980769230769 0.02283653846153846 0.018028846153846152
0 0.49759615384615385 0.24158653846153846 0.02283653846153846 0.020432692307692308
0 0.6394230769230769 0.2860576923076923 0.018028846153846152 0.018028846153846152
0 0.6538461538461539 0.3329326923076923 0.015625 0.018028846153846152
0 0.7800480769230769 0.43509615384615385 0.015625 0.018028846153846152
0 0.9855769230769231 0.3737980769230769 0.010817307692307692 0.018028846153846152
0 0.5588942307692307 0.13822115384615385 0.018028846153846152 0.020432692307692308
0 0.4987980769230769 0.22115384615384615 0.010817307692307692 0.018028846153846152
0 0.8762019230769231 0.08653846153846154 0.013221153846153846 0.015625
0 0.4735576923076923 0.5961538461538461 0.018028846153846152 0.025240384615384616
0 0.4519230769230769 0.7524038461538461 0.020432692307692308 0.013221153846153846
0 0.49759615384615385 0.6911057692307693 0.02283653846153846 0.02283653846153846
0 0.8052884615384616 0.6610576923076923 0.028846153846153848 0.025240384615384616
0 0.9387019230769231 0.7151442307692307 0.018028846153846152 0.020432692307692308
0 0.4579326923076923 0.7007211538461539 0.010817307692307692 0.018028846153846152
0 0.5480769230769231 0.6262019230769231 0.015625 0.02283653846153846
0 0.7560096153846154 0.8774038461538461 0.015625 0.025240384615384616
0 0.7824519230769231 0.8798076923076923 0.020432692307692308 0.025240384615384616
0 0.9314903846153846 0.9483173076923077 0.03365384615384615 0.036057692307692304
0 0.421875 0.8737980769230769 0.015625 0.018028846153846152
0 0.4375 0.9098557692307693 0.018028846153846152 0.018028846153846152
0 0.2692307692307692 0.8365384615384616 0.015625 0.020432692307692308
0 0.4567307692307692 0.9338942307692307 0.018028846153846152 0.015625
0 0.013221153846153846 0.6875 0.026442307692307692 0.025240384615384616