0 0.6814903846153846 0.9831730769230769 0.020432692307692308 0.020432692307692308
0 0.8028846153846154 0.7199519230769231 0.020432692307692308 0.028846153846153848
0 0.8257211538461539 0.7451923076923077 0.025240384615384616 0.02283653846153846
0 0.7596153846153846 0.9194711538461539 0.020432692307692308 0.025240384615384616
0 0.47716346153846156 0.7836538461538461 0.018028846153846152 0.013221153846153846
0 0.6670673076923077 0.8245192307692307 0.008413461538461538 0.013221153846153846
0 0.9759615384615384 0.6875 0.020432692307692308 0.025240384615384616
0 0.9867788461538461 0.6358173076923077 0.018028846153846152 0.020432692307692308
0 0.9387019230769231 0.6514423076923077 0.026442307692307692 0.025240384615384616
0 0.9206730769230769 0.6322115384615384 0.018028846153846152 0.025240384615384616
0 0.7043269230769231 0.5 0.015625 0.018028846153846152
0 0.7055288461538461 0.46875 0.026442307692307692 0.02283653846153846
0 0.9122596153846154 0.3762019230769231 0.03125 0.026442307692307692
0 0.7235576923076923 0.2536057692307692 0.02283653846153846 0.020432692307692308
0 0.7524038461538461 0.2283653846153846 0.02283653846153846 0.020432692307692308
0 0.6778846153846154 0.4338942307692308 0.018028846153846152 0.015625
0 0.6165865384615384 0.3870192307692308 0.015625 0.018028846153846152
0 0.5673076923076923 0.29447115384615385 0.018028846153846152 0.02283653846153846
0 0.6069711538461539 0.07692307692307693 0.020432692307692308 0.026442307692307692
0 0.5817307692307693 0.0829326923076923 0.010817307692307692 0.02283653846153846
0 0.7307692307692307 0.11778846153846154 0.015625 0.028846153846153848
0 0.75 0.11658653846153846 0.018028846153846152 0.025240384615384616
0 0.6382211538461539 0.21634615384615385 0.025240384615384616 0.03125
0 0.5973557692307693 0.21875 0.018028846153846152 0.02283653846153846
0 0.5805288461538461 0.8004807692307693 0.010817307692307692 0.020432692307692308
0 0.8076923076923077 0.6346153846153846 0.015625 0.018028846153846152
0 0.8125 0.5865384615384616 0.018028846153846152 0.020432692307692308
0 0.7536057692307693 0.4326923076923077 0.015625 0.018028846153846152
0 0.8209134615384616 0.38100961538461536 0.015625 0.018028846153846152
0 0.6706730769230769 0.3137019230769231 0.013221153846153846 0.010817307692307692
0 0.5805288461538461 0.6778846153846154 0.010817307692307692 0.013221153846153846
0 0.6742788461538461 0.5829326923076923 0.015625 0.013221153846153846
0 0.8966346153846154 0.8545673076923077 0.018028846153846152 0.020432692307692308
0 0.8245192307692307 0.9915865384615384 0.008413461538461538 0.010817307692307692
0 0.8557692307692307 0.9699519230769231 0.013221153846153846 0.010817307692307692
0 0.5444711538461539 0.6694711538461539 0.010817307692307692 0.010817307692307692
0 0.8954326923076923 0.6141826923076923 0.010817307692307692 0.015625
0 0.9098557692307693 0.6033653846153846 0.013221153846153846 0.02283653846153846
0 0.7271634615384616 0.8641826923076923 0.013221153846153846 0.015625
0 0.6658653846153846 0.9555288461538461 0.010817307692307692 0.015625
0 0.9519230769230769 0.9507211538461539 0.010817307692307692 0.013221153846153846
0 0.9855769230769231 0.1346153846153846 0.010817307692307692 0.013221153846153846
0 0.9254807692307693 0.35096153846153844 0.018028846153846152 0.013221153846153846
0 0.9014423076923077 0.3425480769230769 0.013221153846153846 0.008413461538461538
0 0.9591346153846154 0.28365384615384615 0.008413461538461538 0.013221153846153846
0 0.9735576923076923 0.3293269230769231 0.013221153846153846 0.013221153846153846
0 0.7487980769230769 0.1875 0.010817307692307692 0.013221153846153846
0 0.9627403846153846 0.02403846153846154 0.010817307692307692 0.020432692307692308
0 0.8665865384615384 0.078125 0.010817307692307692 0.015625
0 0.640625 0.421875 0.020432692307692308 0.020432692307692308
0 0.7848557692307693 0.5456730769230769 0.025240384615384616 0.020432692307692308
0 0.5420673076923077 0.19471153846153846 0.015625 0.015625
0 0.5745192307692307 0.140625 0.018028846153846152 0.038461538461538464
0 0.5492788461538461 0.11658653846153846 0.013221153846153846 0.03125
0 0.6730769230769231 0.25841346153846156 0.013221153846153846 0.010817307692307692
0 0.6706730769230769 0.09495192307692307 0.013221153846153846 0.018028846153846152
0 0.8173076923076923 0.23317307692307693 0.018028846153846152 0.015625
0 0.5324519230769231 0.31850961538461536 0.020432692307692308 0.020432692307692308
0 0.6442307692307693 0.2536057692307692 0.018028846153846152 0.010817307692307692
0 0.5889423076923077 0.015625 0.028846153846153848 0.013221153846153846
0 0.7127403846153846 0.07091346153846154 0.015625 0.025240384615384616
0 0.7896634615384616 0.0985576923076923 0.015625 0.025240384615384616
0 0.9663461538461539 0.5216346153846154 0.02283653846153846 0.025240384615384616
0 0.6514423076923077 0.18028846153846154 0.040865384615384616 0.026442307692307692
0 0.6766826923076923 0.15384615384615385 0.03365384615384615 0.028846153846153848
0 0.6971153846153846 0.5456730769230769 0.020432692307692308 0.028846153846153848
0 0.6730769230769231 0.46875 0.02283653846153846 0.026442307692307692
0 0.6141826923076923 0.4206730769230769 0.015625 0.018028846153846152
0 0.5817307692307693 0.38822115384615385 0.015625 0.015625
0 0.5649038461538461 0.3786057692307692 0.018028846153846152 0.018028846153846152
0 0.5516826923076923 0.36658653846153844 0.018028846153846152 0.02283653846153846
0 0.8221153846153846 0.17668269230769232 0.018028846153846152 0.020432692307692308