0 0.1310096153846154 0.5108173076923077 0.008413461538461538 0.013221153846153846
0 0.14423076923076922 0.5096153846153846 0.008413461538461538 0.010817307692307692
0 0.14783653846153846 0.4807692307692308 0.010817307692307692 0.010817307692307692
0 0.1141826923076923 0.4855769230769231 0.015625 0.020432692307692308
0 0.11658653846153846 0.46274038461538464 0.007211538461538462 0.010817307692307692
0 0.14543269230769232 0.4951923076923077 0.010817307692307692 0.008413461538461538
0 0.17668269230769232 0.359375 0.010817307692307692 0.015625
0 0.1778846153846154 0.34134615384615385 0.018028846153846152 0.015625
0 0.028846153846153848 0.4735576923076923 0.008413461538461538 0.010817307692307692
0 0.019230769230769232 0.49038461538461536 0.010817307692307692 0.010817307692307692
0 0.008413461538461538 0.4951923076923077 0.007211538461538462 0.008413461538461538
0 0.003605769230769231 0.3870192307692308 0.007211538461538462 0.009615384615384616
0 0.019230769230769232 0.3485576923076923 0.010817307692307692 0.010817307692307692
0 0.008413461538461538 0.3713942307692308 0.007211538461538462 0.008413461538461538
0 0.06009615384615385 0.3557692307692308 0.007211538461538462 0.008413461538461538
0 0.052884615384615384 0.32091346153846156 0.007211538461538462 0.007211538461538462
0 0.056490384615384616 0.3125 0.008413461538461538 0.008413461538461538
0 0.04326923076923077 0.14543269230769232 0.018028846153846152 0.020432692307692308
0 0.03485576923076923 0.021634615384615384 0.010817307692307692 0.015625
0 0.05889423076923077 0.009615384615384616 0.008413461538461538 0.007211538461538462
0 0.1778846153846154 0.38221153846153844 0.018028846153846152 0.015625
0 0.0829326923076923 0.36658653846153844 0.013221153846153846 0.018028846153846152
0 0.028846153846153848 0.39783653846153844 0.013221153846153846 0.015625
0 0.054086538461538464 0.3401442307692308 0.018028846153846152 0.013221153846153846