0 0.9278846153846154 0.125 0.013221153846153846 0.020432692307692308
0 0.5865384615384616 0.171875 0.025240384615384616 0.025240384615384616
0 0.6225961538461539 0.1935096153846154 0.015625 0.013221153846153846
0 0.2800480769230769 0.11658653846153846 0.020432692307692308 0.018028846153846152
0 0.2860576923076923 0.09615384615384616 0.018028846153846152 0.015625
0 0.328125 0.038461538461538464 0.015625 0.013221153846153846
0 0.6526442307692307 0.046875 0.03125 0.040865384615384616
0 0.8341346153846154 0.051682692307692304 0.028846153846153848 0.02283653846153846
0 0.4110576923076923 0.03485576923076923 0.025240384615384616 0.025240384615384616
0 0.40865384615384615 0.11298076923076923 0.025240384615384616 0.018028846153846152
0 0.5588942307692307 0.056490384615384616 0.02283653846153846 0.018028846153846152
0 0.6033653846153846 0.07692307692307693 0.018028846153846152 0.018028846153846152
0 0.6418269230769231 0.12620192307692307 0.03125 0.026442307692307692
0 0.5360576923076923 0.08653846153846154 0.018028846153846152 0.025240384615384616
0 0.5084134615384616 0.07211538461538461 0.025240384615384616 0.02283653846153846
0 0.41225961538461536 0.08413461538461539 0.026442307692307692 0.020432692307692308
0 0.47115384615384615 0.10216346153846154 0.018028846153846152 0.015625
0 0.5600961538461539 0.12740384615384615 0.020432692307692308 0.028846153846153848
0 0.9098557692307693 0.08533653846153846 0.02283653846153846 0.02283653846153846
0 0.9483173076923077 0.11778846153846154 0.02283653846153846 0.020432692307692308
0 0.3918269230769231 0.21514423076923078 0.03125 0.028846153846153848
0 0.9314903846153846 0.056490384615384616 0.03365384615384615 0.036057692307692304
0 0.4375 0.018028846153846152 0.018028846153846152 0.018028846153846152
0 0.48197115384615385 0.125 0.02283653846153846 0.020432692307692308
0 0.5036057692307693 0.13581730769230768 0.015625 0.015625
0 0.7427884615384616 0.17427884615384615 0.018028846153846152 0.028846153846153848
0 0.578125 0.20673076923076922 0.025240384615384616 0.018028846153846152
0 0.5084134615384616 0.22956730769230768 0.02283653846153846 0.018028846153846152
0 0.4567307692307692 0.042067307692307696 0.018028846153846152 0.015625