0 0.9819711538461539 0.5168269230769231 0.018028846153846152 0.015625
0 0.9194711538461539 0.48197115384615385 0.020432692307692308 0.018028846153846152
0 0.9483173076923077 0.3401442307692308 0.026442307692307692 0.013221153846153846
0 0.9639423076923077 0.31971153846153844 0.026442307692307692 0.018028846153846152
0 0.9867788461538461 0.375 0.018028846153846152 0.015625
0 0.9038461538461539 0.5420673076923077 0.015625 0.015625
0 0.8894230769230769 0.5564903846153846 0.013221153846153846 0.013221153846153846
0 0.8629807692307693 0.5552884615384616 0.018028846153846152 0.015625
0 0.9194711538461539 0.6670673076923077 0.013221153846153846 0.018028846153846152
0 0.9471153846153846 0.6862980769230769 0.015625 0.015625
0 0.9747596153846154 0.6983173076923077 0.013221153846153846 0.013221153846153846
0 0.9435096153846154 0.7043269230769231 0.018028846153846152 0.015625
0 0.9567307692307693 0.6646634615384616 0.018028846153846152 0.018028846153846152
0 0.9759615384615384 0.6514423076923077 0.015625 0.013221153846153846
0 0.9795673076923077 0.6634615384615384 0.013221153846153846 0.010817307692307692
0 0.9603365384615384 0.5877403846153846 0.015625 0.018028846153846152
0 0.9663461538461539 0.5444711538461539 0.013221153846153846 0.015625
0 0.9579326923076923 0.5600961538461539 0.010817307692307692 0.010817307692307692
0 0.9194711538461539 0.5564903846153846 0.010817307692307692 0.013221153846153846
0 0.9435096153846154 0.5072115384615384 0.018028846153846152 0.013221153846153846
0 0.7992788461538461 0.026442307692307692 0.008413461538461538 0.013221153846153846
0 0.9903846153846154 0.0625 0.010817307692307692 0.015625
0 0.9735576923076923 0.1045673076923077 0.026442307692307692 0.015625
0 0.96875 0.07091346153846154 0.026442307692307692 0.015625
0 0.9735576923076923 0.08653846153846154 0.018028846153846152 0.015625
0 0.9170673076923077 0.10096153846153846 0.013221153846153846 0.013221153846153846
0 0.9278846153846154 0.09495192307692307 0.013221153846153846 0.018028846153846152
0 0.9495192307692307 0.21153846153846154 0.015625 0.018028846153846152
0 0.953125 0.7740384615384616 0.008413461538461538 0.010817307692307692
0 0.6430288461538461 0.2668269230769231 0.015625 0.015625
0 0.46274038461538464 0.2704326923076923 0.015625 0.013221153846153846
0 0.6189903846153846 0.1971153846153846 0.018028846153846152 0.015625
0 0.5264423076923077 0.27283653846153844 0.010817307692307692 0.013221153846153846
0 0.4987980769230769 0.25961538461538464 0.025240384615384616 0.03365384615384615
0 0.7475961538461539 0.2620192307692308 0.018028846153846152 0.010817307692307692
0 0.7632211538461539 0.23918269230769232 0.013221153846153846 0.013221153846153846
0 0.7788461538461539 0.22235576923076922 0.013221153846153846 0.010817307692307692
0 0.7980769230769231 0.2091346153846154 0.015625 0.013221153846153846
0 0.828125 0.36778846153846156 0.015625 0.015625
0 0.21153846153846154 0.019230769230769232 0.013221153846153846 0.015625
0 0.4170673076923077 0.02283653846153846 0.018028846153846152 0.018028846153846152
0 0.3954326923076923 0.04447115384615385 0.020432692307692308 0.013221153846153846
0 0.328125 0.08173076923076923 0.010817307692307692 0.010817307692307692
0 0.49038461538461536 0.17307692307692307 0.015625 0.018028846153846152
0 0.4098557692307692 0.28966346153846156 0.013221153846153846 0.015625
0 0.5516826923076923 0.25721153846153844 0.013221153846153846 0.013221153846153846
0 0.4963942307692308 0.30288461538461536 0.015625 0.015625
0 0.40384615384615385 0.2283653846153846 0.020432692307692308 0.015625
0 0.2764423076923077 0.6394230769230769 0.018028846153846152 0.018028846153846152
0 0.2608173076923077 0.6622596153846154 0.018028846153846152 0.018028846153846152
0 0.16466346153846154 0.6971153846153846 0.02283653846153846 0.010817307692307692
0 0.2620192307692308 0.49759615384615385 0.015625 0.013221153846153846
0 0.45552884615384615 0.3088942307692308 0.013221153846153846 0.013221153846153846
0 0.41947115384615385 0.34134615384615385 0.013221153846153846 0.015625
0 0.5997596153846154 0.3894230769230769 0.010817307692307692 0.013221153846153846
0 0.36658653846153844 0.24639423076923078 0.03125 0.025240384615384616
0 0.359375 0.27163461538461536 0.020432692307692308 0.015625
0 0.3293269230769231 0.29086538461538464 0.02283653846153846 0.018028846153846152
0 0.7379807692307693 0.016826923076923076 0.020432692307692308 0.020432692307692308
0 0.6887019230769231 0.056490384615384616 0.02283653846153846 0.02283653846153846
0 0.4987980769230769 0.10096153846153846 0.025240384615384616 0.02283653846153846
0 0.5180288461538461 0.125 0.02283653846153846 0.020432692307692308
0 0.6370192307692307 0.0985576923076923 0.026442307692307692 0.02283653846153846
0 0.6923076923076923 0.078125 0.015625 0.020432692307692308
0 0.6947115384615384 0.125 0.015625 0.015625
0 0.6742788461538461 0.1201923076923077 0.020432692307692308 0.020432692307692308
0 0.8088942307692307 0.13341346153846154 0.013221153846153846 0.02283653846153846
0 0.7884615384615384 0.11658653846153846 0.018028846153846152 0.013221153846153846
0 0.7872596153846154 0.10336538461538461 0.020432692307692308 0.018028846153846152
0 0.8822115384615384 0.11899038461538461 0.020432692307692308 0.018028846153846152
0 0.8629807692307693 0.14302884615384615 0.018028846153846152 0.025240384615384616
0 0.8762019230769231 0.1778846153846154 0.026442307692307692 0.026442307692307692
0 0.921875 0.1971153846153846 0.025240384615384616 0.010817307692307692
0 0.9242788461538461 0.21875 0.020432692307692308 0.02283653846153846
0 0.8161057692307693 0.20552884615384615 0.015625 0.018028846153846152
0 0.7524038461538461 0.1875 0.018028846153846152 0.015625
0 0.7307692307692307 0.19110576923076922 0.015625 0.013221153846153846
0 0.7283653846153846 0.15144230769230768 0.015625 0.02283653846153846
0 0.6935096153846154 0.16947115384615385 0.018028846153846152 0.013221153846153846
0 0.6346153846153846 0.18389423076923078 0.018028846153846152 0.015625
0 0.6550480769230769 0.18629807692307693 0.018028846153846152 0.020432692307692308
0 0.5288461538461539 0.06009615384615385 0.02283653846153846 0.020432692307692308
0 0.8930288461538461 0.2800480769230769 0.020432692307692308 0.025240384615384616
0 0.8425480769230769 0.26322115384615385 0.02283653846153846 0.02283653846153846
0 0.7932692307692307 0.30288461538461536 0.018028846153846152 0.020432692307692308
0 0.7608173076923077 0.3329326923076923 0.018028846153846152 0.02283653846153846
0 0.8894230769230769 0.23557692307692307 0.026442307692307692 0.028846153846153848
0 0.9134615384615384 0.26322115384615385 0.015625 0.018028846153846152
0 0.7524038461538461 0.3605769230769231 0.02283653846153846 0.02283653846153846
0 0.7824519230769231 0.4362980769230769 0.015625 0.020432692307692308
0 0.6959134615384616 0.5036057692307693 0.018028846153846152 0.025240384615384616
0 0.7235576923076923 0.45913461538461536 0.02283653846153846 0.018028846153846152
0 0.84375 0.39783653846153844 0.015625 0.020432692307692308
0 0.8449519230769231 0.3329326923076923 0.013221153846153846 0.018028846153846152
0 0.8629807692307693 0.3389423076923077 0.018028846153846152 0.025240384615384616
0 0.6213942307692307 0.5012019230769231 0.018028846153846152 0.025240384615384616
0 0.5733173076923077 0.4639423076923077 0.03365384615384615 0.026442307692307692
0 0.578125 0.5396634615384616 0.020432692307692308 0.025240384615384616
0 0.546875 0.3786057692307692 0.026442307692307692 0.02283653846153846
0 0.5204326923076923 0.3605769230769231 0.013221153846153846 0.013221153846153846
0 0.5540865384615384 0.3401442307692308 0.018028846153846152 0.02283653846153846
0 0.5769230769230769 0.32211538461538464 0.018028846153846152 0.018028846153846152
0 0.39783653846153844 0.45913461538461536 0.020432692307692308 0.026442307692307692
0 0.39903846153846156 0.5252403846153846 0.03125 0.026442307692307692
0 0.3641826923076923 0.5180288461538461 0.020432692307692308 0.02283653846153846
0 0.3245192307692308 0.5408653846153846 0.018028846153846152 0.02283653846153846
0 0.4375 0.49759615384615385 0.013221153846153846 0.018028846153846152
0 0.44350961538461536 0.5276442307692307 0.018028846153846152 0.015625
0 0.4375 0.5805288461538461 0.018028846153846152 0.018028846153846152
0 0.47716346153846156 0.5024038461538461 0.013221153846153846 0.02283653846153846
0 0.5012019230769231 0.5072115384615384 0.025240384615384616 0.02283653846153846
0 0.6382211538461539 0.3581730769230769 0.015625 0.02283653846153846
0 0.7127403846153846 0.29086538461538464 0.015625 0.018028846153846152
0 0.9230769230769231 0.24519230769230768 0.018028846153846152 0.018028846153846152
0 0.9543269230769231 0.22956730769230768 0.015625 0.018028846153846152
0 0.9627403846153846 0.1310096153846154 0.015625 0.02283653846153846
0 0.7139423076923077 0.2127403846153846 0.013221153846153846 0.015625
0 0.7235576923076923 0.5564903846153846 0.018028846153846152 0.02283653846153846
0 0.7608173076923077 0.5528846153846154 0.02283653846153846 0.020432692307692308
0 0.9338942307692307 0.4495192307692308 0.015625 0.025240384615384616
0 0.9807692307692307 0.4206730769230769 0.020432692307692308 0.02283653846153846
0 0.6646634615384616 0.6189903846153846 0.018028846153846152 0.02283653846153846
0 0.6262019230769231 0.6310096153846154 0.02283653846153846 0.018028846153846152
0 0.6382211538461539 0.6538461538461539 0.020432692307692308 0.020432692307692308
0 0.6682692307692307 0.6778846153846154 0.03365384615384615 0.026442307692307692
0 0.640625 0.7043269230769231 0.020432692307692308 0.025240384615384616
0 0.6201923076923077 0.6899038461538461 0.015625 0.015625
0 0.578125 0.7163461538461539 0.020432692307692308 0.02283653846153846
0 0.47596153846153844 0.7055288461538461 0.020432692307692308 0.02283653846153846
0 0.4651442307692308 0.6790865384615384 0.025240384615384616 0.015625
0 0.43028846153846156 0.7103365384615384 0.02283653846153846 0.025240384615384616
0 0.2692307692307692 0.7259615384615384 0.020432692307692308 0.020432692307692308
0 0.3088942307692308 0.6935096153846154 0.02283653846153846 0.02283653846153846
0 0.21634615384615385 0.6935096153846154 0.026442307692307692 0.018028846153846152
0 0.21875 0.5276442307692307 0.02283653846153846 0.020432692307692308
0 0.44591346153846156 0.828125 0.018028846153846152 0.025240384615384616
0 0.4795673076923077 0.8028846153846154 0.02283653846153846 0.025240384615384616
0 0.5348557692307693 0.7908653846153846 0.020432692307692308 0.018028846153846152
0 0.5528846153846154 0.7668269230769231 0.015625 0.020432692307692308
0 0.5757211538461539 0.7692307692307693 0.015625 0.020432692307692308
0 0.5925480769230769 0.7548076923076923 0.018028846153846152 0.018028846153846152
0 0.4170673076923077 0.734375 0.013221153846153846 0.018028846153846152
0 0.7235576923076923 0.6742788461538461 0.018028846153846152 0.025240384615384616
0 0.7295673076923077 0.6442307692307693 0.018028846153846152 0.026442307692307692
0 0.7463942307692307 0.6826923076923077 0.03365384615384615 0.026442307692307692
0 0.75 0.6550480769230769 0.02283653846153846 0.02283653846153846
0 0.7283653846153846 0.7319711538461539 0.025240384615384616 0.02283653846153846
0 0.7836538461538461 0.6418269230769231 0.018028846153846152 0.018028846153846152
0 0.2824519230769231 0.6117788461538461 0.020432692307692308 0.020432692307692308
0 0.7848557692307693 0.7944711538461539 0.025240384615384616 0.026442307692307692
0 0.8197115384615384 0.7548076923076923 0.018028846153846152 0.02283653846153846
0 0.8569711538461539 0.7992788461538461 0.038461538461538464 0.03125
0 0.9098557692307693 0.7824519230769231 0.026442307692307692 0.028846153846153848
0 0.7776442307692307 0.6971153846153846 0.015625 0.015625
0 0.7992788461538461 0.7055288461538461 0.013221153846153846 0.02283653846153846
0 0.8028846153846154 0.6814903846153846 0.020432692307692308 0.015625
0 0.8497596153846154 0.6730769230769231 0.015625 0.018028846153846152
0 0.8617788461538461 0.6442307692307693 0.020432692307692308 0.02283653846153846
0 0.2644230769230769 0.078125 0.03365384615384615 0.020432692307692308
0 0.18509615384615385 0.1466346153846154 0.02283653846153846 0.03125
0 0.1935096153846154 0.2091346153846154 0.02283653846153846 0.026442307692307692
0 0.18028846153846154 0.1778846153846154 0.02283653846153846 0.02283653846153846
0 0.09254807692307693 0.2704326923076923 0.026442307692307692 0.02283653846153846
0 0.04927884615384615 0.25 0.02283653846153846 0.02283653846153846
0 0.29447115384615385 0.4423076923076923 0.025240384615384616 0.020432692307692308
0 0.41466346153846156 0.3918269230769231 0.02283653846153846 0.018028846153846152
0 0.36538461538461536 0.40384615384615385 0.026442307692307692 0.020432692307692308
0 0.15625 0.5985576923076923 0.020432692307692308 0.020432692307692308
0 0.17067307692307693 0.5540865384615384 0.026442307692307692 0.02283653846153846
0 0.12259615384615384 0.640625 0.015625 0.020432692307692308
0 0.171875 0.36658653846153844 0.03365384615384615 0.028846153846153848
0 0.1875 0.31850961538461536 0.03125 0.028846153846153848
0 0.12259615384615384 0.8269230769230769 0.015625 0.013221153846153846
0 0.1875 0.9242788461538461 0.026442307692307692 0.025240384615384616
0 0.3557692307692308 0.6334134615384616 0.02283653846153846 0.020432692307692308
0 0.3449519230769231 0.36778846153846156 0.02283653846153846 0.015625
0 0.2860576923076923 0.21634615384615385 0.03125 0.026442307692307692
0 0.09735576923076923 0.24158653846153846 0.02283653846153846 0.020432692307692308
0 0.11899038461538461 0.23557692307692307 0.02283653846153846 0.020432692307692308
0 0.04447115384615385 0.2824519230769231 0.02283653846153846 0.020432692307692308
0 0.49158653846153844 0.06610576923076923 0.026442307692307692 0.025240384615384616
0 0.42908653846153844 0.22716346153846154 0.025240384615384616 0.02283653846153846
0 0.3112980769230769 0.10096153846153846 0.018028846153846152 0.018028846153846152
0 0.09254807692307693 0.6201923076923077 0.026442307692307692 0.015625
0 0.03485576923076923 0.9194711538461539 0.020432692307692308 0.026442307692307692
0 0.12620192307692307 0.7944711538461539 0.018028846153846152 0.02283653846153846
0 0.07692307692307693 0.7860576923076923 0.026442307692307692 0.026442307692307692