0 0.9375 0.7259615384615384 0.020432692307692308 0.015625
0 0.9375 0.7079326923076923 0.018028846153846152 0.010817307692307692
0 0.9387019230769231 0.6923076923076923 0.013221153846153846 0.010817307692307692
0 0.9387019230769231 0.6754807692307693 0.018028846153846152 0.013221153846153846
0 0.9326923076923077 0.6514423076923077 0.026442307692307692 0.02283653846153846
0 0.9447115384615384 0.6021634615384616 0.010817307692307692 0.010817307692307692
0 0.9459134615384616 0.5829326923076923 0.008413461538461538 0.008413461538461538
0 0.9447115384615384 0.5673076923076923 0.010817307692307692 0.008413461538461538
0 0.9459134615384616 0.5456730769230769 0.008413461538461538 0.010817307692307692
0 0.9483173076923077 0.5324519230769231 0.013221153846153846 0.010817307692307692
0 0.9483173076923077 0.5108173076923077 0.013221153846153846 0.013221153846153846
0 0.9014423076923077 0.5817307692307693 0.010817307692307692 0.010817307692307692
0 0.9158653846153846 0.5877403846153846 0.010817307692307692 0.013221153846153846
0 0.8954326923076923 0.7091346153846154 0.010817307692307692 0.008413461538461538
0 0.14302884615384615 0.12259615384615384 0.015625 0.025240384615384616
0 0.1045673076923077 0.1045673076923077 0.020432692307692308 0.020432692307692308
0 0.037259615384615384 0.11298076923076923 0.015625 0.018028846153846152
0 0.13341346153846154 0.03245192307692308 0.018028846153846152 0.020432692307692308
0 0.06129807692307692 0.040865384615384616 0.013221153846153846 0.013221153846153846
0 0.09375 0.040865384615384616 0.015625 0.018028846153846152
0 0.44711538461538464 0.26322115384615385 0.028846153846153848 0.036057692307692304
0 0.4795673076923077 0.3088942307692308 0.013221153846153846 0.02283653846153846
0 0.49278846153846156 0.36538461538461536 0.013221153846153846 0.013221153846153846
0 0.5120192307692307 0.3425480769230769 0.010817307692307692 0.013221153846153846
0 0.5384615384615384 0.11778846153846154 0.013221153846153846 0.025240384615384616
0 0.5913461538461539 0.10096153846153846 0.020432692307692308 0.036057692307692304
0 0.5793269230769231 0.056490384615384616 0.013221153846153846 0.018028846153846152
0 0.6454326923076923 0.055288461538461536 0.015625 0.025240384615384616
0 0.04326923076923077 0.8665865384615384 0.018028846153846152 0.02283653846153846
0 0.07091346153846154 0.9158653846153846 0.010817307692307692 0.020432692307692308
0 0.75 0.9603365384615384 0.013221153846153846 0.015625
0 0.5444711538461539 0.7560096153846154 0.010817307692307692 0.010817307692307692
0 0.53125 0.7379807692307693 0.013221153846153846 0.020432692307692308
0 0.6862980769230769 0.9134615384615384 0.007211538461538462 0.015625
0 0.5961538461538461 0.14182692307692307 0.015625 0.02283653846153846
0 0.21033653846153846 0.19110576923076922 0.010817307692307692 0.013221153846153846
0 0.055288461538461536 0.078125 0.015625 0.015625
0 0.6370192307692307 0.3173076923076923 0.026442307692307692 0.02283653846153846
0 0.7127403846153846 0.9254807692307693 0.015625 0.013221153846153846
0 0.5733173076923077 0.2824519230769231 0.020432692307692308 0.020432692307692308
0 0.5264423076923077 0.020432692307692308 0.020432692307692308 0.018028846153846152
0 0.5348557692307693 0.2644230769230769 0.020432692307692308 0.020432692307692308
0 0.5444711538461539 0.23798076923076922 0.018028846153846152 0.020432692307692308
0 0.6033653846153846 0.17307692307692307 0.02283653846153846 0.02283653846153846
0 0.6382211538461539 0.2860576923076923 0.020432692307692308 0.02283653846153846
0 0.6225961538461539 0.2620192307692308 0.025240384615384616 0.020432692307692308
0 0.6382211538461539 0.3918269230769231 0.028846153846153848 0.02283653846153846
0 0.6862980769230769 0.40384615384615385 0.020432692307692308 0.025240384615384616