0 0.9375 0.3449519230769231 0.010817307692307692 0.013221153846153846
0 0.9543269230769231 0.3233173076923077 0.020432692307692308 0.015625
0 0.9579326923076923 0.3076923076923077 0.015625 0.010817307692307692
0 0.9723557692307693 0.3125 0.010817307692307692 0.015625
0 0.9242788461538461 0.3076923076923077 0.010817307692307692 0.010817307692307692
0 0.9086538461538461 0.3125 0.010817307692307692 0.010817307692307692
0 0.9206730769230769 0.3233173076923077 0.013221153846153846 0.010817307692307692
0 0.921875 0.38100961538461536 0.010817307692307692 0.013221153846153846
0 0.9362980769230769 0.24879807692307693 0.010817307692307692 0.010817307692307692
0 0.9206730769230769 0.24158653846153846 0.013221153846153846 0.013221153846153846
0 0.9290865384615384 0.2247596153846154 0.010817307692307692 0.013221153846153846
0 0.9411057692307693 0.2247596153846154 0.013221153846153846 0.013221153846153846
0 0.9591346153846154 0.24158653846153846 0.013221153846153846 0.010817307692307692
0 0.9603365384615384 0.22956730769230768 0.010817307692307692 0.013221153846153846
0 0.9639423076923077 0.22355769230769232 0.013221153846153846 0.013221153846153846
0 0.9651442307692307 0.2091346153846154 0.015625 0.013221153846153846
0 0.9783653846153846 0.2283653846153846 0.010817307692307692 0.010817307692307692
0 0.8966346153846154 0.3485576923076923 0.02283653846153846 0.02283653846153846
0 0.8762019230769231 0.3401442307692308 0.008413461538461538 0.008413461538461538
0 0.8966346153846154 0.3713942307692308 0.013221153846153846 0.013221153846153846
0 0.8834134615384616 0.3762019230769231 0.010817307692307692 0.018028846153846152
0 0.8269230769230769 0.3557692307692308 0.018028846153846152 0.013221153846153846
0 0.8665865384615384 0.2704326923076923 0.018028846153846152 0.013221153846153846
0 0.8461538461538461 0.31009615384615385 0.015625 0.015625
0 0.8617788461538461 0.3088942307692308 0.015625 0.018028846153846152
0 0.8954326923076923 0.43149038461538464 0.010817307692307692 0.015625
0 0.9110576923076923 0.4879807692307692 0.007211538461538462 0.010817307692307692
0 0.8942307692307693 0.49278846153846156 0.008413461538461538 0.008413461538461538
0 0.9014423076923077 0.5709134615384616 0.010817307692307692 0.010817307692307692
0 0.9230769230769231 0.5709134615384616 0.013221153846153846 0.010817307692307692
0 0.9122596153846154 0.546875 0.008413461538461538 0.008413461538461538
0 0.8004807692307693 0.5661057692307693 0.020432692307692308 0.010817307692307692
0 0.6778846153846154 0.5588942307692307 0.026442307692307692 0.018028846153846152
0 0.6658653846153846 0.5204326923076923 0.015625 0.013221153846153846
0 0.7355769230769231 0.34975961538461536 0.025240384615384616 0.020432692307692308
0 0.734375 0.33052884615384615 0.02283653846153846 0.013221153846153846
0 0.7824519230769231 0.3125 0.010817307692307692 0.010817307692307692
0 0.8173076923076923 0.28125 0.013221153846153846 0.013221153846153846
0 0.7752403846153846 0.2764423076923077 0.013221153846153846 0.018028846153846152
0 0.78125 0.21033653846153846 0.013221153846153846 0.015625
0 0.6442307692307693 0.5084134615384616 0.018028846153846152 0.010817307692307692
0 0.5336538461538461 0.5300480769230769 0.018028846153846152 0.020432692307692308
0 0.5396634615384616 0.5084134615384616 0.015625 0.018028846153846152
0 0.4795673076923077 0.4723557692307692 0.018028846153846152 0.020432692307692308
0 0.4206730769230769 0.40865384615384615 0.018028846153846152 0.015625
0 0.390625 0.40384615384615385 0.020432692307692308 0.020432692307692308
0 0.5396634615384616 0.4723557692307692 0.015625 0.015625
0 0.5552884615384616 0.47475961538461536 0.015625 0.018028846153846152
0 0.5805288461538461 0.4987980769230769 0.010817307692307692 0.015625
0 0.5973557692307693 0.5084134615384616 0.018028846153846152 0.02283653846153846
0 0.49158653846153844 0.5733173076923077 0.018028846153846152 0.020432692307692308
0 0.5060096153846154 0.5612980769230769 0.015625 0.018028846153846152
0 0.41586538461538464 0.4951923076923077 0.015625 0.013221153846153846
0 0.4074519230769231 0.47836538461538464 0.013221153846153846 0.015625
0 0.3269230769230769 0.5745192307692307 0.008413461538461538 0.013221153846153846
0 0.33413461538461536 0.5841346153846154 0.010817307692307692 0.015625
0 0.49158653846153844 0.40024038461538464 0.010817307692307692 0.010817307692307692
0 0.5625 0.4014423076923077 0.008413461538461538 0.013221153846153846
0 0.6141826923076923 0.41947115384615385 0.010817307692307692 0.010817307692307692
0 0.6213942307692307 0.4254807692307692 0.008413461538461538 0.013221153846153846
0 0.6838942307692307 0.41225961538461536 0.010817307692307692 0.013221153846153846
0 0.7079326923076923 0.34615384615384615 0.010817307692307692 0.010817307692307692
0 0.7584134615384616 0.28725961538461536 0.010817307692307692 0.010817307692307692
0 0.7584134615384616 0.27524038461538464 0.008413461538461538 0.008413461538461538
0 0.7524038461538461 0.29927884615384615 0.008413461538461538 0.013221153846153846
0 0.7463942307692307 0.2800480769230769 0.010817307692307692 0.010817307692307692
0 0.703125 0.29447115384615385 0.008413461538461538 0.013221153846153846
0 0.6862980769230769 0.28966346153846156 0.010817307692307692 0.010817307692307692
0 0.6923076923076923 0.3401442307692308 0.010817307692307692 0.013221153846153846
0 0.6802884615384616 0.33052884615384615 0.008413461538461538 0.008413461538461538
0 0.6766826923076923 0.31850961538461536 0.010817307692307692 0.010817307692307692
0 0.6286057692307693 0.2932692307692308 0.008413461538461538 0.008413461538461538
0 0.6454326923076923 0.2824519230769231 0.010817307692307692 0.010817307692307692
0 0.6322115384615384 0.30288461538461536 0.007211538461538462 0.010817307692307692
0 0.6442307692307693 0.296875 0.008413461538461538 0.008413461538461538
0 0.6610576923076923 0.30288461538461536 0.010817307692307692 0.015625
0 0.7163461538461539 0.2704326923076923 0.013221153846153846 0.013221153846153846
0 0.75 0.3137019230769231 0.013221153846153846 0.010817307692307692
0 0.6766826923076923 0.26802884615384615 0.010817307692307692 0.013221153846153846
0 0.6658653846153846 0.2512019230769231 0.015625 0.010817307692307692
0 0.6526442307692307 0.24519230769230768 0.008413461538461538 0.008413461538461538
0 0.6298076923076923 0.2439903846153846 0.010817307692307692 0.015625
0 0.6454326923076923 0.26322115384615385 0.010817307692307692 0.013221153846153846
0 0.6105769230769231 0.2620192307692308 0.013221153846153846 0.015625
0 0.5877403846153846 0.24158653846153846 0.008413461538461538 0.013221153846153846
0 0.6021634615384616 0.23557692307692307 0.010817307692307692 0.010817307692307692
0 0.6141826923076923 0.21754807692307693 0.010817307692307692 0.010817307692307692
0 0.6514423076923077 0.20673076923076922 0.013221153846153846 0.008413461538461538
0 0.6514423076923077 0.1971153846153846 0.010817307692307692 0.010817307692307692
0 0.6442307692307693 0.3112980769230769 0.008413461538461538 0.008413461538461538
0 0.6923076923076923 0.3125 0.010817307692307692 0.010817307692307692
0 0.6875 0.23076923076923078 0.010817307692307692 0.010817307692307692
0 0.6850961538461539 0.2439903846153846 0.013221153846153846 0.010817307692307692
0 0.6983173076923077 0.24639423076923078 0.008413461538461538 0.010817307692307692
0 0.7091346153846154 0.22235576923076922 0.008413461538461538 0.010817307692307692
0 0.7295673076923077 0.2247596153846154 0.013221153846153846 0.013221153846153846
0 0.7139423076923077 0.20793269230769232 0.013221153846153846 0.010817307692307692
0 0.8341346153846154 0.1814903846153846 0.010817307692307692 0.010817307692307692
0 0.828125 0.171875 0.010817307692307692 0.010817307692307692
0 0.8762019230769231 0.1778846153846154 0.013221153846153846 0.013221153846153846
0 0.8725961538461539 0.16105769230769232 0.010817307692307692 0.010817307692307692
0 0.8533653846153846 0.14302884615384615 0.013221153846153846 0.010817307692307692
0 0.8485576923076923 0.16346153846153846 0.010817307692307692 0.015625
0 0.8786057692307693 0.10817307692307693 0.013221153846153846 0.013221153846153846
0 0.9014423076923077 0.12139423076923077 0.013221153846153846 0.013221153846153846
0 0.9146634615384616 0.0985576923076923 0.013221153846153846 0.013221153846153846
0 0.9266826923076923 0.0889423076923077 0.010817307692307692 0.015625
0 0.9903846153846154 0.036057692307692304 0.015625 0.013221153846153846
0 0.9519230769230769 0.171875 0.010817307692307692 0.015625
0 0.8545673076923077 0.07692307692307693 0.020432692307692308 0.018028846153846152
0 0.8233173076923077 0.06971153846153846 0.015625 0.013221153846153846
0 0.8966346153846154 0.15625 0.013221153846153846 0.015625
0 0.9651442307692307 0.1045673076923077 0.010817307692307692 0.015625
0 0.8197115384615384 0.04326923076923077 0.018028846153846152 0.018028846153846152
0 0.8257211538461539 0.028846153846153848 0.010817307692307692 0.008413461538461538
0 0.8305288461538461 0.016826923076923076 0.010817307692307692 0.015625
0 0.16105769230769232 0.4987980769230769 0.010817307692307692 0.015625
0 0.0889423076923077 0.5408653846153846 0.015625 0.013221153846153846
0 0.0733173076923077 0.5180288461538461 0.010817307692307692 0.013221153846153846
0 0.038461538461538464 0.4987980769230769 0.013221153846153846 0.010817307692307692
0 0.008413461538461538 0.5132211538461539 0.013221153846153846 0.02283653846153846
0 0.15745192307692307 0.39663461538461536 0.013221153846153846 0.008413461538461538
0 0.1201923076923077 0.49278846153846156 0.010817307692307692 0.018028846153846152
0 0.24759615384615385 0.36658653846153844 0.013221153846153846 0.013221153846153846
0 0.38822115384615385 0.36899038461538464 0.020432692307692308 0.02283653846153846
0 0.01201923076923077 0.22115384615384615 0.015625 0.013221153846153846
0 0.13581730769230768 0.32091346153846156 0.015625 0.015625
0 0.015625 0.3016826923076923 0.013221153846153846 0.013221153846153846
0 0.21875 0.2091346153846154 0.013221153846153846 0.013221153846153846
0 0.02403846153846154 0.09495192307692307 0.010817307692307692 0.018028846153846152
0 0.04447115384615385 0.109375 0.013221153846153846 0.010817307692307692
0 0.09495192307692307 0.25 0.013221153846153846 0.018028846153846152
0 0.16947115384615385 0.10697115384615384 0.018028846153846152 0.015625
0 0.515625 0.15384615384615385 0.018028846153846152 0.020432692307692308
0 0.5432692307692307 0.16947115384615385 0.018028846153846152 0.018028846153846152
0 0.4855769230769231 0.12620192307692307 0.010817307692307692 0.02283653846153846
0 0.44591346153846156 0.014423076923076924 0.018028846153846152 0.020432692307692308
0 0.48677884615384615 0.04447115384615385 0.018028846153846152 0.020432692307692308
0 0.41947115384615385 0.08052884615384616 0.013221153846153846 0.020432692307692308
0 0.4423076923076923 0.09134615384615384 0.020432692307692308 0.020432692307692308
0 0.6598557692307693 0.0985576923076923 0.018028846153846152 0.020432692307692308
0 0.6490384615384616 0.06971153846153846 0.018028846153846152 0.013221153846153846
0 0.39663461538461536 0.054086538461538464 0.013221153846153846 0.018028846153846152
0 0.36778846153846156 0.4891826923076923 0.020432692307692308 0.02283653846153846
0 0.3401442307692308 0.4987980769230769 0.02283653846153846 0.020432692307692308
0 0.38822115384615385 0.5132211538461539 0.020432692307692308 0.026442307692307692
0 0.41346153846153844 0.5300480769230769 0.015625 0.015625
0 0.43149038461538464 0.5264423076923077 0.015625 0.018028846153846152
0 0.43990384615384615 0.5 0.015625 0.018028846153846152
0 0.4579326923076923 0.5084134615384616 0.010817307692307692 0.018028846153846152
0 0.47596153846153844 0.5036057692307693 0.010817307692307692 0.020432692307692308
0 0.25961538461538464 0.4050480769230769 0.020432692307692308 0.018028846153846152
0 0.2800480769230769 0.4230769230769231 0.020432692307692308 0.02283653846153846
0 0.28966346153846156 0.39903846153846156 0.015625 0.013221153846153846
0 0.28966346153846156 0.3605769230769231 0.020432692307692308 0.018028846153846152
0 0.20673076923076922 0.38341346153846156 0.018028846153846152 0.018028846153846152
0 0.2247596153846154 0.37740384615384615 0.013221153846153846 0.020432692307692308
0 0.359375 0.390625 0.015625 0.025240384615384616
0 0.4206730769230769 0.3737980769230769 0.018028846153846152 0.02283653846153846
0 0.46274038461538464 0.4182692307692308 0.028846153846153848 0.025240384615384616
0 0.3016826923076923 0.49399038461538464 0.03125 0.028846153846153848
0 0.5588942307692307 0.546875 0.02283653846153846 0.018028846153846152
0 0.5612980769230769 0.5252403846153846 0.013221153846153846 0.018028846153846152
0 0.7355769230769231 0.5084134615384616 0.025240384615384616 0.03365384615384615
0 0.6213942307692307 0.32091346153846156 0.013221153846153846 0.015625
0 0.5709134615384616 0.31009615384615385 0.020432692307692308 0.020432692307692308
0 0.5336538461538461 0.30649038461538464 0.018028846153846152 0.02283653846153846
0 0.5024038461538461 0.3016826923076923 0.026442307692307692 0.026442307692307692
0 0.4723557692307692 0.2920673076923077 0.015625 0.025240384615384616
0 0.45913461538461536 0.24639423076923078 0.02283653846153846 0.020432692307692308
0 0.46274038461538464 0.22355769230769232 0.025240384615384616 0.015625
0 0.4543269230769231 0.20192307692307693 0.020432692307692308 0.015625
0 0.5600961538461539 0.22596153846153846 0.020432692307692308 0.015625
0 0.5288461538461539 0.23076923076923078 0.02283653846153846 0.020432692307692308
0 0.49038461538461536 0.22355769230769232 0.020432692307692308 0.015625
0 0.4831730769230769 0.2439903846153846 0.025240384615384616 0.015625
0 0.41947115384615385 0.23918269230769232 0.020432692307692308 0.02283653846153846
0 0.39302884615384615 0.24879807692307693 0.020432692307692308 0.015625
0 0.36658653846153844 0.23076923076923078 0.028846153846153848 0.015625
0 0.36658653846153844 0.24519230769230768 0.025240384615384616 0.018028846153846152
0 0.33052884615384615 0.22235576923076922 0.026442307692307692 0.015625
0 0.25841346153846156 0.22956730769230768 0.02283653846153846 0.02283653846153846
0 0.28365384615384615 0.23918269230769232 0.018028846153846152 0.018028846153846152
0 0.30408653846153844 0.23557692307692307 0.02283653846153846 0.020432692307692308
0 0.3233173076923077 0.24278846153846154 0.015625 0.018028846153846152
0 0.29927884615384615 0.2668269230769231 0.026442307692307692 0.020432692307692308
0 0.28846153846153844 0.29447115384615385 0.018028846153846152 0.013221153846153846
0 0.28725961538461536 0.3161057692307692 0.025240384615384616 0.020432692307692308
0 0.26322115384615385 0.31009615384615385 0.02283653846153846 0.020432692307692308
0 0.2439903846153846 0.3269230769230769 0.025240384615384616 0.018028846153846152
0 0.2620192307692308 0.2848557692307692 0.025240384615384616 0.015625
0 0.22956730769230768 0.25841346153846156 0.018028846153846152 0.013221153846153846
0 0.203125 0.2403846153846154 0.026442307692307692 0.020432692307692308
0 0.15985576923076922 0.18629807692307693 0.026442307692307692 0.020432692307692308
0 0.20192307692307693 0.19230769230769232 0.020432692307692308 0.015625
0 0.13341346153846154 0.2247596153846154 0.025240384615384616 0.02283653846153846
0 0.12139423076923077 0.25600961538461536 0.02283653846153846 0.015625
0 0.07091346153846154 0.23677884615384615 0.025240384615384616 0.018028846153846152
0 0.08173076923076923 0.16466346153846154 0.020432692307692308 0.018028846153846152
0 0.05048076923076923 0.13942307692307693 0.03365384615384615 0.018028846153846152
0 0.021634615384615384 0.16947115384615385 0.020432692307692308 0.013221153846153846
0 0.036057692307692304 0.1971153846153846 0.026442307692307692 0.020432692307692308
0 0.265625 0.16105769230769232 0.03125 0.020432692307692308
0 0.22956730769230768 0.13701923076923078 0.03125 0.02283653846153846
0 0.19471153846153846 0.29447115384615385 0.025240384615384616 0.02283653846153846
0 0.014423076923076924 0.32091346153846156 0.025240384615384616 0.025240384615384616
0 0.038461538461538464 0.34375 0.018028846153846152 0.020432692307692308
0 0.01201923076923077 0.39302884615384615 0.020432692307692308 0.020432692307692308
0 0.038461538461538464 0.41225961538461536 0.02283653846153846 0.018028846153846152
0 0.04567307692307692 0.38221153846153844 0.025240384615384616 0.020432692307692308
0 0.09014423076923077 0.3858173076923077 0.018028846153846152 0.020432692307692308
0 0.12259615384615384 0.37740384615384615 0.025240384615384616 0.020432692307692308
0 0.12980769230769232 0.3581730769230769 0.020432692307692308 0.013221153846153846
0 0.41586538461538464 0.3449519230769231 0.020432692307692308 0.02283653846153846
0 0.5144230769230769 0.4519230769230769 0.020432692307692308 0.020432692307692308
0 0.2608173076923077 0.4951923076923077 0.02283653846153846 0.018028846153846152
0 0.11899038461538461 0.45552884615384615 0.03125 0.018028846153846152
0 0.09375 0.4230769230769231 0.020432692307692308 0.018028846153846152
0 0.07211538461538461 0.4735576923076923 0.018028846153846152 0.02283653846153846
0 0.09254807692307693 0.4951923076923077 0.02283653846153846 0.018028846153846152
0 0.12860576923076922 0.5444711538461539 0.02283653846153846 0.020432692307692308
0 0.12740384615384615 0.5204326923076923 0.025240384615384616 0.02283653846153846
0 0.23317307692307693 0.5120192307692307 0.025240384615384616 0.020432692307692308
0 0.2620192307692308 0.5192307692307693 0.025240384615384616 0.015625
0 0.30649038461538464 0.5324519230769231 0.02283653846153846 0.020432692307692308
0 0.22115384615384615 0.35216346153846156 0.02283653846153846 0.020432692307692308
0 0.17668269230769232 0.3545673076923077 0.028846153846153848 0.025240384615384616
0 0.35336538461538464 0.31490384615384615 0.018028846153846152 0.018028846153846152
0 0.7884615384615384 0.35336538461538464 0.018028846153846152 0.018028846153846152
0 0.8100961538461539 0.5132211538461539 0.015625 0.018028846153846152
0 0.6334134615384616 0.5264423076923077 0.025240384615384616 0.018028846153846152
0 0.6694711538461539 0.5841346153846154 0.036057692307692304 0.028846153846153848
0 0.7680288461538461 0.5637019230769231 0.03125 0.028846153846153848
0 0.8485576923076923 0.5540865384615384 0.020432692307692308 0.02283653846153846
0 0.8689903846153846 0.5588942307692307 0.018028846153846152 0.026442307692307692
0 0.5901442307692307 0.5444711538461539 0.02283653846153846 0.026442307692307692
0 0.9242788461538461 0.40625 0.020432692307692308 0.020432692307692308
0 0.984375 0.4230769230769231 0.018028846153846152 0.018028846153846152
0 0.9435096153846154 0.46033653846153844 0.018028846153846152 0.025240384615384616
0 0.9807692307692307 0.46153846153846156 0.025240384615384616 0.018028846153846152
0 0.8521634615384616 0.5973557692307693 0.010817307692307692 0.013221153846153846
0 0.8677884615384616 0.5877403846153846 0.015625 0.013221153846153846
0 0.7980769230769231 0.5492788461538461 0.020432692307692308 0.013221153846153846
0 0.8064903846153846 0.25 0.018028846153846152 0.026442307692307692
0 0.8076923076923077 0.17668269230769232 0.015625 0.020432692307692308
0 0.7596153846153846 0.12259615384615384 0.020432692307692308 0.025240384615384616
0 0.7752403846153846 0.09615384615384616 0.02283653846153846 0.010817307692307692
0 0.6706730769230769 0.20552884615384615 0.013221153846153846 0.020432692307692308
0 0.6923076923076923 0.1875 0.020432692307692308 0.015625
0 0.6814903846153846 0.16466346153846154 0.025240384615384616 0.018028846153846152
0 0.6802884615384616 0.13701923076923078 0.02283653846153846 0.018028846153846152
0 0.671875 0.06129807692307692 0.025240384615384616 0.02283653846153846
0 0.6983173076923077 0.06370192307692307 0.02283653846153846 0.020432692307692308
0 0.6995192307692307 0.04447115384615385 0.020432692307692308 0.008413461538461538
0 0.7067307692307693 0.026442307692307692 0.02283653846153846 0.02283653846153846
0 0.7800480769230769 0.06129807692307692 0.020432692307692308 0.02283653846153846
0 0.7944711538461539 0.08052884615384616 0.025240384615384616 0.018028846153846152
0 0.8810096153846154 0.038461538461538464 0.02283653846153846 0.02283653846153846
0 0.7668269230769231 0.16947115384615385 0.015625 0.015625
0 0.30408653846153844 0.08533653846153846 0.018028846153846152 0.018028846153846152
0 0.14423076923076922 0.0889423076923077 0.026442307692307692 0.025240384615384616
0 0.11057692307692307 0.05889423076923077 0.040865384615384616 0.026442307692307692
0 0.3701923076923077 0.037259615384615384 0.025240384615384616 0.028846153846153848