0 0.29447115384615385 0.9735576923076923 0.008413461538461538 0.008413461538461538
0 0.29447115384615385 0.9615384615384616 0.008413461538461538 0.008413461538461538
0 0.23798076923076922 0.8954326923076923 0.010817307692307692 0.010817307692307692
0 0.29447115384615385 0.9350961538461539 0.008413461538461538 0.008413461538461538
0 0.2932692307692308 0.9098557692307693 0.008413461538461538 0.008413461538461538
0 0.2956730769230769 0.8966346153846154 0.010817307692307692 0.008413461538461538
0 0.296875 0.8822115384615384 0.013221153846153846 0.010817307692307692
0 0.23798076923076922 0.8305288461538461 0.015625 0.013221153846153846
0 0.2980769230769231 0.8305288461538461 0.010817307692307692 0.008413461538461538
0 0.296875 0.8173076923076923 0.008413461538461538 0.008413461538461538
0 0.29447115384615385 0.8064903846153846 0.010817307692307692 0.008413461538461538
0 0.29447115384615385 0.7932692307692307 0.018028846153846152 0.008413461538461538
0 0.29447115384615385 0.7788461538461539 0.010817307692307692 0.013221153846153846
0 0.2932692307692308 0.7644230769230769 0.008413461538461538 0.010817307692307692
0 0.29447115384615385 0.7415865384615384 0.008413461538461538 0.010817307692307692
0 0.29447115384615385 0.7283653846153846 0.013221153846153846 0.015625
0 0.29447115384615385 0.7127403846153846 0.018028846153846152 0.010817307692307692
0 0.23918269230769232 0.8052884615384616 0.018028846153846152 0.015625
0 0.2403846153846154 0.7788461538461539 0.015625 0.013221153846153846
0 0.23798076923076922 0.7680288461538461 0.010817307692307692 0.008413461538461538
0 0.23918269230769232 0.7536057692307693 0.013221153846153846 0.010817307692307692
0 0.2403846153846154 0.7427884615384616 0.010817307692307692 0.008413461538461538
0 0.23677884615384615 0.7259615384615384 0.018028846153846152 0.015625
0 0.23918269230769232 0.7043269230769231 0.008413461538461538 0.015625
0 0.23798076923076922 0.6887019230769231 0.010817307692307692 0.008413461538461538
0 0.23798076923076922 0.6778846153846154 0.020432692307692308 0.013221153846153846
0 0.23798076923076922 0.6634615384615384 0.015625 0.010817307692307692
0 0.23677884615384615 0.6490384615384616 0.018028846153846152 0.013221153846153846
0 0.23677884615384615 0.625 0.02283653846153846 0.015625
0 0.23557692307692307 0.6069711538461539 0.010817307692307692 0.010817307692307692
0 0.2403846153846154 0.5949519230769231 0.010817307692307692 0.013221153846153846
0 0.23918269230769232 0.5829326923076923 0.013221153846153846 0.013221153846153846
0 0.23557692307692307 0.5673076923076923 0.010817307692307692 0.013221153846153846
0 0.23557692307692307 0.5432692307692307 0.015625 0.013221153846153846
0 0.23798076923076922 0.5288461538461539 0.010817307692307692 0.013221153846153846
0 0.23557692307692307 0.5036057692307693 0.007211538461538462 0.010817307692307692
0 0.23798076923076922 0.4891826923076923 0.015625 0.013221153846153846
0 0.3269230769230769 0.8221153846153846 0.013221153846153846 0.013221153846153846
0 0.41346153846153844 0.7776442307692307 0.010817307692307692 0.010817307692307692
0 0.4411057692307692 0.7800480769230769 0.013221153846153846 0.010817307692307692
0 0.32572115384615385 0.7043269230769231 0.020432692307692308 0.020432692307692308
0 0.3485576923076923 0.7043269230769231 0.010817307692307692 0.015625
0 0.3605769230769231 0.6983173076923077 0.008413461538461538 0.013221153846153846
0 0.3713942307692308 0.7067307692307693 0.008413461538461538 0.008413461538461538
0 0.39663461538461536 0.7043269230769231 0.018028846153846152 0.015625
0 0.421875 0.6995192307692307 0.015625 0.015625
0 0.44471153846153844 0.6983173076923077 0.020432692307692308 0.013221153846153846
0 0.47836538461538464 0.6995192307692307 0.020432692307692308 0.025240384615384616
0 0.5024038461538461 0.7007211538461539 0.013221153846153846 0.013221153846153846
0 0.23557692307692307 0.4735576923076923 0.015625 0.010817307692307692
0 0.04447115384615385 0.46634615384615385 0.008413461538461538 0.013221153846153846
0 0.019230769230769232 0.4675480769230769 0.010817307692307692 0.010817307692307692
0 0.13221153846153846 0.4891826923076923 0.010817307692307692 0.013221153846153846
0 0.14302884615384615 0.5024038461538461 0.015625 0.018028846153846152
0 0.06971153846153846 0.7139423076923077 0.013221153846153846 0.013221153846153846
0 0.296875 0.6237980769230769 0.008413461538461538 0.013221153846153846
0 0.32211538461538464 0.6262019230769231 0.018028846153846152 0.018028846153846152
0 0.38100961538461536 0.6274038461538461 0.02283653846153846 0.020432692307692308
0 0.41346153846153844 0.6225961538461539 0.015625 0.015625
0 0.43149038461538464 0.625 0.010817307692307692 0.010817307692307692
0 0.44711538461538464 0.625 0.010817307692307692 0.010817307692307692
0 0.4735576923076923 0.6466346153846154 0.015625 0.013221153846153846
0 0.48677884615384615 0.6225961538461539 0.02283653846153846 0.025240384615384616
0 0.5072115384615384 0.6201923076923077 0.013221153846153846 0.020432692307692308
0 0.5240384615384616 0.6201923076923077 0.010817307692307692 0.010817307692307692
0 0.5588942307692307 0.6225961538461539 0.013221153846153846 0.015625
0 0.5889423076923077 0.6213942307692307 0.010817307692307692 0.013221153846153846
0 0.6069711538461539 0.6201923076923077 0.010817307692307692 0.010817307692307692
0 0.6694711538461539 0.6177884615384616 0.013221153846153846 0.020432692307692308
0 0.6887019230769231 0.6201923076923077 0.02283653846153846 0.015625
0 0.5264423076923077 0.6983173076923077 0.010817307692307692 0.013221153846153846
0 0.5492788461538461 0.6995192307692307 0.008413461538461538 0.010817307692307692
0 0.6526442307692307 0.7091346153846154 0.013221153846153846 0.013221153846153846
0 0.9663461538461539 0.8569711538461539 0.026442307692307692 0.025240384615384616
0 0.9543269230769231 0.7896634615384616 0.015625 0.015625
0 0.953125 0.7620192307692307 0.008413461538461538 0.015625
0 0.9615384615384616 0.8137019230769231 0.013221153846153846 0.015625
0 0.9375 0.8185096153846154 0.010817307692307692 0.020432692307692308
0 0.9350961538461539 0.7884615384615384 0.018028846153846152 0.013221153846153846
0 0.9302884615384616 0.7680288461538461 0.018028846153846152 0.018028846153846152
0 0.9290865384615384 0.7463942307692307 0.015625 0.020432692307692308
0 0.9447115384615384 0.7247596153846154 0.020432692307692308 0.02283653846153846
0 0.9759615384615384 0.8173076923076923 0.010817307692307692 0.013221153846153846
0 0.9735576923076923 0.7896634615384616 0.015625 0.015625
0 0.9747596153846154 0.765625 0.013221153846153846 0.013221153846153846
0 0.9699519230769231 0.7415865384615384 0.020432692307692308 0.015625
0 0.9675480769230769 0.7211538461538461 0.015625 0.018028846153846152
0 0.8269230769230769 0.6334134615384616 0.018028846153846152 0.010817307692307692
0 0.8605769230769231 0.6346153846153846 0.013221153846153846 0.013221153846153846
0 0.8774038461538461 0.6322115384615384 0.010817307692307692 0.010817307692307692
0 0.8930288461538461 0.6334134615384616 0.010817307692307692 0.013221153846153846
0 0.9134615384615384 0.6334134615384616 0.015625 0.013221153846153846
0 0.9747596153846154 0.6899038461538461 0.018028846153846152 0.015625
0 0.9795673076923077 0.6694711538461539 0.013221153846153846 0.020432692307692308
0 0.9771634615384616 0.6514423076923077 0.013221153846153846 0.008413461538461538
0 0.9759615384615384 0.6334134615384616 0.015625 0.02283653846153846
0 0.9699519230769231 0.46033653846153844 0.010817307692307692 0.020432692307692308
0 0.2980769230769231 0.5913461538461539 0.015625 0.010817307692307692
0 0.6670673076923077 0.65625 0.008413461538461538 0.010817307692307692
0 0.3329326923076923 0.5913461538461539 0.008413461538461538 0.010817307692307692
0 0.3004807692307692 0.5793269230769231 0.007211538461538462 0.008413461538461538
0 0.29447115384615385 0.5673076923076923 0.013221153846153846 0.013221153846153846
0 0.3004807692307692 0.5564903846153846 0.007211538461538462 0.008413461538461538
0 0.29447115384615385 0.5504807692307693 0.008413461538461538 0.010817307692307692
0 0.3004807692307692 0.5372596153846154 0.007211538461538462 0.015625
0 0.2932692307692308 0.5288461538461539 0.008413461538461538 0.008413461538461538
0 0.30288461538461536 0.5192307692307693 0.010817307692307692 0.010817307692307692
0 0.29447115384615385 0.5108173076923077 0.008413461538461538 0.008413461538461538
0 0.3016826923076923 0.5024038461538461 0.008413461538461538 0.008413461538461538
0 0.29447115384615385 0.49158653846153844 0.013221153846153846 0.013221153846153846
0 0.29447115384615385 0.47475961538461536 0.013221153846153846 0.013221153846153846
0 0.2920673076923077 0.4639423076923077 0.010817307692307692 0.008413461538461538
0 0.30288461538461536 0.45552884615384615 0.010817307692307692 0.010817307692307692
0 0.3629807692307692 0.4567307692307692 0.018028846153846152 0.018028846153846152
0 0.39663461538461536 0.4567307692307692 0.018028846153846152 0.013221153846153846
0 0.4495192307692308 0.5204326923076923 0.015625 0.013221153846153846
0 0.4639423076923077 0.5168269230769231 0.013221153846153846 0.015625
0 0.47596153846153844 0.5180288461538461 0.010817307692307692 0.018028846153846152
0 0.4879807692307692 0.515625 0.007211538461538462 0.013221153846153846
0 0.5096153846153846 0.5144230769230769 0.010817307692307692 0.010817307692307692
0 0.5228365384615384 0.515625 0.008413461538461538 0.008413461538461538
0 0.5384615384615384 0.515625 0.018028846153846152 0.013221153846153846
0 0.5649038461538461 0.5192307692307693 0.013221153846153846 0.010817307692307692
0 0.5889423076923077 0.5024038461538461 0.010817307692307692 0.013221153846153846
0 0.6009615384615384 0.5060096153846154 0.013221153846153846 0.015625
0 0.5600961538461539 0.45552884615384615 0.007211538461538462 0.010817307692307692
0 0.5997596153846154 0.45552884615384615 0.015625 0.015625
0 0.6165865384615384 0.453125 0.015625 0.018028846153846152
0 0.6153846153846154 0.4891826923076923 0.008413461538461538 0.013221153846153846
0 0.6634615384615384 0.5060096153846154 0.020432692307692308 0.015625
0 0.6514423076923077 0.4543269230769231 0.015625 0.020432692307692308
0 0.7235576923076923 0.45552884615384615 0.02283653846153846 0.018028846153846152
0 0.7247596153846154 0.5144230769230769 0.026442307692307692 0.015625
0 0.7572115384615384 0.5144230769230769 0.018028846153846152 0.015625
0 0.8016826923076923 0.5144230769230769 0.013221153846153846 0.010817307692307692
0 0.7776442307692307 0.4543269230769231 0.010817307692307692 0.010817307692307692
0 0.8221153846153846 0.5060096153846154 0.026442307692307692 0.028846153846153848
0 0.8293269230769231 0.4639423076923077 0.013221153846153846 0.013221153846153846
0 0.8449519230769231 0.453125 0.008413461538461538 0.013221153846153846
0 0.8701923076923077 0.45072115384615385 0.010817307692307692 0.013221153846153846
0 0.8425480769230769 0.4735576923076923 0.008413461538461538 0.008413461538461538
0 0.8978365384615384 0.5120192307692307 0.010817307692307692 0.010817307692307692
0 0.9723557692307693 0.47716346153846156 0.010817307692307692 0.008413461538461538
0 0.8870192307692307 0.3942307692307692 0.02283653846153846 0.018028846153846152
0 0.8665865384615384 0.39903846153846156 0.013221153846153846 0.013221153846153846
0 0.8581730769230769 0.3894230769230769 0.018028846153846152 0.013221153846153846
0 0.8665865384615384 0.37740384615384615 0.013221153846153846 0.010817307692307692
0 0.8629807692307693 0.36538461538461536 0.02283653846153846 0.013221153846153846
0 0.8641826923076923 0.35096153846153844 0.015625 0.013221153846153846
0 0.8605769230769231 0.3317307692307692 0.026442307692307692 0.020432692307692308
0 0.859375 0.3137019230769231 0.015625 0.015625
0 0.8557692307692307 0.2956730769230769 0.02283653846153846 0.020432692307692308
0 0.8533653846153846 0.27403846153846156 0.018028846153846152 0.015625
0 0.8497596153846154 0.24639423076923078 0.025240384615384616 0.015625
0 0.9182692307692307 0.3233173076923077 0.015625 0.015625
0 0.9170673076923077 0.3076923076923077 0.013221153846153846 0.010817307692307692
0 0.9158653846153846 0.2932692307692308 0.015625 0.013221153846153846
0 0.9194711538461539 0.2764423076923077 0.007211538461538462 0.013221153846153846
0 0.9170673076923077 0.2644230769230769 0.013221153846153846 0.010817307692307692
0 0.9146634615384616 0.2512019230769231 0.013221153846153846 0.010817307692307692
0 0.9158653846153846 0.23798076923076922 0.010817307692307692 0.010817307692307692
0 0.9158653846153846 0.22355769230769232 0.010817307692307692 0.010817307692307692
0 0.9146634615384616 0.2091346153846154 0.013221153846153846 0.013221153846153846
0 0.9146634615384616 0.1971153846153846 0.013221153846153846 0.010817307692307692
0 0.9146634615384616 0.18389423076923078 0.008413461538461538 0.010817307692307692
0 0.9110576923076923 0.16826923076923078 0.015625 0.015625
0 0.9338942307692307 0.15865384615384615 0.010817307692307692 0.010817307692307692
0 0.9471153846153846 0.16105769230769232 0.010817307692307692 0.010817307692307692
0 0.9603365384615384 0.15865384615384615 0.010817307692307692 0.010817307692307692
0 0.9735576923076923 0.15865384615384615 0.010817307692307692 0.010817307692307692
0 0.9867788461538461 0.15745192307692307 0.008413461538461538 0.013221153846153846
0 0.9903846153846154 0.17307692307692307 0.010817307692307692 0.008413461538461538
0 0.9759615384615384 0.17307692307692307 0.015625 0.013221153846153846
0 0.9483173076923077 0.17427884615384615 0.013221153846153846 0.010817307692307692
0 0.9615384615384616 0.1875 0.008413461538461538 0.010817307692307692
0 0.9483173076923077 0.18990384615384615 0.013221153846153846 0.007211538461538462
0 0.9903846153846154 0.19831730769230768 0.007211538461538462 0.013221153846153846
0 0.9783653846153846 0.21394230769230768 0.010817307692307692 0.013221153846153846
0 0.9915865384615384 0.21634615384615385 0.008413461538461538 0.008413461538461538
0 0.9471153846153846 0.203125 0.010817307692307692 0.008413461538461538
0 0.9807692307692307 0.22956730769230768 0.010817307692307692 0.008413461538461538
0 0.9783653846153846 0.24278846153846154 0.010817307692307692 0.008413461538461538
0 0.9110576923076923 0.11177884615384616 0.015625 0.015625
0 0.9110576923076923 0.0985576923076923 0.010817307692307692 0.010817307692307692
0 0.9074519230769231 0.08533653846153846 0.013221153846153846 0.013221153846153846
0 0.9086538461538461 0.07211538461538461 0.010817307692307692 0.008413461538461538
0 0.8485576923076923 0.21875 0.025240384615384616 0.018028846153846152
0 0.8485576923076923 0.203125 0.025240384615384616 0.013221153846153846
0 0.8461538461538461 0.18629807692307693 0.025240384615384616 0.015625
0 0.8449519230769231 0.16947115384615385 0.02283653846153846 0.013221153846153846
0 0.8461538461538461 0.15144230769230768 0.020432692307692308 0.026442307692307692
0 0.84375 0.12860576923076922 0.025240384615384616 0.013221153846153846
0 0.84375 0.11298076923076923 0.020432692307692308 0.013221153846153846
0 0.8413461538461539 0.09615384615384616 0.025240384615384616 0.015625
0 0.8401442307692307 0.08052884615384616 0.018028846153846152 0.015625
0 0.8365384615384616 0.0625 0.020432692307692308 0.020432692307692308
0 0.7055288461538461 0.33533653846153844 0.015625 0.013221153846153846
0 0.7223557692307693 0.3233173076923077 0.015625 0.010817307692307692
0 0.7103365384615384 0.3942307692307692 0.010817307692307692 0.013221153846153846
0 0.7103365384615384 0.3762019230769231 0.015625 0.013221153846153846
0 0.7067307692307693 0.36177884615384615 0.013221153846153846 0.010817307692307692
0 0.7295673076923077 0.39783653846153844 0.013221153846153846 0.010817307692307692
0 0.7487980769230769 0.39783653846153844 0.010817307692307692 0.010817307692307692
0 0.7608173076923077 0.39663461538461536 0.008413461538461538 0.013221153846153846
0 0.78125 0.39663461538461536 0.018028846153846152 0.013221153846153846
0 0.8112980769230769 0.3317307692307692 0.008413461538461538 0.015625
0 0.8269230769230769 0.328125 0.013221153846153846 0.015625
0 0.8125 0.31490384615384615 0.013221153846153846 0.008413461538461538
0 0.7536057692307693 0.3233173076923077 0.015625 0.010817307692307692
0 0.8305288461538461 0.3870192307692308 0.010817307692307692 0.008413461538461538
0 0.7091346153846154 0.29447115384615385 0.018028846153846152 0.018028846153846152
0 0.7103365384615384 0.27283653846153844 0.020432692307692308 0.018028846153846152
0 0.7091346153846154 0.25240384615384615 0.013221153846153846 0.018028846153846152
0 0.7079326923076923 0.23317307692307693 0.015625 0.015625
0 0.7055288461538461 0.21394230769230768 0.018028846153846152 0.018028846153846152
0 0.7896634615384616 0.29086538461538464 0.015625 0.013221153846153846
0 0.7884615384615384 0.2692307692307692 0.018028846153846152 0.020432692307692308
0 0.7860576923076923 0.25240384615384615 0.013221153846153846 0.013221153846153846
0 0.7019230769230769 0.1935096153846154 0.010817307692307692 0.018028846153846152
0 0.7019230769230769 0.171875 0.010817307692307692 0.015625
0 0.7019230769230769 0.15384615384615385 0.010817307692307692 0.015625
0 0.7019230769230769 0.1346153846153846 0.015625 0.013221153846153846
0 0.6995192307692307 0.11658653846153846 0.015625 0.013221153846153846
0 0.6983173076923077 0.09735576923076923 0.018028846153846152 0.02283653846153846
0 0.7764423076923077 0.12980769230769232 0.018028846153846152 0.020432692307692308
0 0.7764423076923077 0.09375 0.013221153846153846 0.015625
0 0.9026442307692307 0.04447115384615385 0.013221153846153846 0.013221153846153846
0 0.90625 0.028846153846153848 0.010817307692307692 0.013221153846153846
0 0.9074519230769231 0.013221153846153846 0.013221153846153846 0.008413461538461538
0 0.9254807692307693 0.03125 0.013221153846153846 0.013221153846153846
0 0.9314903846153846 0.01201923076923077 0.010817307692307692 0.010817307692307692
0 0.9447115384615384 0.010817307692307692 0.010817307692307692 0.013221153846153846
0 0.9639423076923077 0.026442307692307692 0.013221153846153846 0.013221153846153846
0 0.9639423076923077 0.008413461538461538 0.008413461538461538 0.010817307692307692
0 0.9831730769230769 0.009615384615384616 0.019230769230769232 0.019230769230769232
0 0.8329326923076923 0.014423076923076924 0.03125 0.025240384615384616
0 0.8341346153846154 0.038461538461538464 0.020432692307692308 0.018028846153846152
0 0.7896634615384616 0.015625 0.010817307692307692 0.013221153846153846
0 0.8100961538461539 0.008413461538461538 0.010817307692307692 0.013221153846153846
0 0.6646634615384616 0.3269230769230769 0.008413461538461538 0.013221153846153846
0 0.6658653846153846 0.3389423076923077 0.007211538461538462 0.010817307692307692
0 0.3762019230769231 0.3557692307692308 0.008413461538461538 0.008413461538461538
0 0.36538461538461536 0.33774038461538464 0.008413461538461538 0.008413461538461538
0 0.5132211538461539 0.1814903846153846 0.013221153846153846 0.015625
0 0.5288461538461539 0.17427884615384615 0.013221153846153846 0.010817307692307692
0 0.6069711538461539 0.09014423076923077 0.010817307692307692 0.013221153846153846
0 0.6129807692307693 0.06971153846153846 0.008413461538461538 0.013221153846153846
0 0.5961538461538461 0.25240384615384615 0.010817307692307692 0.013221153846153846
0 0.31009615384615385 0.3004807692307692 0.010817307692307692 0.010817307692307692
0 0.6117788461538461 0.34975961538461536 0.010817307692307692 0.010817307692307692
0 0.7860576923076923 0.35336538461538464 0.013221153846153846 0.013221153846153846
0 0.19110576923076922 0.39783653846153844 0.013221153846153846 0.025240384615384616
0 0.20793269230769232 0.4014423076923077 0.010817307692307692 0.010817307692307692
0 0.2283653846153846 0.39903846153846156 0.010817307692307692 0.013221153846153846
0 0.171875 0.39783653846153844 0.020432692307692308 0.015625
0 0.15384615384615385 0.4014423076923077 0.010817307692307692 0.013221153846153846
0 0.14182692307692307 0.40024038461538464 0.008413461538461538 0.010817307692307692
0 0.1310096153846154 0.40024038461538464 0.013221153846153846 0.010817307692307692
0 0.026442307692307692 0.40384615384615385 0.008413461538461538 0.010817307692307692
0 0.05048076923076923 0.40384615384615385 0.010817307692307692 0.010817307692307692
0 0.07692307692307693 0.4014423076923077 0.008413461538461538 0.010817307692307692
0 0.23798076923076922 0.3641826923076923 0.010817307692307692 0.015625
0 0.12259615384615384 0.19591346153846154 0.015625 0.018028846153846152
0 0.13822115384615385 0.2956730769230769 0.020432692307692308 0.020432692307692308
0 0.9471153846153846 0.9014423076923077 0.025240384615384616 0.020432692307692308
0 0.8834134615384616 0.8040865384615384 0.013221153846153846 0.013221153846153846
0 0.7800480769230769 0.6310096153846154 0.015625 0.02283653846153846
0 0.4266826923076923 0.46153846153846156 0.010817307692307692 0.013221153846153846
0 0.4519230769230769 0.46033653846153844 0.010817307692307692 0.010817307692307692
0 0.4723557692307692 0.45913461538461536 0.007211538461538462 0.008413461538461538
0 0.4855769230769231 0.4579326923076923 0.007211538461538462 0.010817307692307692
0 0.5264423076923077 0.4579326923076923 0.010817307692307692 0.010817307692307692
0 0.5420673076923077 0.4579326923076923 0.010817307692307692 0.010817307692307692
0 0.6838942307692307 0.4567307692307692 0.010817307692307692 0.008413461538461538
0 0.8064903846153846 0.4543269230769231 0.008413461538461538 0.010817307692307692
0 0.9651442307692307 0.5360576923076923 0.010817307692307692 0.008413461538461538
0 0.8834134615384616 0.8786057692307693 0.004807692307692308 0.008413461538461538
0 0.8918269230769231 0.8257211538461539 0.013221153846153846 0.007211538461538462
0 0.10697115384615384 0.5973557692307693 0.010817307692307692 0.008413461538461538
0 0.12139423076923077 0.5829326923076923 0.008413461538461538 0.008413461538461538
0 0.7235576923076923 0.019230769230769232 0.013221153846153846 0.015625
0 0.3016826923076923 0.3233173076923077 0.013221153846153846 0.010817307692307692
0 0.5072115384615384 0.13581730769230768 0.013221153846153846 0.010817307692307692
0 0.5048076923076923 0.15384615384615385 0.008413461538461538 0.010817307692307692
0 0.2091346153846154 0.24278846153846154 0.018028846153846152 0.013221153846153846
0 0.23317307692307693 0.08052884615384616 0.010817307692307692 0.015625
0 0.9338942307692307 0.8449519230769231 0.010817307692307692 0.013221153846153846
0 0.6838942307692307 0.6454326923076923 0.007211538461538462 0.007211538461538462
0 0.7283653846153846 0.6322115384615384 0.007211538461538462 0.007211538461538462
0 0.7307692307692307 0.6153846153846154 0.002403846153846154 0.008413461538461538
0 0.6045673076923077 0.7151442307692307 0.007211538461538462 0.010817307692307692
0 0.6201923076923077 0.703125 0.007211538461538462 0.008413461538461538
0 0.7536057692307693 0.7620192307692307 0.007211538461538462 0.010817307692307692
0 0.8810096153846154 0.6526442307692307 0.013221153846153846 0.013221153846153846
0 0.6502403846153846 0.6165865384615384 0.007211538461538462 0.007211538461538462
0 0.6358173076923077 0.6201923076923077 0.007211538461538462 0.007211538461538462
0 0.6971153846153846 0.6706730769230769 0.007211538461538462 0.008413461538461538
0 0.6983173076923077 0.6875 0.008413461538461538 0.008413461538461538
0 0.359375 0.6334134615384616 0.010817307692307692 0.013221153846153846
0 0.34134615384615385 0.6334134615384616 0.010817307692307692 0.013221153846153846
0 0.5649038461538461 0.6478365384615384 0.004807692307692308 0.007211538461538462
0 0.5985576923076923 0.6358173076923077 0.007211538461538462 0.010817307692307692
0 0.6322115384615384 0.6466346153846154 0.007211538461538462 0.008413461538461538
0 0.6454326923076923 0.6466346153846154 0.007211538461538462 0.008413461538461538
0 0.6213942307692307 0.6322115384615384 0.004807692307692308 0.007211538461538462
0 0.6454326923076923 0.6875 0.007211538461538462 0.008413461538461538
0 0.65625 0.6430288461538461 0.007211538461538462 0.007211538461538462
0 0.43028846153846156 0.6394230769230769 0.004807692307692308 0.008413461538461538
0 0.8569711538461539 0.7415865384615384 0.007211538461538462 0.007211538461538462
0 0.8641826923076923 0.7175480769230769 0.007211538461538462 0.010817307692307692
0 0.9002403846153846 0.7824519230769231 0.007211538461538462 0.007211538461538462
0 0.9110576923076923 0.7884615384615384 0.007211538461538462 0.004807692307692308
0 0.9170673076923077 0.8317307692307693 0.004807692307692308 0.007211538461538462
0 0.9182692307692307 0.8449519230769231 0.007211538461538462 0.004807692307692308
0 0.8978365384615384 0.8461538461538461 0.007211538461538462 0.007211538461538462
0 0.8954326923076923 0.8581730769230769 0.007211538461538462 0.008413461538461538
0 0.8966346153846154 0.8822115384615384 0.004807692307692308 0.007211538461538462
0 0.49158653846153844 0.21875 0.02283653846153846 0.013221153846153846
0 0.5733173076923077 0.20552884615384615 0.025240384615384616 0.020432692307692308
0 0.5925480769230769 0.1622596153846154 0.02283653846153846 0.02283653846153846
0 0.5661057692307693 0.13341346153846154 0.020432692307692308 0.025240384615384616
0 0.6286057692307693 0.12620192307692307 0.02283653846153846 0.013221153846153846
0 0.5925480769230769 0.125 0.018028846153846152 0.028846153846153848
0 0.3125 0.40865384615384615 0.015625 0.015625
0 0.33653846153846156 0.4050480769230769 0.020432692307692308 0.02283653846153846
0 0.36899038461538464 0.40625 0.026442307692307692 0.010817307692307692
0 0.296875 0.38822115384615385 0.018028846153846152 0.025240384615384616
0 0.296875 0.35697115384615385 0.02283653846153846 0.028846153846153848
0 0.2980769230769231 0.27524038461538464 0.020432692307692308 0.018028846153846152
0 0.3004807692307692 0.25 0.025240384615384616 0.02283653846153846
0 0.29927884615384615 0.20432692307692307 0.02283653846153846 0.020432692307692308
0 0.29927884615384615 0.17307692307692307 0.018028846153846152 0.026442307692307692
0 0.29927884615384615 0.14423076923076922 0.026442307692307692 0.03125
0 0.17548076923076922 0.22956730769230768 0.03125 0.026442307692307692
0 0.17427884615384615 0.1971153846153846 0.028846153846153848 0.028846153846153848
0 0.23557692307692307 0.32572115384615385 0.028846153846153848 0.015625
0 0.22956730769230768 0.30288461538461536 0.02283653846153846 0.028846153846153848
0 0.18990384615384615 0.11658653846153846 0.025240384615384616 0.02283653846153846
0 0.140625 0.3161057692307692 0.025240384615384616 0.020432692307692308
0 0.7487980769230769 0.015625 0.025240384615384616 0.02283653846153846
0 0.234375 0.19230769230769232 0.018028846153846152 0.020432692307692308
0 0.08052884615384616 0.171875 0.025240384615384616 0.020432692307692308
0 0.15144230769230768 0.4699519230769231 0.015625 0.015625
0 0.18629807692307693 0.4699519230769231 0.020432692307692308 0.020432692307692308
0 0.21153846153846154 0.4723557692307692 0.018028846153846152 0.020432692307692308
0 0.13341346153846154 0.4723557692307692 0.02283653846153846 0.015625
0 0.009615384615384616 0.6310096153846154 0.015625 0.018028846153846152
0 0.7355769230769231 0.7560096153846154 0.015625 0.020432692307692308
0 0.7524038461538461 0.625 0.018028846153846152 0.015625
0 0.9026442307692307 0.7127403846153846 0.02283653846153846 0.025240384615384616
0 0.9074519230769231 0.6694711538461539 0.026442307692307692 0.03365384615384615
0 0.4855769230769231 0.7752403846153846 0.025240384615384616 0.02283653846153846
0 0.359375 0.9206730769230769 0.020432692307692308 0.026442307692307692
0 0.31971153846153844 0.9146634615384616 0.018028846153846152 0.02283653846153846
0 0.9567307692307693 0.9230769230769231 0.02283653846153846 0.026442307692307692
0 0.23076923076923078 0.9723557692307693 0.010817307692307692 0.015625
0 0.23076923076923078 0.9230769230769231 0.010817307692307692 0.008413461538461538
0 0.11538461538461539 0.8774038461538461 0.013221153846153846 0.020432692307692308
0 0.09375 0.5360576923076923 0.010817307692307692 0.018028846153846152
0 0.12379807692307693 0.6129807692307693 0.013221153846153846 0.013221153846153846
0 0.046875 0.19471153846153846 0.018028846153846152 0.020432692307692308
0 0.2127403846153846 0.2644230769230769 0.020432692307692308 0.020432692307692308
0 0.17067307692307693 0.41466346153846156 0.013221153846153846 0.013221153846153846
0 0.24278846153846154 0.38461538461538464 0.013221153846153846 0.02283653846153846
0 0.23557692307692307 0.16466346153846154 0.010817307692307692 0.018028846153846152