0 0.859375 0.38221153846153844 0.015625 0.015625
0 0.12620192307692307 0.4026442307692308 0.018028846153846152 0.02283653846153846
0 0.28125 0.5516826923076923 0.013221153846153846 0.018028846153846152
0 0.29086538461538464 0.5096153846153846 0.013221153846153846 0.015625
0 0.32091346153846156 0.6021634615384616 0.020432692307692308 0.020432692307692308
0 0.5456730769230769 0.703125 0.015625 0.018028846153846152
0 0.9362980769230769 0.7668269230769231 0.015625 0.015625
0 0.8942307692307693 0.8665865384615384 0.013221153846153846 0.018028846153846152
0 0.9170673076923077 0.8112980769230769 0.013221153846153846 0.013221153846153846
0 0.8858173076923077 0.8341346153846154 0.010817307692307692 0.015625
0 0.8016826923076923 0.9435096153846154 0.013221153846153846 0.013221153846153846
0 0.8125 0.9230769230769231 0.018028846153846152 0.013221153846153846
0 0.8305288461538461 0.9110576923076923 0.010817307692307692 0.015625
0 0.8413461538461539 0.8870192307692307 0.010817307692307692 0.013221153846153846
0 0.8533653846153846 0.8774038461538461 0.008413461538461538 0.015625
0 0.8701923076923077 0.8737980769230769 0.015625 0.013221153846153846
0 0.9134615384615384 0.8557692307692307 0.015625 0.013221153846153846
0 0.9242788461538461 0.8401442307692307 0.010817307692307692 0.013221153846153846
0 0.9735576923076923 0.7151442307692307 0.010817307692307692 0.015625
0 0.8846153846153846 0.6694711538461539 0.018028846153846152 0.013221153846153846
0 0.8353365384615384 0.7668269230769231 0.013221153846153846 0.015625
0 0.8221153846153846 0.7860576923076923 0.013221153846153846 0.018028846153846152
0 0.7716346153846154 0.8473557692307693 0.010817307692307692 0.013221153846153846
0 0.7836538461538461 0.8569711538461539 0.013221153846153846 0.020432692307692308
0 0.7127403846153846 0.9194711538461539 0.010817307692307692 0.013221153846153846
0 0.27163461538461536 0.6875 0.015625 0.015625
0 0.26802884615384615 0.7055288461538461 0.013221153846153846 0.018028846153846152
0 0.2764423076923077 0.6526442307692307 0.013221153846153846 0.018028846153846152
0 0.3137019230769231 0.6262019230769231 0.015625 0.018028846153846152
0 0.4639423076923077 0.6225961538461539 0.018028846153846152 0.020432692307692308
0 0.38461538461538464 0.6322115384615384 0.018028846153846152 0.015625
0 0.37740384615384615 0.6466346153846154 0.010817307692307692 0.013221153846153846
0 0.04326923076923077 0.8004807692307693 0.013221153846153846 0.010817307692307692
0 0.04927884615384615 0.6790865384615384 0.008413461538461538 0.010817307692307692
0 0.12740384615384615 0.6790865384615384 0.010817307692307692 0.010817307692307692
0 0.1310096153846154 0.703125 0.013221153846153846 0.013221153846153846
0 0.17548076923076922 0.6838942307692307 0.013221153846153846 0.010817307692307692
0 0.18389423076923078 0.7055288461538461 0.010817307692307692 0.013221153846153846
0 0.15144230769230768 0.7271634615384616 0.013221153846153846 0.013221153846153846
0 0.15264423076923078 0.7415865384615384 0.018028846153846152 0.010817307692307692
0 0.26322115384615385 0.38461538461538464 0.013221153846153846 0.013221153846153846
0 0.45072115384615385 0.5300480769230769 0.013221153846153846 0.015625
0 0.42427884615384615 0.5360576923076923 0.010817307692307692 0.013221153846153846
0 0.5096153846153846 0.37740384615384615 0.015625 0.015625
0 0.14302884615384615 0.9411057692307693 0.010817307692307692 0.013221153846153846
0 0.140625 0.9555288461538461 0.010817307692307692 0.010817307692307692
0 0.15264423076923078 0.9603365384615384 0.008413461538461538 0.010817307692307692
0 0.15625 0.9459134615384616 0.010817307692307692 0.008413461538461538
0 0.9855769230769231 0.7235576923076923 0.010817307692307692 0.020432692307692308
0 0.9807692307692307 0.9314903846153846 0.015625 0.015625
0 0.8497596153846154 0.9387019230769231 0.020432692307692308 0.02283653846153846
0 0.9375 0.8822115384615384 0.028846153846153848 0.025240384615384616
0 0.8641826923076923 0.8317307692307693 0.020432692307692308 0.020432692307692308
0 0.8641826923076923 0.7259615384615384 0.020432692307692308 0.025240384615384616
0 0.36658653846153844 0.3894230769230769 0.020432692307692308 0.02283653846153846
0 0.39783653846153844 0.36778846153846156 0.025240384615384616 0.020432692307692308
0 0.7908653846153846 0.9122596153846154 0.013221153846153846 0.013221153846153846
0 0.17427884615384615 0.8341346153846154 0.020432692307692308 0.020432692307692308