0 0.9170673076923077 0.1875 0.02283653846153846 0.013221153846153846
0 0.9206730769230769 0.20432692307692307 0.013221153846153846 0.010817307692307692
0 0.9206730769230769 0.05048076923076923 0.013221153846153846 0.010817307692307692
0 0.9471153846153846 0.06009615384615385 0.010817307692307692 0.015625
0 0.9639423076923077 0.21514423076923078 0.018028846153846152 0.015625
0 0.953125 0.30649038461538464 0.018028846153846152 0.013221153846153846
0 0.9555288461538461 0.28846153846153844 0.015625 0.018028846153846152
0 0.703125 0.18990384615384615 0.02283653846153846 0.025240384615384616
0 0.9074519230769231 0.8173076923076923 0.02283653846153846 0.026442307692307692
0 0.9290865384615384 0.796875 0.020432692307692308 0.026442307692307692
0 0.9110576923076923 0.7391826923076923 0.028846153846153848 0.018028846153846152
0 0.9110576923076923 0.7151442307692307 0.020432692307692308 0.015625
0 0.9146634615384616 0.6959134615384616 0.02283653846153846 0.018028846153846152
0 0.9194711538461539 0.6694711538461539 0.025240384615384616 0.026442307692307692