0 0.8004807692307693 0.020432692307692308 0.028846153846153848 0.018028846153846152
0 0.7956730769230769 0.04447115384615385 0.028846153846153848 0.010817307692307692
0 0.8028846153846154 0.06009615384615385 0.020432692307692308 0.015625
0 0.7908653846153846 0.08413461538461539 0.018028846153846152 0.010817307692307692
0 0.8028846153846154 0.09975961538461539 0.015625 0.015625
0 0.7980769230769231 0.13341346153846154 0.020432692307692308 0.013221153846153846
0 0.7944711538461539 0.11899038461538461 0.020432692307692308 0.013221153846153846
0 0.7127403846153846 0.03365384615384615 0.015625 0.018028846153846152
0 0.49278846153846156 0.09495192307692307 0.02283653846153846 0.018028846153846152
0 0.5949519230769231 0.03365384615384615 0.013221153846153846 0.018028846153846152
0 0.5997596153846154 0.10336538461538461 0.020432692307692308 0.018028846153846152
0 0.5925480769230769 0.0733173076923077 0.018028846153846152 0.020432692307692308
0 0.5637019230769231 0.09254807692307693 0.015625 0.013221153846153846
0 0.5757211538461539 0.07572115384615384 0.020432692307692308 0.015625
0 0.5096153846153846 0.21033653846153846 0.020432692307692308 0.020432692307692308
0 0.5985576923076923 0.21875 0.015625 0.013221153846153846
0 0.5348557692307693 0.08774038461538461 0.010817307692307692 0.018028846153846152
0 0.6622596153846154 0.07692307692307693 0.018028846153846152 0.013221153846153846
0 0.6766826923076923 0.11899038461538461 0.015625 0.018028846153846152
0 0.7764423076923077 0.16346153846153846 0.02283653846153846 0.015625
0 0.9146634615384616 0.38341346153846156 0.02283653846153846 0.015625
0 0.8413461538461539 0.3293269230769231 0.03365384615384615 0.026442307692307692
0 0.8401442307692307 0.28966346153846156 0.026442307692307692 0.020432692307692308
0 0.8413461538461539 0.2536057692307692 0.025240384615384616 0.020432692307692308
0 0.8413461538461539 0.2127403846153846 0.028846153846153848 0.025240384615384616
0 0.8401442307692307 0.17908653846153846 0.026442307692307692 0.020432692307692308
0 0.8401442307692307 0.1466346153846154 0.026442307692307692 0.02283653846153846
0 0.8377403846153846 0.1045673076923077 0.03125 0.025240384615384616
0 0.8401442307692307 0.0625 0.026442307692307692 0.015625
0 0.8425480769230769 0.07932692307692307 0.036057692307692304 0.013221153846153846
0 0.8389423076923077 0.03245192307692308 0.025240384615384616 0.025240384615384616
0 0.8713942307692307 0.007211538461538462 0.027644230769230768 0.013221153846153846
0 0.16105769230769232 0.025240384615384616 0.010817307692307692 0.013221153846153846
0 0.17908653846153846 0.026442307692307692 0.010817307692307692 0.010817307692307692
0 0.14903846153846154 0.026442307692307692 0.008413461538461538 0.010817307692307692
0 0.13822115384615385 0.025240384615384616 0.010817307692307692 0.013221153846153846
0 0.1201923076923077 0.026442307692307692 0.010817307692307692 0.010817307692307692
0 0.08173076923076923 0.027644230769230768 0.010817307692307692 0.010817307692307692
0 0.0625 0.025240384615384616 0.008413461538461538 0.008413461538461538
0 0.051682692307692304 0.026442307692307692 0.013221153846153846 0.010817307692307692
0 0.03485576923076923 0.026442307692307692 0.007211538461538462 0.010817307692307692
0 0.02403846153846154 0.02403846153846154 0.010817307692307692 0.010817307692307692
0 0.008413461538461538 0.025240384615384616 0.010817307692307692 0.008413461538461538
0 0.12379807692307693 0.010817307692307692 0.008413461538461538 0.008413461538461538
0 0.13581730769230768 0.008413461538461538 0.010817307692307692 0.008413461538461538
0 0.1502403846153846 0.010817307692307692 0.010817307692307692 0.008413461538461538
0 0.16466346153846154 0.01201923076923077 0.013221153846153846 0.010817307692307692
0 0.037259615384615384 0.009615384615384616 0.010817307692307692 0.010817307692307692
0 0.390625 0.006009615384615385 0.010817307692307692 0.010817307692307692
0 0.390625 0.030048076923076924 0.010817307692307692 0.010817307692307692
0 0.3425480769230769 0.04326923076923077 0.008413461538461538 0.013221153846153846
0 0.17668269230769232 0.08774038461538461 0.015625 0.018028846153846152
0 0.16105769230769232 0.08653846153846154 0.015625 0.015625
0 0.14903846153846154 0.08413461538461539 0.008413461538461538 0.010817307692307692
0 0.13341346153846154 0.08533653846153846 0.010817307692307692 0.008413461538461538
0 0.11778846153846154 0.08413461538461539 0.015625 0.010817307692307692
0 0.10336538461538461 0.08533653846153846 0.008413461538461538 0.013221153846153846
0 0.09014423076923077 0.08533653846153846 0.013221153846153846 0.008413461538461538
0 0.06370192307692307 0.08533653846153846 0.010817307692307692 0.008413461538461538
0 0.07572115384615384 0.08774038461538461 0.010817307692307692 0.008413461538461538
0 0.04927884615384615 0.08653846153846154 0.013221153846153846 0.010817307692307692
0 0.03125 0.08653846153846154 0.013221153846153846 0.010817307692307692
0 0.018028846153846152 0.08533653846153846 0.008413461538461538 0.008413461538461538
0 0.008413461538461538 0.08533653846153846 0.008413461538461538 0.013221153846153846
0 0.17307692307692307 0.9807692307692307 0.008413461538461538 0.010817307692307692
0 0.15865384615384615 0.9735576923076923 0.010817307692307692 0.008413461538461538
0 0.16466346153846154 0.9615384615384616 0.008413461538461538 0.008413461538461538
0 0.1814903846153846 0.9711538461538461 0.010817307692307692 0.008413461538461538
0 0.14903846153846154 0.9663461538461539 0.008413461538461538 0.008413461538461538
0 0.1502403846153846 0.9579326923076923 0.010817307692307692 0.007211538461538462
0 0.13942307692307693 0.9567307692307693 0.008413461538461538 0.008413461538461538
0 0.12860576923076922 0.9483173076923077 0.008413461538461538 0.008413461538461538
0 0.13942307692307693 0.9326923076923077 0.008413461538461538 0.008413461538461538
0 0.11538461538461539 0.9387019230769231 0.013221153846153846 0.008413461538461538
0 0.11057692307692307 0.9266826923076923 0.018028846153846152 0.010817307692307692
0 0.09495192307692307 0.9194711538461539 0.008413461538461538 0.008413461538461538
0 0.0829326923076923 0.9122596153846154 0.008413461538461538 0.008413461538461538
0 0.07211538461538461 0.9014423076923077 0.018028846153846152 0.013221153846153846
0 0.039663461538461536 0.9783653846153846 0.015625 0.010817307692307692
0 0.03485576923076923 0.9591346153846154 0.010817307692307692 0.008413461538461538
0 0.02283653846153846 0.9519230769230769 0.008413461538461538 0.015625
0 0.009615384615384616 0.9411057692307693 0.015625 0.013221153846153846
0 0.08052884615384616 0.9771634615384616 0.013221153846153846 0.008413461538461538
0 0.06610576923076923 0.9855769230769231 0.007211538461538462 0.007211538461538462
0 0.6802884615384616 0.44471153846153844 0.026442307692307692 0.025240384615384616
0 0.390625 0.15264423076923078 0.020432692307692308 0.026442307692307692
0 0.32572115384615385 0.12860576923076922 0.025240384615384616 0.02283653846153846
0 0.3016826923076923 0.24278846153846154 0.008413461538461538 0.013221153846153846
0 0.38341346153846156 0.054086538461538464 0.018028846153846152 0.013221153846153846
0 0.38341346153846156 0.07451923076923077 0.018028846153846152 0.013221153846153846
0 0.38100961538461536 0.09495192307692307 0.018028846153846152 0.013221153846153846
0 0.14182692307692307 0.7956730769230769 0.008413461538461538 0.007211538461538462
0 0.11658653846153846 0.6165865384615384 0.015625 0.015625
0 0.06610576923076923 0.6322115384615384 0.015625 0.015625
0 0.09495192307692307 0.41947115384615385 0.018028846153846152 0.015625
0 0.02283653846153846 0.2668269230769231 0.008413461538461538 0.010817307692307692
0 0.12379807692307693 0.5384615384615384 0.013221153846153846 0.013221153846153846
0 0.09975961538461539 0.890625 0.015625 0.015625
0 0.0733173076923077 0.8665865384615384 0.010817307692307692 0.010817307692307692
0 0.11538461538461539 0.875 0.008413461538461538 0.010817307692307692
0 0.17548076923076922 0.7223557692307693 0.013221153846153846 0.010817307692307692
0 0.1971153846153846 0.6923076923076923 0.010817307692307692 0.010817307692307692
0 0.7379807692307693 0.32091346153846156 0.028846153846153848 0.020432692307692308
0 0.7512019230769231 0.16105769230769232 0.015625 0.020432692307692308
0 0.7163461538461539 0.0625 0.02283653846153846 0.02283653846153846
0 0.7175480769230769 0.09495192307692307 0.03365384615384615 0.02283653846153846
0 0.46033653846153844 0.16947115384615385 0.020432692307692308 0.026442307692307692
0 0.45552884615384615 0.21514423076923078 0.020432692307692308 0.025240384615384616
0 0.2512019230769231 0.09254807692307693 0.020432692307692308 0.02283653846153846
0 0.2536057692307692 0.125 0.015625 0.020432692307692308
0 0.2548076923076923 0.15144230769230768 0.013221153846153846 0.018028846153846152
0 0.296875 0.16706730769230768 0.013221153846153846 0.02283653846153846
0 0.25240384615384615 0.1814903846153846 0.018028846153846152 0.007211538461538462
0 0.25240384615384615 0.20192307692307693 0.02283653846153846 0.020432692307692308
0 0.25721153846153844 0.2608173076923077 0.026442307692307692 0.03125
0 0.26322115384615385 0.3401442307692308 0.02283653846153846 0.03125
0 0.25721153846153844 0.5576923076923077 0.02283653846153846 0.028846153846153848
0 0.26322115384615385 0.5060096153846154 0.02283653846153846 0.03365384615384615
0 0.26802884615384615 0.4375 0.036057692307692304 0.03365384615384615
0 0.2644230769230769 0.38461538461538464 0.038461538461538464 0.026442307692307692
0 0.6394230769230769 0.010817307692307692 0.013221153846153846 0.013221153846153846
0 0.6418269230769231 0.0985576923076923 0.018028846153846152 0.020432692307692308
0 0.6526442307692307 0.057692307692307696 0.013221153846153846 0.010817307692307692
0 0.65625 0.04326923076923077 0.015625 0.013221153846153846
0 0.6454326923076923 0.24519230769230768 0.015625 0.02283653846153846
0 0.5745192307692307 0.140625 0.013221153846153846 0.015625
0 0.7235576923076923 0.015625 0.015625 0.013221153846153846
0 0.25 0.027644230769230768 0.008413461538461538 0.010817307692307692
0 0.3329326923076923 0.08173076923076923 0.008413461538461538 0.010817307692307692
0 0.31009615384615385 0.04567307692307692 0.010817307692307692 0.010817307692307692
0 0.34134615384615385 0.19591346153846154 0.015625 0.018028846153846152
0 0.25 0.06370192307692307 0.013221153846153846 0.015625
0 0.7271634615384616 0.125 0.018028846153846152 0.015625
0 0.7223557692307693 0.14543269230769232 0.010817307692307692 0.015625
0 0.6502403846153846 0.171875 0.015625 0.015625
0 0.33774038461538464 0.3798076923076923 0.018028846153846152 0.015625
0 0.5120192307692307 0.4423076923076923 0.015625 0.015625
0 0.38221153846153844 0.5817307692307693 0.015625 0.020432692307692308
0 0.4362980769230769 0.5180288461538461 0.010817307692307692 0.013221153846153846
0 0.2403846153846154 0.609375 0.015625 0.025240384615384616
0 0.23557692307692307 0.6346153846153846 0.020432692307692308 0.018028846153846152
0 0.22355769230769232 0.6550480769230769 0.018028846153846152 0.013221153846153846
0 0.21033653846153846 0.6742788461538461 0.015625 0.020432692307692308
0 0.21153846153846154 0.984375 0.026442307692307692 0.026442307692307692
0 0.19831730769230768 0.9519230769230769 0.013221153846153846 0.015625
0 0.17427884615384615 0.9483173076923077 0.020432692307692308 0.018028846153846152
0 0.15144230769230768 0.90625 0.020432692307692308 0.025240384615384616
0 0.1045673076923077 0.8557692307692307 0.010817307692307692 0.013221153846153846
0 0.11538461538461539 0.8413461538461539 0.018028846153846152 0.020432692307692308
0 0.1310096153846154 0.8209134615384616 0.013221153846153846 0.020432692307692308
0 0.15264423076923078 0.7728365384615384 0.018028846153846152 0.018028846153846152
0 0.16826923076923078 0.7427884615384616 0.015625 0.018028846153846152