0 0.875 0.9230769230769231 0.020432692307692308 0.018028846153846152
0 0.23317307692307693 0.9831730769230769 0.010817307692307692 0.010817307692307692
0 0.23317307692307693 0.9711538461538461 0.010817307692307692 0.008413461538461538
0 0.28846153846153844 0.9543269230769231 0.018028846153846152 0.010817307692307692
0 0.28966346153846156 0.9399038461538461 0.015625 0.007211538461538462
0 0.23317307692307693 0.9314903846153846 0.010817307692307692 0.015625
0 0.23076923076923078 0.8942307692307693 0.010817307692307692 0.008413461538461538
0 0.23076923076923078 0.8822115384615384 0.010817307692307692 0.010817307692307692
0 0.23317307692307693 0.8581730769230769 0.020432692307692308 0.013221153846153846
0 0.23197115384615385 0.8425480769230769 0.008413461538461538 0.013221153846153846
0 0.23076923076923078 0.8305288461538461 0.010817307692307692 0.008413461538461538
0 0.22956730769230768 0.8209134615384616 0.013221153846153846 0.010817307692307692
0 0.22956730769230768 0.8076923076923077 0.013221153846153846 0.010817307692307692
0 0.23557692307692307 0.7848557692307693 0.015625 0.015625
0 0.23317307692307693 0.7704326923076923 0.010817307692307692 0.013221153846153846
0 0.23197115384615385 0.7584134615384616 0.013221153846153846 0.010817307692307692
0 0.234375 0.7415865384615384 0.018028846153846152 0.018028846153846152
0 0.23557692307692307 0.7175480769230769 0.015625 0.015625
0 0.23557692307692307 0.7055288461538461 0.015625 0.008413461538461538
0 0.23557692307692307 0.6947115384615384 0.010817307692307692 0.010817307692307692
0 0.234375 0.6802884615384616 0.013221153846153846 0.008413461538461538
0 0.23557692307692307 0.6574519230769231 0.020432692307692308 0.013221153846153846
0 0.28846153846153844 0.9278846153846154 0.013221153846153846 0.013221153846153846
0 0.28966346153846156 0.9170673076923077 0.010817307692307692 0.008413461538461538
0 0.28725961538461536 0.8930288461538461 0.010817307692307692 0.010817307692307692
0 0.2920673076923077 0.8798076923076923 0.010817307692307692 0.010817307692307692
0 0.28966346153846156 0.8665865384615384 0.015625 0.008413461538461538
0 0.28846153846153844 0.8545673076923077 0.013221153846153846 0.010817307692307692
0 0.28966346153846156 0.84375 0.015625 0.010817307692307692
0 0.28966346153846156 0.8305288461538461 0.015625 0.010817307692307692
0 0.28966346153846156 0.8173076923076923 0.015625 0.013221153846153846
0 0.28846153846153844 0.8016826923076923 0.013221153846153846 0.013221153846153846
0 0.29447115384615385 0.7872596153846154 0.010817307692307692 0.010817307692307692
0 0.28846153846153844 0.7764423076923077 0.013221153846153846 0.013221153846153846
0 0.29086538461538464 0.7632211538461539 0.008413461538461538 0.013221153846153846
0 0.28966346153846156 0.7512019230769231 0.020432692307692308 0.010817307692307692
0 0.2932692307692308 0.7403846153846154 0.013221153846153846 0.010817307692307692
0 0.2920673076923077 0.7247596153846154 0.025240384615384616 0.018028846153846152
0 0.29447115384615385 0.7043269230769231 0.020432692307692308 0.015625
0 0.29447115384615385 0.6875 0.018028846153846152 0.015625
0 0.33052884615384615 0.6706730769230769 0.015625 0.013221153846153846
0 0.3473557692307692 0.6610576923076923 0.008413461538461538 0.015625
0 0.3581730769230769 0.6610576923076923 0.013221153846153846 0.010817307692307692
0 0.2920673076923077 0.6634615384615384 0.015625 0.010817307692307692
0 0.3161057692307692 0.6550480769230769 0.010817307692307692 0.013221153846153846
0 0.23677884615384615 0.6237980769230769 0.02283653846153846 0.018028846153846152
0 0.23557692307692307 0.6009615384615384 0.025240384615384616 0.02283653846153846
0 0.23557692307692307 0.5793269230769231 0.015625 0.013221153846153846
0 0.24158653846153846 0.5649038461538461 0.015625 0.013221153846153846
0 0.23798076923076922 0.5480769230769231 0.025240384615384616 0.025240384615384616
0 0.23677884615384615 0.5264423076923077 0.018028846153846152 0.013221153846153846
0 0.2403846153846154 0.5120192307692307 0.010817307692307692 0.015625
0 0.296875 0.6382211538461539 0.026442307692307692 0.020432692307692308
0 0.29447115384615385 0.6105769230769231 0.02283653846153846 0.02283653846153846
0 0.296875 0.5829326923076923 0.02283653846153846 0.02283653846153846
0 0.296875 0.5612980769230769 0.013221153846153846 0.013221153846153846
0 0.296875 0.5096153846153846 0.013221153846153846 0.015625
0 0.296875 0.4831730769230769 0.008413461538461538 0.010817307692307692
0 0.29447115384615385 0.45552884615384615 0.018028846153846152 0.015625
0 0.29447115384615385 0.43149038461538464 0.015625 0.010817307692307692
0 0.296875 0.4182692307692308 0.008413461538461538 0.010817307692307692
0 0.296875 0.40625 0.013221153846153846 0.010817307692307692
0 0.23798076923076922 0.4735576923076923 0.020432692307692308 0.026442307692307692
0 0.23798076923076922 0.44591346153846156 0.025240384615384616 0.018028846153846152
0 0.2403846153846154 0.421875 0.015625 0.010817307692307692
0 0.23798076923076922 0.4050480769230769 0.020432692307692308 0.018028846153846152
0 0.17427884615384615 0.6237980769230769 0.020432692307692308 0.013221153846153846
0 0.2932692307692308 0.3798076923076923 0.013221153846153846 0.015625
0 0.2932692307692308 0.35216346153846156 0.018028846153846152 0.010817307692307692
0 0.29447115384615385 0.32572115384615385 0.015625 0.015625
0 0.2403846153846154 0.33052884615384615 0.010817307692307692 0.020432692307692308
0 0.23798076923076922 0.3016826923076923 0.015625 0.013221153846153846
0 0.23677884615384615 0.28966346153846156 0.008413461538461538 0.010817307692307692
0 0.2403846153846154 0.2536057692307692 0.010817307692307692 0.010817307692307692
0 0.23918269230769232 0.23677884615384615 0.013221153846153846 0.018028846153846152
0 0.12860576923076922 0.40024038461538464 0.013221153846153846 0.015625
0 0.039663461538461536 0.2824519230769231 0.020432692307692308 0.020432692307692308
0 0.29447115384615385 0.3004807692307692 0.013221153846153846 0.010817307692307692
0 0.29447115384615385 0.2764423076923077 0.007211538461538462 0.008413461538461538
0 0.29447115384615385 0.20673076923076922 0.010817307692307692 0.013221153846153846
0 0.29447115384615385 0.15865384615384615 0.010817307692307692 0.010817307692307692
0 0.29447115384615385 0.17067307692307693 0.007211538461538462 0.013221153846153846
0 0.23918269230769232 0.38100961538461536 0.008413461538461538 0.013221153846153846
0 0.2403846153846154 0.36658653846153844 0.010817307692307692 0.013221153846153846
0 0.29447115384615385 0.10697115384615384 0.010817307692307692 0.010817307692307692
0 0.29447115384615385 0.08052884615384616 0.008413461538461538 0.008413461538461538
0 0.29447115384615385 0.06971153846153846 0.008413461538461538 0.008413461538461538
0 0.23798076923076922 0.004807692307692308 0.010817307692307692 0.009615384615384616
0 0.29447115384615385 0.04326923076923077 0.008413461538461538 0.008413461538461538
0 0.2932692307692308 0.018028846153846152 0.008413461538461538 0.008413461538461538
0 0.2956730769230769 0.004807692307692308 0.010817307692307692 0.008413461538461538
0 0.09615384615384616 0.5120192307692307 0.020432692307692308 0.020432692307692308
0 0.04447115384615385 0.5516826923076923 0.015625 0.013221153846153846
0 0.06370192307692307 0.5625 0.015625 0.020432692307692308
0 0.008413461538461538 0.48677884615384615 0.013221153846153846 0.013221153846153846
0 0.9471153846153846 0.010817307692307692 0.028846153846153848 0.021634615384615384
0 0.18509615384615385 0.5348557692307693 0.013221153846153846 0.010817307692307692
0 0.171875 0.5084134615384616 0.010817307692307692 0.015625
0 0.13581730769230768 0.5360576923076923 0.015625 0.013221153846153846
0 0.8064903846153846 0.9519230769230769 0.026442307692307692 0.03365384615384615
0 0.14302884615384615 0.8834134615384616 0.025240384615384616 0.028846153846153848
0 0.11778846153846154 0.6754807692307693 0.010817307692307692 0.013221153846153846
0 0.3713942307692308 0.6009615384615384 0.026442307692307692 0.026442307692307692
0 0.36658653846153844 0.5528846153846154 0.020432692307692308 0.028846153846153848
0 0.390625 0.5540865384615384 0.015625 0.03125
0 0.5144230769230769 0.49759615384615385 0.020432692307692308 0.026442307692307692
0 0.38341346153846156 0.49158653846153844 0.013221153846153846 0.025240384615384616
0 0.3485576923076923 0.49399038461538464 0.028846153846153848 0.028846153846153848
0 0.3161057692307692 0.5084134615384616 0.015625 0.02283653846153846
0 0.31490384615384615 0.5444711538461539 0.013221153846153846 0.018028846153846152
0 0.3245192307692308 0.5829326923076923 0.02283653846153846 0.02283653846153846
0 0.17427884615384615 0.18028846153846154 0.020432692307692308 0.036057692307692304
0 0.07572115384615384 0.4050480769230769 0.020432692307692308 0.018028846153846152
0 0.06009615384615385 0.5 0.025240384615384616 0.03125
0 0.021634615384615384 0.8894230769230769 0.028846153846153848 0.040865384615384616
0 0.359375 0.028846153846153848 0.020432692307692308 0.026442307692307692
0 0.31971153846153844 0.02283653846153846 0.018028846153846152 0.02283653846153846
0 0.9567307692307693 0.03125 0.02283653846153846 0.026442307692307692
0 0.8786057692307693 0.23317307692307693 0.02283653846153846 0.025240384615384616
0 0.8870192307692307 0.27283653846153844 0.018028846153846152 0.02283653846153846
0 0.8653846153846154 0.25240384615384615 0.018028846153846152 0.018028846153846152
0 0.3786057692307692 0.41586538461538464 0.03125 0.028846153846153848
0 0.5600961538461539 0.4423076923076923 0.028846153846153848 0.025240384615384616
0 0.5745192307692307 0.38341346153846156 0.03125 0.025240384615384616
0 0.6478365384615384 0.43028846153846156 0.03365384615384615 0.026442307692307692
0 0.5612980769230769 0.41466346153846156 0.02283653846153846 0.018028846153846152
0 0.7944711538461539 0.8557692307692307 0.02283653846153846 0.026442307692307692
0 0.6334134615384616 0.8377403846153846 0.020432692307692308 0.02283653846153846
0 0.47475961538461536 0.8617788461538461 0.02283653846153846 0.028846153846153848
0 0.4519230769230769 0.796875 0.015625 0.02283653846153846
0 0.11899038461538461 0.6370192307692307 0.013221153846153846 0.018028846153846152
0 0.09735576923076923 0.8701923076923077 0.02283653846153846 0.028846153846153848
0 0.0829326923076923 0.8978365384615384 0.018028846153846152 0.020432692307692308
0 0.06009615384615385 0.9519230769230769 0.020432692307692308 0.020432692307692308
0 0.026442307692307692 0.8052884615384616 0.02283653846153846 0.025240384615384616
0 0.04447115384615385 0.8521634615384616 0.020432692307692308 0.025240384615384616
0 0.051682692307692304 0.8978365384615384 0.02283653846153846 0.028846153846153848
0 0.20552884615384615 0.5384615384615384 0.020432692307692308 0.018028846153846152
0 0.01201923076923077 0.28125 0.02403846153846154 0.028846153846153848
0 0.23076923076923078 0.19110576923076922 0.020432692307692308 0.026442307692307692
0 0.22956730769230768 0.15985576923076922 0.013221153846153846 0.018028846153846152
0 0.2283653846153846 0.13341346153846154 0.015625 0.018028846153846152
0 0.22956730769230768 0.1045673076923077 0.013221153846153846 0.015625
0 0.23076923076923078 0.08052884615384616 0.010817307692307692 0.015625
0 0.23076923076923078 0.03125 0.010817307692307692 0.008413461538461538
0 0.09495192307692307 0.4182692307692308 0.013221153846153846 0.015625