0 0.07451923076923077 0.052884615384615384 0.026442307692307692 0.025240384615384616
0 0.18990384615384615 0.010817307692307692 0.015625 0.018028846153846152
0 0.1875 0.037259615384615384 0.013221153846153846 0.015625
0 0.18870192307692307 0.07932692307692307 0.013221153846153846 0.02283653846153846
0 0.0625 0.1201923076923077 0.015625 0.015625
0 0.06129807692307692 0.14783653846153846 0.008413461538461538 0.015625
0 0.06971153846153846 0.09615384615384616 0.013221153846153846 0.015625
0 0.04567307692307692 0.09134615384615384 0.010817307692307692 0.020432692307692308
0 0.04326923076923077 0.12139423076923077 0.018028846153846152 0.013221153846153846
0 0.038461538461538464 0.14182692307692307 0.018028846153846152 0.018028846153846152
0 0.037259615384615384 0.16346153846153846 0.015625 0.020432692307692308
0 0.052884615384615384 0.18509615384615385 0.020432692307692308 0.02283653846153846
0 0.08413461538461539 0.09254807692307693 0.010817307692307692 0.013221153846153846
0 0.08173076923076923 0.1201923076923077 0.015625 0.015625
0 0.0829326923076923 0.14423076923076922 0.013221153846153846 0.013221153846153846
0 0.078125 0.16826923076923078 0.020432692307692308 0.015625
0 0.07572115384615384 0.18870192307692307 0.015625 0.018028846153846152
0 0.021634615384615384 0.2764423076923077 0.015625 0.013221153846153846
0 0.0829326923076923 0.21995192307692307 0.018028846153846152 0.015625
0 0.08774038461538461 0.2403846153846154 0.013221153846153846 0.020432692307692308
0 0.08533653846153846 0.25841346153846156 0.013221153846153846 0.008413461538461538
0 0.08413461538461539 0.2764423076923077 0.015625 0.02283653846153846
0 0.078125 0.4495192307692308 0.010817307692307692 0.020432692307692308
0 0.10817307692307693 0.46153846153846156 0.013221153846153846 0.018028846153846152
0 0.12259615384615384 0.46274038461538464 0.010817307692307692 0.015625
0 0.14182692307692307 0.46274038461538464 0.013221153846153846 0.010817307692307692
0 0.18870192307692307 0.2692307692307692 0.013221153846153846 0.015625
0 0.18870192307692307 0.2860576923076923 0.013221153846153846 0.018028846153846152
0 0.006009615384615385 0.39783653846153844 0.010817307692307692 0.010817307692307692
0 0.08052884615384616 0.4326923076923077 0.010817307692307692 0.008413461538461538
0 0.026442307692307692 0.5865384615384616 0.015625 0.015625
0 0.025240384615384616 0.6021634615384616 0.013221153846153846 0.010817307692307692
0 0.02403846153846154 0.6165865384615384 0.015625 0.013221153846153846
0 0.027644230769230768 0.6334134615384616 0.007211538461538462 0.013221153846153846
0 0.025240384615384616 0.6454326923076923 0.013221153846153846 0.010817307692307692
0 0.02283653846153846 0.6586538461538461 0.013221153846153846 0.010817307692307692
0 0.02403846153846154 0.671875 0.010817307692307692 0.010817307692307692
0 0.02403846153846154 0.6862980769230769 0.010817307692307692 0.010817307692307692
0 0.02283653846153846 0.7007211538461539 0.013221153846153846 0.013221153846153846
0 0.02283653846153846 0.7127403846153846 0.013221153846153846 0.010817307692307692
0 0.02283653846153846 0.7259615384615384 0.008413461538461538 0.010817307692307692
0 0.019230769230769232 0.7415865384615384 0.015625 0.015625
0 0.042067307692307696 0.7512019230769231 0.010817307692307692 0.010817307692307692
0 0.055288461538461536 0.7487980769230769 0.010817307692307692 0.010817307692307692
0 0.06850961538461539 0.7512019230769231 0.010817307692307692 0.010817307692307692
0 0.08173076923076923 0.7512019230769231 0.010817307692307692 0.010817307692307692
0 0.09495192307692307 0.7524038461538461 0.008413461538461538 0.013221153846153846
0 0.11057692307692307 0.7512019230769231 0.008413461538461538 0.010817307692307692
0 0.12259615384615384 0.7536057692307693 0.010817307692307692 0.015625
0 0.1346153846153846 0.7536057692307693 0.008413461538461538 0.015625
0 0.13822115384615385 0.7391826923076923 0.007211538461538462 0.008413461538461538
0 0.12259615384615384 0.7379807692307693 0.007211538461538462 0.010817307692307692
0 0.11177884615384616 0.7367788461538461 0.010817307692307692 0.008413461538461538
0 0.0985576923076923 0.7367788461538461 0.010817307692307692 0.008413461538461538
0 0.08413461538461539 0.7367788461538461 0.015625 0.013221153846153846
0 0.056490384615384616 0.7355769230769231 0.013221153846153846 0.010817307692307692
0 0.06971153846153846 0.7223557692307693 0.008413461538461538 0.010817307692307692
0 0.056490384615384616 0.7199519230769231 0.013221153846153846 0.007211538461538462
0 0.13701923076923078 0.7235576923076923 0.008413461538461538 0.010817307692307692
0 0.12379807692307693 0.7235576923076923 0.013221153846153846 0.010817307692307692
0 0.1875 0.7103365384615384 0.013221153846153846 0.025240384615384616
0 0.14182692307692307 0.7103365384615384 0.008413461538461538 0.010817307692307692
0 0.12740384615384615 0.7091346153846154 0.010817307692307692 0.008413461538461538
0 0.0985576923076923 0.7115384615384616 0.007211538461538462 0.013221153846153846
0 0.08653846153846154 0.6959134615384616 0.010817307692307692 0.013221153846153846
0 0.0985576923076923 0.6935096153846154 0.008413461538461538 0.008413461538461538
0 0.055288461538461536 0.7067307692307693 0.010817307692307692 0.008413461538461538
0 0.12740384615384615 0.6694711538461539 0.010817307692307692 0.008413461538461538
0 0.14182692307692307 0.6694711538461539 0.008413461538461538 0.008413461538461538
0 0.12740384615384615 0.6850961538461539 0.007211538461538462 0.008413461538461538
0 0.1141826923076923 0.6694711538461539 0.007211538461538462 0.008413461538461538
0 0.0889423076923077 0.6802884615384616 0.010817307692307692 0.008413461538461538
0 0.08653846153846154 0.6670673076923077 0.010817307692307692 0.008413461538461538
0 0.019230769230769232 0.7980769230769231 0.015625 0.015625
0 0.019230769230769232 0.8125 0.010817307692307692 0.010817307692307692
0 0.015625 0.8245192307692307 0.013221153846153846 0.013221153846153846
0 0.016826923076923076 0.8377403846153846 0.010817307692307692 0.008413461538461538
0 0.010817307692307692 0.8653846153846154 0.013221153846153846 0.013221153846153846
0 0.014423076923076924 0.8810096153846154 0.010817307692307692 0.013221153846153846
0 0.015625 0.8966346153846154 0.013221153846153846 0.008413461538461538
0 0.01201923076923077 0.9086538461538461 0.010817307692307692 0.010817307692307692
0 0.010817307692307692 0.9230769230769231 0.013221153846153846 0.008413461538461538
0 0.01201923076923077 0.9375 0.010817307692307692 0.010817307692307692
0 0.013221153846153846 0.9519230769230769 0.013221153846153846 0.010817307692307692
0 0.013221153846153846 0.9663461538461539 0.008413461538461538 0.008413461538461538
0 0.01201923076923077 0.9819711538461539 0.010817307692307692 0.013221153846153846
0 0.013221153846153846 0.9939903846153846 0.013221153846153846 0.007211538461538462
0 0.03365384615384615 0.8786057692307693 0.013221153846153846 0.013221153846153846
0 0.039663461538461536 0.8978365384615384 0.010817307692307692 0.010817307692307692
0 0.037259615384615384 0.9170673076923077 0.015625 0.013221153846153846
0 0.03365384615384615 0.9350961538461539 0.013221153846153846 0.013221153846153846
0 0.03245192307692308 0.9555288461538461 0.010817307692307692 0.010817307692307692
0 0.03365384615384615 0.9735576923076923 0.008413461538461538 0.013221153846153846
0 0.03365384615384615 0.9903846153846154 0.013221153846153846 0.015625
0 0.052884615384615384 0.8990384615384616 0.010817307692307692 0.013221153846153846
0 0.051682692307692304 0.9158653846153846 0.008413461538461538 0.010817307692307692
0 0.051682692307692304 0.9375 0.008413461538461538 0.010817307692307692
0 0.04807692307692308 0.9603365384615384 0.015625 0.010817307692307692
0 0.07211538461538461 0.8834134615384616 0.013221153846153846 0.013221153846153846
0 0.07211538461538461 0.9014423076923077 0.008413461538461538 0.010817307692307692
0 0.07091346153846154 0.9230769230769231 0.010817307692307692 0.013221153846153846
0 0.07091346153846154 0.9399038461538461 0.010817307692307692 0.010817307692307692
0 0.07091346153846154 0.9591346153846154 0.010817307692307692 0.013221153846153846
0 0.06850961538461539 0.9759615384615384 0.010817307692307692 0.010817307692307692
0 0.09134615384615384 0.9014423076923077 0.015625 0.018028846153846152
0 0.09134615384615384 0.921875 0.015625 0.015625
0 0.08774038461538461 0.9375 0.008413461538461538 0.010817307692307692
0 0.09014423076923077 0.9555288461538461 0.013221153846153846 0.015625
0 0.08653846153846154 0.9759615384615384 0.010817307692307692 0.010817307692307692
0 0.109375 0.8858173076923077 0.010817307692307692 0.010817307692307692
0 0.10817307692307693 0.9026442307692307 0.008413461538461538 0.008413461538461538
0 0.109375 0.921875 0.010817307692307692 0.015625
0 0.10576923076923077 0.9747596153846154 0.013221153846153846 0.013221153846153846
0 0.125 0.9411057692307693 0.015625 0.018028846153846152
0 0.12740384615384615 0.9230769230769231 0.015625 0.013221153846153846
0 0.14302884615384615 0.9026442307692307 0.015625 0.013221153846153846
0 0.14543269230769232 0.9387019230769231 0.015625 0.013221153846153846
0 0.140625 0.9759615384615384 0.010817307692307692 0.015625
0 0.055288461538461536 0.009615384615384616 0.025240384615384616 0.018028846153846152
0 0.0733173076923077 0.3737980769230769 0.010817307692307692 0.008413461538461538
0 0.042067307692307696 0.06490384615384616 0.010817307692307692 0.013221153846153846
0 0.1814903846153846 0.3088942307692308 0.010817307692307692 0.013221153846153846
0 0.18389423076923078 0.3293269230769231 0.007211538461538462 0.008413461538461538
0 0.008413461538461538 0.12740384615384615 0.007211538461538462 0.007211538461538462
0 0.019230769230769232 0.12139423076923077 0.007211538461538462 0.004807692307692308
0 0.025240384615384616 0.078125 0.004807692307692308 0.007211538461538462
0 0.026442307692307692 0.06490384615384616 0.007211538461538462 0.004807692307692308
0 0.006009615384615385 0.06370192307692307 0.007211538461538462 0.007211538461538462
0 0.003605769230769231 0.051682692307692304 0.007211538461538462 0.008413461538461538
0 0.004807692307692308 0.027644230769230768 0.004807692307692308 0.007211538461538462
0 0.01201923076923077 0.1971153846153846 0.02403846153846154 0.028846153846153848
0 0.015625 0.2403846153846154 0.026442307692307692 0.03365384615384615