0 0.14423076923076922 0.3329326923076923 0.02283653846153846 0.02283653846153846
0 0.16466346153846154 0.3389423076923077 0.018028846153846152 0.015625
0 0.22235576923076922 0.3762019230769231 0.010817307692307692 0.013221153846153846
0 0.23317307692307693 0.3786057692307692 0.010817307692307692 0.018028846153846152
0 0.22716346153846154 0.39302884615384615 0.02283653846153846 0.010817307692307692
0 0.2247596153846154 0.33653846153846156 0.018028846153846152 0.015625
0 0.24519230769230768 0.3233173076923077 0.018028846153846152 0.010817307692307692
0 0.2764423076923077 0.3473557692307692 0.015625 0.013221153846153846
0 0.2980769230769231 0.3473557692307692 0.015625 0.008413461538461538
0 0.3137019230769231 0.34615384615384615 0.010817307692307692 0.010817307692307692
0 0.33052884615384615 0.3485576923076923 0.010817307692307692 0.008413461538461538
0 0.34975961538461536 0.34615384615384615 0.015625 0.010817307692307692
0 0.36899038461538464 0.3485576923076923 0.013221153846153846 0.013221153846153846
0 0.3858173076923077 0.34975961538461536 0.010817307692307692 0.010817307692307692
0 0.40384615384615385 0.3485576923076923 0.015625 0.013221153846153846
0 0.42427884615384615 0.35216346153846156 0.015625 0.010817307692307692
0 0.45072115384615385 0.3545673076923077 0.03125 0.015625
0 0.16466346153846154 0.4879807692307692 0.02283653846153846 0.015625
0 0.09495192307692307 0.3918269230769231 0.02283653846153846 0.026442307692307692
0 0.11057692307692307 0.34615384615384615 0.02283653846153846 0.015625
0 0.10697115384615384 0.33052884615384615 0.020432692307692308 0.018028846153846152
0 0.0985576923076923 0.36538461538461536 0.015625 0.013221153846153846
0 0.09254807692307693 0.49399038461538464 0.013221153846153846 0.010817307692307692
0 0.09254807692307693 0.5192307692307693 0.013221153846153846 0.015625
0 0.09014423076923077 0.5348557692307693 0.013221153846153846 0.010817307692307692
0 0.08774038461538461 0.5444711538461539 0.013221153846153846 0.010817307692307692
0 0.09014423076923077 0.5673076923076923 0.013221153846153846 0.02283653846153846
0 0.10336538461538461 0.578125 0.013221153846153846 0.010817307692307692
0 0.09254807692307693 0.5853365384615384 0.013221153846153846 0.013221153846153846
0 0.054086538461538464 0.5973557692307693 0.013221153846153846 0.013221153846153846
0 0.051682692307692304 0.6153846153846154 0.008413461538461538 0.013221153846153846
0 0.052884615384615384 0.6394230769230769 0.010817307692307692 0.018028846153846152
0 0.052884615384615384 0.6574519230769231 0.010817307692307692 0.013221153846153846
0 0.09014423076923077 0.6153846153846154 0.013221153846153846 0.013221153846153846
0 0.09014423076923077 0.6322115384615384 0.013221153846153846 0.020432692307692308
0 0.08653846153846154 0.6574519230769231 0.015625 0.013221153846153846
0 0.054086538461538464 0.6814903846153846 0.013221153846153846 0.015625
0 0.052884615384615384 0.703125 0.010817307692307692 0.013221153846153846
0 0.051682692307692304 0.7235576923076923 0.008413461538461538 0.010817307692307692
0 0.05048076923076923 0.7451923076923077 0.015625 0.018028846153846152
0 0.08533653846153846 0.6814903846153846 0.018028846153846152 0.015625
0 0.09375 0.7115384615384616 0.020432692307692308 0.018028846153846152
0 0.09134615384615384 0.7415865384615384 0.010817307692307692 0.010817307692307692
0 0.09254807692307693 0.7680288461538461 0.018028846153846152 0.02283653846153846
0 0.052884615384615384 0.7716346153846154 0.010817307692307692 0.010817307692307692
0 0.051682692307692304 0.7896634615384616 0.008413461538461538 0.010817307692307692
0 0.051682692307692304 0.8112980769230769 0.008413461538461538 0.013221153846153846
0 0.051682692307692304 0.8317307692307693 0.008413461538461538 0.010817307692307692
0 0.052884615384615384 0.8533653846153846 0.010817307692307692 0.013221153846153846
0 0.054086538461538464 0.8713942307692307 0.013221153846153846 0.008413461538461538
0 0.051682692307692304 0.8954326923076923 0.008413461538461538 0.015625
0 0.052884615384615384 0.9158653846153846 0.007211538461538462 0.007211538461538462
0 0.05048076923076923 0.9302884615384616 0.007211538461538462 0.013221153846153846
0 0.09134615384615384 0.7908653846153846 0.015625 0.008413461538461538
0 0.09735576923076923 0.8040865384615384 0.013221153846153846 0.013221153846153846
0 0.09014423076923077 0.8269230769230769 0.02283653846153846 0.013221153846153846
0 0.09134615384615384 0.8461538461538461 0.020432692307692308 0.015625
0 0.09134615384615384 0.875 0.010817307692307692 0.010817307692307692
0 0.09134615384615384 0.8870192307692307 0.010817307692307692 0.013221153846153846
0 0.0889423076923077 0.9002403846153846 0.010817307692307692 0.010817307692307692
0 0.09254807692307693 0.9134615384615384 0.013221153846153846 0.007211538461538462
0 0.08774038461538461 0.9314903846153846 0.018028846153846152 0.015625
0 0.24759615384615385 0.6033653846153846 0.018028846153846152 0.013221153846153846
0 0.265625 0.6598557692307693 0.018028846153846152 0.02283653846153846
0 0.23197115384615385 0.7379807692307693 0.018028846153846152 0.010817307692307692
0 0.24158653846153846 0.8125 0.018028846153846152 0.018028846153846152
0 0.1875 0.8413461538461539 0.018028846153846152 0.010817307692307692
0 0.29086538461538464 0.546875 0.013221153846153846 0.008413461538461538
0 0.30528846153846156 0.5324519230769231 0.015625 0.010817307692307692
0 0.3161057692307692 0.5288461538461539 0.010817307692307692 0.013221153846153846
0 0.30288461538461536 0.5240384615384616 0.015625 0.010817307692307692
0 0.30408653846153844 0.515625 0.018028846153846152 0.013221153846153846
0 0.31850961538461536 0.5084134615384616 0.007211538461538462 0.008413461538461538
0 0.43028846153846156 0.47836538461538464 0.013221153846153846 0.015625
0 0.43509615384615385 0.5084134615384616 0.013221153846153846 0.013221153846153846
0 0.38341346153846156 0.5348557692307693 0.013221153846153846 0.010817307692307692
0 0.31490384615384615 0.5985576923076923 0.013221153846153846 0.010817307692307692
0 0.3233173076923077 0.6057692307692307 0.015625 0.008413461538461538
0 0.3293269230769231 0.6177884615384616 0.013221153846153846 0.010817307692307692
0 0.3449519230769231 0.6153846153846154 0.013221153846153846 0.013221153846153846
0 0.3641826923076923 0.5865384615384616 0.010817307692307692 0.010817307692307692
0 0.3737980769230769 0.5817307692307693 0.013221153846153846 0.010817307692307692
0 0.38341346153846156 0.5540865384615384 0.010817307692307692 0.008413461538461538
0 0.3942307692307692 0.5480769230769231 0.008413461538461538 0.015625
0 0.34975961538461536 0.6634615384615384 0.015625 0.015625
0 0.3894230769230769 0.6177884615384616 0.013221153846153846 0.010817307692307692
0 0.4182692307692308 0.5745192307692307 0.015625 0.013221153846153846
0 0.35216346153846156 0.7223557692307693 0.010817307692307692 0.010817307692307692
0 0.3449519230769231 0.7379807692307693 0.013221153846153846 0.015625
0 0.3545673076923077 0.7680288461538461 0.015625 0.013221153846153846
0 0.29927884615384615 0.7944711538461539 0.013221153846153846 0.015625
0 0.2824519230769231 0.7872596153846154 0.007211538461538462 0.007211538461538462
0 0.3125 0.7788461538461539 0.010817307692307692 0.008413461538461538
0 0.33052884615384615 0.7896634615384616 0.013221153846153846 0.007211538461538462
0 0.3293269230769231 0.8028846153846154 0.008413461538461538 0.010817307692307692
0 0.34134615384615385 0.8016826923076923 0.010817307692307692 0.008413461538461538
0 0.3641826923076923 0.6911057692307693 0.010817307692307692 0.018028846153846152
0 0.3894230769230769 0.7391826923076923 0.013221153846153846 0.008413461538461538
0 0.40384615384615385 0.6334134615384616 0.015625 0.010817307692307692
0 0.4014423076923077 0.6802884615384616 0.010817307692307692 0.008413461538461538
0 0.40024038461538464 0.6694711538461539 0.010817307692307692 0.008413461538461538
0 0.40384615384615385 0.6610576923076923 0.010817307692307692 0.010817307692307692
0 0.41586538461538464 0.6574519230769231 0.010817307692307692 0.008413461538461538
0 0.4338942307692308 0.6983173076923077 0.010817307692307692 0.008413461538461538
0 0.4375 0.6887019230769231 0.015625 0.008413461538461538
0 0.4639423076923077 0.6947115384615384 0.008413461538461538 0.015625
0 0.39903846153846156 0.7776442307692307 0.008413461538461538 0.007211538461538462
0 0.4050480769230769 0.7884615384615384 0.013221153846153846 0.008413461538461538
0 0.5288461538461539 0.5084134615384616 0.013221153846153846 0.013221153846153846
0 0.5769230769230769 0.4795673076923077 0.013221153846153846 0.018028846153846152
0 0.5817307692307693 0.46153846153846156 0.010817307692307692 0.013221153846153846
0 0.6129807692307693 0.4879807692307692 0.013221153846153846 0.010817307692307692
0 0.5961538461538461 0.6225961538461539 0.015625 0.015625
0 0.6478365384615384 0.5564903846153846 0.007211538461538462 0.008413461538461538
0 0.6514423076923077 0.49158653846153844 0.008413461538461538 0.010817307692307692
0 0.671875 0.49158653846153844 0.007211538461538462 0.013221153846153846
0 0.6382211538461539 0.4651442307692308 0.010817307692307692 0.010817307692307692
0 0.6057692307692307 0.5132211538461539 0.008413461538461538 0.008413461538461538
0 0.6141826923076923 0.5108173076923077 0.007211538461538462 0.008413461538461538
0 0.9350961538461539 0.8004807692307693 0.013221153846153846 0.010817307692307692
0 0.8293269230769231 0.7415865384615384 0.013221153846153846 0.013221153846153846
0 0.8449519230769231 0.7319711538461539 0.018028846153846152 0.013221153846153846
0 0.9411057692307693 0.6790865384615384 0.008413461538461538 0.010817307692307692
0 0.5649038461538461 0.7259615384615384 0.008413461538461538 0.015625
0 0.5985576923076923 0.7680288461538461 0.018028846153846152 0.018028846153846152
0 0.5348557692307693 0.7776442307692307 0.010817307692307692 0.010817307692307692
0 0.5528846153846154 0.7764423076923077 0.010817307692307692 0.010817307692307692
0 0.5805288461538461 0.7548076923076923 0.010817307692307692 0.013221153846153846
0 0.5240384615384616 0.8125 0.015625 0.015625
0 0.4951923076923077 0.8125 0.008413461538461538 0.013221153846153846
0 0.48677884615384615 0.8245192307692307 0.013221153846153846 0.013221153846153846
0 0.46033653846153844 0.8653846153846154 0.010817307692307692 0.008413461538461538
0 0.4795673076923077 0.8762019230769231 0.008413461538461538 0.008413461538461538
0 0.5012019230769231 0.8990384615384616 0.010817307692307692 0.013221153846153846
0 0.5180288461538461 0.8521634615384616 0.013221153846153846 0.010817307692307692
0 0.5192307692307693 0.8653846153846154 0.010817307692307692 0.013221153846153846
0 0.5745192307692307 0.8942307692307693 0.013221153846153846 0.018028846153846152
0 0.5829326923076923 0.8112980769230769 0.008413461538461538 0.013221153846153846
0 0.5973557692307693 0.8052884615384616 0.013221153846153846 0.010817307692307692
0 0.6237980769230769 0.8317307692307693 0.013221153846153846 0.015625
0 0.578125 0.6802884615384616 0.010817307692307692 0.018028846153846152
0 0.5949519230769231 0.6598557692307693 0.013221153846153846 0.013221153846153846
0 0.578125 0.6610576923076923 0.010817307692307692 0.010817307692307692
0 0.6706730769230769 0.671875 0.008413461538461538 0.010817307692307692
0 0.6730769230769231 0.6838942307692307 0.008413461538461538 0.010817307692307692
0 0.6850961538461539 0.6754807692307693 0.013221153846153846 0.013221153846153846
0 0.6899038461538461 0.6875 0.015625 0.010817307692307692
0 0.6838942307692307 0.8064903846153846 0.015625 0.013221153846153846
0 0.0985576923076923 0.9507211538461539 0.015625 0.013221153846153846
0 0.09735576923076923 0.9663461538461539 0.013221153846153846 0.008413461538461538
0 0.10096153846153846 0.9807692307692307 0.008413461538461538 0.010817307692307692
0 0.08413461538461539 0.9903846153846154 0.015625 0.010817307692307692
0 0.34375 0.96875 0.010817307692307692 0.013221153846153846
0 0.36658653846153844 0.8569711538461539 0.010817307692307692 0.010817307692307692
0 0.375 0.9290865384615384 0.015625 0.015625
0 0.39302884615384615 0.9603365384615384 0.010817307692307692 0.010817307692307692
0 0.4387019230769231 0.9543269230769231 0.013221153846153846 0.010817307692307692
0 0.4326923076923077 0.9050480769230769 0.013221153846153846 0.013221153846153846
0 0.008413461538461538 0.4026442307692308 0.013221153846153846 0.013221153846153846
0 0.009615384615384616 0.41947115384615385 0.010817307692307692 0.013221153846153846
0 0.008413461538461538 0.45913461538461536 0.013221153846153846 0.018028846153846152
0 0.008413461538461538 0.4831730769230769 0.015625 0.015625
0 0.007211538461538462 0.5084134615384616 0.013221153846153846 0.018028846153846152
0 0.008413461538461538 0.5300480769230769 0.013221153846153846 0.010817307692307692
0 0.007211538461538462 0.5564903846153846 0.008413461538461538 0.013221153846153846
0 0.008413461538461538 0.5793269230769231 0.008413461538461538 0.008413461538461538
0 0.006009615384615385 0.5925480769230769 0.010817307692307692 0.013221153846153846
0 0.008413461538461538 0.6069711538461539 0.010817307692307692 0.010817307692307692
0 0.007211538461538462 0.6201923076923077 0.013221153846153846 0.010817307692307692
0 0.006009615384615385 0.6490384615384616 0.010817307692307692 0.008413461538461538
0 0.006009615384615385 0.6622596153846154 0.010817307692307692 0.013221153846153846
0 0.006009615384615385 0.6899038461538461 0.010817307692307692 0.010817307692307692
0 0.004807692307692308 0.7043269230769231 0.009615384615384616 0.013221153846153846
0 0.006009615384615385 0.7427884615384616 0.010817307692307692 0.013221153846153846
0 0.003605769230769231 0.7608173076923077 0.007211538461538462 0.010817307692307692
0 0.004807692307692308 0.8545673076923077 0.009615384615384616 0.015625
0 0.4387019230769231 0.96875 0.013221153846153846 0.013221153846153846
0 0.45913461538461536 0.9423076923076923 0.013221153846153846 0.015625
0 0.5060096153846154 0.9831730769230769 0.010817307692307692 0.010817307692307692
0 0.7427884615384616 0.8353365384615384 0.013221153846153846 0.013221153846153846
0 0.6875 0.9194711538461539 0.015625 0.010817307692307692
0 0.6021634615384616 0.9182692307692307 0.010817307692307692 0.010817307692307692
0 0.75 0.90625 0.008413461538461538 0.010817307692307692
0 0.7980769230769231 0.9254807692307693 0.010817307692307692 0.013221153846153846
0 0.8197115384615384 0.39783653846153844 0.040865384615384616 0.03365384615384615
0 0.6694711538461539 0.453125 0.025240384615384616 0.026442307692307692
0 0.6514423076923077 0.42788461538461536 0.025240384615384616 0.018028846153846152
0 0.5120192307692307 0.4699519230769231 0.015625 0.020432692307692308
0 0.7007211538461539 0.4050480769230769 0.026442307692307692 0.03125
0 0.6622596153846154 0.390625 0.018028846153846152 0.020432692307692308
0 0.2644230769230769 0.47716346153846156 0.020432692307692308 0.018028846153846152
0 0.2980769230769231 0.4831730769230769 0.028846153846153848 0.025240384615384616
0 0.7872596153846154 0.8425480769230769 0.03365384615384615 0.02283653846153846
0 0.6923076923076923 0.9507211538461539 0.038461538461538464 0.03125
0 0.5048076923076923 0.7007211538461539 0.02283653846153846 0.026442307692307692
0 0.5432692307692307 0.8485576923076923 0.02283653846153846 0.020432692307692308
0 0.5444711538461539 0.8762019230769231 0.020432692307692308 0.018028846153846152
0 0.11057692307692307 0.5576923076923077 0.018028846153846152 0.020432692307692308
0 0.45072115384615385 0.5084134615384616 0.018028846153846152 0.02283653846153846
0 0.39903846153846156 0.7067307692307693 0.02283653846153846 0.02283653846153846
0 0.5096153846153846 0.6682692307692307 0.028846153846153848 0.03365384615384615
0 0.5228365384615384 0.6213942307692307 0.013221153846153846 0.013221153846153846
0 0.5288461538461539 0.921875 0.03125 0.025240384615384616
0 0.640625 0.8990384615384616 0.028846153846153848 0.03125
0 0.41225961538461536 0.9639423076923077 0.013221153846153846 0.018028846153846152
0 0.5360576923076923 0.9879807692307693 0.013221153846153846 0.015625
0 0.5901442307692307 0.9447115384615384 0.018028846153846152 0.028846153846153848
0 0.5685096153846154 0.9591346153846154 0.015625 0.018028846153846152
0 0.6658653846153846 0.9314903846153846 0.015625 0.020432692307692308
0 0.6514423076923077 0.8641826923076923 0.013221153846153846 0.015625
0 0.5048076923076923 0.9639423076923077 0.013221153846153846 0.018028846153846152
0 0.3425480769230769 0.9867788461538461 0.013221153846153846 0.018028846153846152
0 0.44350961538461536 0.8930288461538461 0.013221153846153846 0.025240384615384616
0 0.5324519230769231 0.7403846153846154 0.015625 0.020432692307692308
0 0.5625 0.6634615384615384 0.015625 0.020432692307692308
0 0.6141826923076923 0.4567307692307692 0.020432692307692308 0.018028846153846152
0 0.5925480769230769 0.43028846153846156 0.013221153846153846 0.018028846153846152
0 0.5504807692307693 0.5733173076923077 0.010817307692307692 0.015625
0 0.8858173076923077 0.5132211538461539 0.020432692307692308 0.018028846153846152
0 0.4879807692307692 0.3449519230769231 0.015625 0.018028846153846152
0 0.5192307692307693 0.3425480769230769 0.020432692307692308 0.02283653846153846
0 0.6081730769230769 0.34134615384615385 0.03125 0.025240384615384616
0 0.3942307692307692 0.48677884615384615 0.03125 0.02283653846153846
0 0.4675480769230769 0.8317307692307693 0.002403846153846154 0.002403846153846154
0 0.7271634615384616 0.8774038461538461 0.02283653846153846 0.025240384615384616
0 0.5264423076923077 0.9567307692307693 0.015625 0.02283653846153846
0 0.1971153846153846 0.33774038461538464 0.028846153846153848 0.026442307692307692
0 0.28725961538461536 0.9338942307692307 0.010817307692307692 0.015625
0 0.27403846153846156 0.9314903846153846 0.015625 0.015625
0 0.28966346153846156 0.7415865384615384 0.015625 0.02283653846153846
0 0.6586538461538461 0.6237980769230769 0.015625 0.018028846153846152
0 0.4375 0.8088942307692307 0.015625 0.013221153846153846
0 0.75 0.8689903846153846 0.018028846153846152 0.018028846153846152
0 0.7800480769230769 0.5625 0.015625 0.015625
0 0.7584134615384616 0.5805288461538461 0.018028846153846152 0.018028846153846152
0 0.5925480769230769 0.7055288461538461 0.018028846153846152 0.013221153846153846
0 0.4651442307692308 0.8257211538461539 0.015625 0.015625
0 0.4735576923076923 0.8509615384615384 0.013221153846153846 0.013221153846153846
0 0.4879807692307692 0.8665865384615384 0.015625 0.018028846153846152
0 0.6478365384615384 0.8293269230769231 0.015625 0.018028846153846152