0 0.9807692307692307 0.36899038461538464 0.015625 0.013221153846153846
0 0.9651442307692307 0.3918269230769231 0.010817307692307692 0.013221153846153846
0 0.9302884615384616 0.4110576923076923 0.013221153846153846 0.010817307692307692
0 0.9014423076923077 0.39663461538461536 0.013221153846153846 0.02283653846153846
0 0.7776442307692307 0.4014423076923077 0.010817307692307692 0.010817307692307692
0 0.7175480769230769 0.390625 0.015625 0.015625
0 0.6478365384615384 0.4495192307692308 0.025240384615384616 0.015625
0 0.7836538461538461 0.5348557692307693 0.013221153846153846 0.015625
0 0.8209134615384616 0.4891826923076923 0.020432692307692308 0.018028846153846152
0 0.8725961538461539 0.4735576923076923 0.015625 0.020432692307692308
0 0.9038461538461539 0.6887019230769231 0.015625 0.013221153846153846
0 0.9074519230769231 0.6081730769230769 0.013221153846153846 0.013221153846153846
0 0.765625 0.8882211538461539 0.018028846153846152 0.020432692307692308
0 0.9158653846153846 0.8149038461538461 0.010817307692307692 0.018028846153846152
0 0.9375 0.8004807692307693 0.013221153846153846 0.010817307692307692
0 0.9867788461538461 0.6598557692307693 0.013221153846153846 0.018028846153846152
0 0.6875 0.8245192307692307 0.020432692307692308 0.02283653846153846
0 0.9627403846153846 0.6730769230769231 0.025240384615384616 0.018028846153846152
0 0.9735576923076923 0.7451923076923077 0.020432692307692308 0.018028846153846152
0 0.9423076923076923 0.7704326923076923 0.03365384615384615 0.018028846153846152
0 0.9134615384615384 0.7415865384615384 0.020432692307692308 0.013221153846153846
0 0.9278846153846154 0.7127403846153846 0.026442307692307692 0.020432692307692308
0 0.90625 0.5889423076923077 0.025240384615384616 0.025240384615384616
0 0.9302884615384616 0.5661057692307693 0.018028846153846152 0.020432692307692308
0 0.8497596153846154 0.5492788461538461 0.028846153846153848 0.018028846153846152
0 0.8954326923076923 0.4963942307692308 0.028846153846153848 0.015625
0 0.9038461538461539 0.5168269230769231 0.020432692307692308 0.020432692307692308
0 0.9302884615384616 0.49759615384615385 0.02283653846153846 0.018028846153846152
0 0.9375 0.5276442307692307 0.025240384615384616 0.020432692307692308
0 0.9819711538461539 0.5240384615384616 0.018028846153846152 0.020432692307692308
0 0.9855769230769231 0.48677884615384615 0.020432692307692308 0.018028846153846152
0 0.9639423076923077 0.4375 0.018028846153846152 0.02283653846153846
0 0.984375 0.41466346153846156 0.02283653846153846 0.018028846153846152
0 0.7475961538461539 0.6959134615384616 0.026442307692307692 0.02283653846153846
0 0.7752403846153846 0.6574519230769231 0.018028846153846152 0.013221153846153846
0 0.7596153846153846 0.6394230769230769 0.015625 0.018028846153846152
0 0.7439903846153846 0.6358173076923077 0.015625 0.020432692307692308
0 0.7079326923076923 0.6358173076923077 0.020432692307692308 0.015625
0 0.7259615384615384 0.6081730769230769 0.025240384615384616 0.018028846153846152
0 0.7728365384615384 0.5793269230769231 0.02283653846153846 0.02283653846153846
0 0.8088942307692307 0.5528846153846154 0.02283653846153846 0.020432692307692308
0 0.9290865384615384 0.9002403846153846 0.03365384615384615 0.03365384615384615
0 0.9014423076923077 0.9555288461538461 0.026442307692307692 0.036057692307692304
0 0.8569711538461539 0.8305288461538461 0.028846153846153848 0.028846153846153848
0 0.8317307692307693 0.8028846153846154 0.025240384615384616 0.020432692307692308
0 0.7079326923076923 0.9146634615384616 0.025240384615384616 0.02283653846153846