0 0.9278846153846154 0.7848557692307693 0.013221153846153846 0.020432692307692308
0 0.5865384615384616 0.7379807692307693 0.025240384615384616 0.025240384615384616
0 0.6225961538461539 0.7163461538461539 0.015625 0.013221153846153846
0 0.2800480769230769 0.7932692307692307 0.020432692307692308 0.018028846153846152
0 0.2860576923076923 0.8137019230769231 0.018028846153846152 0.015625
0 0.328125 0.8713942307692307 0.015625 0.013221153846153846
0 0.3485576923076923 0.984375 0.018028846153846152 0.018028846153846152
0 0.8858173076923077 0.9375 0.020432692307692308 0.03365384615384615
0 0.6706730769230769 0.9194711538461539 0.03125 0.028846153846153848
0 0.6526442307692307 0.8629807692307693 0.03125 0.040865384615384616
0 0.8341346153846154 0.8581730769230769 0.028846153846153848 0.02283653846153846
0 0.8173076923076923 0.9459134615384616 0.026442307692307692 0.026442307692307692
0 0.7235576923076923 0.9266826923076923 0.036057692307692304 0.03365384615384615
0 0.4110576923076923 0.875 0.025240384615384616 0.025240384615384616
0 0.40865384615384615 0.796875 0.025240384615384616 0.018028846153846152
0 0.2980769230769231 0.9134615384615384 0.025240384615384616 0.038461538461538464
0 0.6033653846153846 0.9399038461538461 0.013221153846153846 0.020432692307692308
0 0.6274038461538461 0.9375 0.020432692307692308 0.02283653846153846
0 0.5588942307692307 0.8533653846153846 0.02283653846153846 0.018028846153846152
0 0.6033653846153846 0.8329326923076923 0.018028846153846152 0.018028846153846152
0 0.6418269230769231 0.7836538461538461 0.03125 0.026442307692307692
0 0.5360576923076923 0.8233173076923077 0.018028846153846152 0.025240384615384616
0 0.5084134615384616 0.8377403846153846 0.025240384615384616 0.02283653846153846
0 0.41225961538461536 0.8257211538461539 0.026442307692307692 0.020432692307692308
0 0.47115384615384615 0.8076923076923077 0.018028846153846152 0.015625
0 0.5600961538461539 0.7824519230769231 0.020432692307692308 0.028846153846153848
0 0.9098557692307693 0.8245192307692307 0.02283653846153846 0.02283653846153846
0 0.9483173076923077 0.7920673076923077 0.02283653846153846 0.020432692307692308
0 0.3918269230769231 0.6947115384615384 0.03125 0.028846153846153848
0 0.7560096153846154 0.9242788461538461 0.015625 0.025240384615384616
0 0.7824519230769231 0.921875 0.020432692307692308 0.025240384615384616
0 0.9314903846153846 0.8533653846153846 0.03365384615384615 0.036057692307692304
0 0.421875 0.9278846153846154 0.015625 0.018028846153846152
0 0.4375 0.8918269230769231 0.018028846153846152 0.018028846153846152
0 0.2692307692307692 0.9651442307692307 0.015625 0.020432692307692308
0 0.48197115384615385 0.7848557692307693 0.02283653846153846 0.020432692307692308
0 0.5036057692307693 0.7740384615384616 0.015625 0.015625
0 0.7427884615384616 0.7355769230769231 0.018028846153846152 0.028846153846153848
0 0.578125 0.703125 0.025240384615384616 0.018028846153846152
0 0.5084134615384616 0.6802884615384616 0.02283653846153846 0.018028846153846152
0 0.4567307692307692 0.8677884615384616 0.018028846153846152 0.015625