0 0.7067307692307693 0.018028846153846152 0.018028846153846152 0.018028846153846152
0 0.7307692307692307 0.013221153846153846 0.015625 0.013221153846153846
0 0.7223557692307693 0.026442307692307692 0.015625 0.010817307692307692
0 0.7367788461538461 0.036057692307692304 0.013221153846153846 0.013221153846153846
0 0.7524038461538461 0.04807692307692308 0.013221153846153846 0.010817307692307692
0 0.7620192307692307 0.03245192307692308 0.010817307692307692 0.010817307692307692
0 0.7235576923076923 0.04927884615384615 0.007211538461538462 0.008413461538461538
0 0.734375 0.057692307692307696 0.008413461538461538 0.007211538461538462
0 0.7427884615384616 0.0625 0.008413461538461538 0.008413461538461538
0 0.7584134615384616 0.06971153846153846 0.015625 0.013221153846153846
0 0.8173076923076923 0.09014423076923077 0.013221153846153846 0.013221153846153846
0 0.8317307692307693 0.10216346153846154 0.010817307692307692 0.015625
0 0.8485576923076923 0.11298076923076923 0.010817307692307692 0.013221153846153846
0 0.8605769230769231 0.08774038461538461 0.018028846153846152 0.018028846153846152
0 0.8677884615384616 0.12259615384615384 0.010817307692307692 0.010817307692307692
0 0.8834134615384616 0.1310096153846154 0.008413461538461538 0.013221153846153846
0 0.8966346153846154 0.13581730769230768 0.013221153846153846 0.010817307692307692
0 0.9086538461538461 0.12259615384615384 0.010817307692307692 0.010817307692307692
0 0.9194711538461539 0.11057692307692307 0.008413461538461538 0.008413461538461538
0 0.9278846153846154 0.09735576923076923 0.008413461538461538 0.008413461538461538
0 0.9411057692307693 0.07932692307692307 0.008413461538461538 0.013221153846153846
0 0.9519230769230769 0.06370192307692307 0.010817307692307692 0.010817307692307692
0 0.9591346153846154 0.04567307692307692 0.013221153846153846 0.010817307692307692
0 0.9735576923076923 0.030048076923076924 0.008413461538461538 0.007211538461538462
0 0.9819711538461539 0.020432692307692308 0.008413461538461538 0.008413461538461538
0 0.9663461538461539 0.07932692307692307 0.013221153846153846 0.018028846153846152
0 0.9903846153846154 0.04807692307692308 0.010817307692307692 0.010817307692307692
0 0.6838942307692307 0.04807692307692308 0.010817307692307692 0.010817307692307692
0 0.6923076923076923 0.07692307692307693 0.010817307692307692 0.013221153846153846
0 0.7019230769230769 0.10096153846153846 0.010817307692307692 0.013221153846153846
0 0.7127403846153846 0.11658653846153846 0.010817307692307692 0.010817307692307692
0 0.7247596153846154 0.12259615384615384 0.008413461538461538 0.010817307692307692
0 0.7451923076923077 0.13341346153846154 0.008413461538461538 0.013221153846153846
0 0.7704326923076923 0.15144230769230768 0.013221153846153846 0.008413461538461538
0 0.9338942307692307 0.16105769230769232 0.010817307692307692 0.010817307692307692
0 0.9555288461538461 0.1778846153846154 0.010817307692307692 0.013221153846153846
0 0.9723557692307693 0.1875 0.010817307692307692 0.015625
0 0.9915865384615384 0.19951923076923078 0.013221153846153846 0.020432692307692308
0 0.9927884615384616 0.22115384615384615 0.008413461538461538 0.008413461538461538
0 0.7980769230769231 0.15745192307692307 0.015625 0.013221153846153846
0 0.8173076923076923 0.171875 0.018028846153846152 0.010817307692307692
0 0.8521634615384616 0.12860576923076922 0.010817307692307692 0.013221153846153846
0 0.8665865384615384 0.13701923076923078 0.010817307692307692 0.008413461538461538
0 0.8786057692307693 0.14423076923076922 0.008413461538461538 0.008413461538461538
0 0.9915865384615384 0.27884615384615385 0.010817307692307692 0.008413461538461538
0 0.9098557692307693 0.22956730769230768 0.013221153846153846 0.013221153846153846
0 0.9314903846153846 0.23798076923076922 0.010817307692307692 0.010817307692307692
0 0.9447115384615384 0.24639423076923078 0.010817307692307692 0.010817307692307692
0 0.9194711538461539 0.17067307692307693 0.013221153846153846 0.013221153846153846
0 0.9411057692307693 0.1875 0.008413461538461538 0.010817307692307692
0 0.7103365384615384 0.1346153846153846 0.015625 0.013221153846153846
0 0.7247596153846154 0.1502403846153846 0.008413461538461538 0.010817307692307692
0 0.7091346153846154 0.17548076923076922 0.008413461538461538 0.008413461538461538
0 0.7127403846153846 0.19230769230769232 0.010817307692307692 0.010817307692307692
0 0.7235576923076923 0.21754807692307693 0.018028846153846152 0.015625
0 0.734375 0.24158653846153846 0.013221153846153846 0.015625
0 0.7451923076923077 0.26802884615384615 0.013221153846153846 0.013221153846153846
0 0.765625 0.3173076923076923 0.02283653846153846 0.018028846153846152
0 0.7788461538461539 0.34375 0.018028846153846152 0.020432692307692308
0 0.7716346153846154 0.2704326923076923 0.015625 0.02283653846153846
0 0.7584134615384616 0.24158653846153846 0.015625 0.013221153846153846
0 0.75 0.2247596153846154 0.013221153846153846 0.013221153846153846
0 0.7415865384615384 0.20072115384615385 0.015625 0.008413461538461538
0 0.7271634615384616 0.18629807692307693 0.013221153846153846 0.010817307692307692
0 0.7668269230769231 0.20673076923076922 0.010817307692307692 0.008413461538461538
0 0.7788461538461539 0.21514423076923078 0.008413461538461538 0.010817307692307692
0 0.7884615384615384 0.22355769230769232 0.008413461538461538 0.013221153846153846
0 0.8028846153846154 0.2283653846153846 0.010817307692307692 0.010817307692307692
0 0.8173076923076923 0.2403846153846154 0.018028846153846152 0.010817307692307692
0 0.7764423076923077 0.296875 0.008413461538461538 0.013221153846153846
0 0.7932692307692307 0.3245192307692308 0.013221153846153846 0.013221153846153846
0 0.8088942307692307 0.33052884615384615 0.013221153846153846 0.013221153846153846
0 0.8209134615384616 0.3713942307692308 0.010817307692307692 0.013221153846153846
0 0.8076923076923077 0.390625 0.015625 0.015625
0 0.8209134615384616 0.41346153846153844 0.015625 0.015625
0 0.8365384615384616 0.4375 0.015625 0.015625
0 0.8533653846153846 0.46033653846153844 0.013221153846153846 0.015625
0 0.9158653846153846 0.5084134615384616 0.010817307692307692 0.010817307692307692
0 0.9278846153846154 0.5276442307692307 0.013221153846153846 0.010817307692307692
0 0.9507211538461539 0.5456730769230769 0.013221153846153846 0.010817307692307692
0 0.9699519230769231 0.5661057692307693 0.020432692307692308 0.015625
0 0.9627403846153846 0.5877403846153846 0.010817307692307692 0.013221153846153846
0 0.9242788461538461 0.546875 0.010817307692307692 0.008413461538461538
0 0.8485576923076923 0.28966346153846156 0.010817307692307692 0.010817307692307692
0 0.8209134615384616 0.27524038461538464 0.015625 0.008413461538461538
0 0.8112980769230769 0.265625 0.008413461538461538 0.008413461538461538
0 0.8665865384615384 0.25841346153846156 0.010817307692307692 0.010817307692307692
0 0.8810096153846154 0.27403846153846156 0.008413461538461538 0.010817307692307692
0 0.8942307692307693 0.27884615384615385 0.008413461538461538 0.008413461538461538
0 0.8293269230769231 0.31850961538461536 0.008413461538461538 0.010817307692307692
0 0.8497596153846154 0.41466346153846156 0.010817307692307692 0.008413461538461538
0 0.8665865384615384 0.42427884615384615 0.008413461538461538 0.007211538461538462
0 0.8605769230769231 0.29447115384615385 0.008413461538461538 0.008413461538461538
0 0.12259615384615384 0.9002403846153846 0.007211538461538462 0.010817307692307692
0 0.12860576923076922 0.9411057692307693 0.018028846153846152 0.018028846153846152
0 0.06850961538461539 0.9242788461538461 0.015625 0.015625
0 0.0625 0.9675480769230769 0.010817307692307692 0.010817307692307692
0 0.02403846153846154 0.9290865384615384 0.015625 0.015625
0 0.08774038461538461 0.9050480769230769 0.013221153846153846 0.018028846153846152
0 0.0625 0.8870192307692307 0.015625 0.018028846153846152
0 0.09014423076923077 0.7836538461538461 0.02283653846153846 0.02283653846153846
0 0.030048076923076924 0.8125 0.025240384615384616 0.02283653846153846
0 0.14302884615384615 0.7896634615384616 0.020432692307692308 0.015625
0 0.1502403846153846 0.8918269230769231 0.020432692307692308 0.018028846153846152
0 0.16826923076923078 0.9026442307692307 0.015625 0.013221153846153846
0 0.08173076923076923 0.5709134615384616 0.015625 0.020432692307692308
0 0.359375 0.6466346153846154 0.015625 0.02283653846153846
0 0.38221153846153844 0.6418269230769231 0.010817307692307692 0.013221153846153846
0 0.38822115384615385 0.6177884615384616 0.010817307692307692 0.015625
0 0.32091346153846156 0.6033653846153846 0.015625 0.013221153846153846
0 0.5120192307692307 0.7752403846153846 0.015625 0.02283653846153846
0 0.6478365384615384 0.5420673076923077 0.015625 0.020432692307692308
0 0.6165865384615384 0.5420673076923077 0.013221153846153846 0.015625
0 0.4230769230769231 0.5528846153846154 0.026442307692307692 0.028846153846153848
0 0.32572115384615385 0.49278846153846156 0.020432692307692308 0.018028846153846152
0 0.3401442307692308 0.45072115384615385 0.018028846153846152 0.02283653846153846
0 0.3918269230769231 0.45072115384615385 0.018028846153846152 0.013221153846153846
0 0.3245192307692308 0.39903846153846156 0.02283653846153846 0.03125
0 0.29447115384615385 0.38341346153846156 0.025240384615384616 0.026442307692307692
0 0.2692307692307692 0.36778846153846156 0.015625 0.015625
0 0.34975961538461536 0.49399038461538464 0.010817307692307692 0.015625
0 0.375 0.4855769230769231 0.015625 0.015625
0 0.2764423076923077 0.4699519230769231 0.010817307692307692 0.015625
0 0.2824519230769231 0.4879807692307692 0.015625 0.015625
0 0.28846153846153844 0.5084134615384616 0.013221153846153846 0.013221153846153846
0 0.4483173076923077 0.4963942307692308 0.018028846153846152 0.025240384615384616
0 0.5889423076923077 0.4362980769230769 0.010817307692307692 0.015625
0 0.6322115384615384 0.421875 0.015625 0.015625
0 0.6538461538461539 0.4254807692307692 0.015625 0.018028846153846152
0 0.6754807692307693 0.42427884615384615 0.018028846153846152 0.020432692307692308
0 0.7692307692307693 0.59375 0.020432692307692308 0.020432692307692308
0 0.7584134615384616 0.5757211538461539 0.013221153846153846 0.015625
0 0.7451923076923077 0.5552884615384616 0.013221153846153846 0.015625
0 0.7367788461538461 0.5372596153846154 0.008413461538461538 0.010817307692307692
0 0.7331730769230769 0.5192307692307693 0.010817307692307692 0.010817307692307692
0 0.734375 0.49759615384615385 0.018028846153846152 0.018028846153846152
0 0.7391826923076923 0.4735576923076923 0.018028846153846152 0.015625
0 0.7415865384615384 0.45552884615384615 0.020432692307692308 0.020432692307692308
0 0.7536057692307693 0.43509615384615385 0.020432692307692308 0.018028846153846152
0 0.6887019230769231 0.48197115384615385 0.018028846153846152 0.013221153846153846
0 0.6646634615384616 0.4855769230769231 0.018028846153846152 0.020432692307692308
0 0.6382211538461539 0.484375 0.020432692307692308 0.013221153846153846
0 0.796875 0.6262019230769231 0.013221153846153846 0.018028846153846152
0 0.8197115384615384 0.640625 0.013221153846153846 0.015625
0 0.8569711538461539 0.6490384615384616 0.015625 0.013221153846153846
0 0.8774038461538461 0.6514423076923077 0.015625 0.018028846153846152
0 0.9026442307692307 0.6502403846153846 0.02283653846153846 0.020432692307692308
0 0.9074519230769231 0.6754807692307693 0.008413461538461538 0.013221153846153846
0 0.8978365384615384 0.6754807692307693 0.007211538461538462 0.008413461538461538
0 0.7055288461538461 0.43990384615384615 0.010817307692307692 0.015625
0 0.7115384615384616 0.3737980769230769 0.018028846153846152 0.018028846153846152
0 0.7247596153846154 0.3918269230769231 0.008413461538461538 0.013221153846153846
0 0.7103365384615384 0.3894230769230769 0.010817307692307692 0.013221153846153846
0 0.9855769230769231 0.7223557692307693 0.015625 0.015625
0 0.9615384615384616 0.7247596153846154 0.018028846153846152 0.02283653846153846
0 0.9555288461538461 0.796875 0.010817307692307692 0.013221153846153846
0 0.9711538461538461 0.8076923076923077 0.008413461538461538 0.010817307692307692
0 0.9795673076923077 0.8173076923076923 0.008413461538461538 0.013221153846153846
0 0.9699519230769231 0.9266826923076923 0.010817307692307692 0.010817307692307692
0 0.8305288461538461 0.9014423076923077 0.013221153846153846 0.015625
0 0.5757211538461539 0.9411057692307693 0.015625 0.013221153846153846
0 0.42427884615384615 0.7223557692307693 0.010817307692307692 0.010817307692307692
0 0.4206730769230769 0.7067307692307693 0.013221153846153846 0.013221153846153846
0 0.41346153846153844 0.6911057692307693 0.015625 0.018028846153846152
0 0.4735576923076923 0.6790865384615384 0.013221153846153846 0.015625
0 0.5444711538461539 0.8016826923076923 0.018028846153846152 0.013221153846153846
0 0.7283653846153846 0.5817307692307693 0.010817307692307692 0.010817307692307692
0 0.7271634615384616 0.5649038461538461 0.008413461538461538 0.013221153846153846
0 0.7175480769230769 0.5576923076923077 0.010817307692307692 0.010817307692307692
0 0.7163461538461539 0.5360576923076923 0.008413461538461538 0.013221153846153846
0 0.6742788461538461 0.28966346153846156 0.015625 0.025240384615384616
0 0.6875 0.35216346153846156 0.018028846153846152 0.015625
0 0.6959134615384616 0.33413461538461536 0.013221153846153846 0.015625
0 0.6382211538461539 0.20552884615384615 0.015625 0.013221153846153846
0 0.6538461538461539 0.24879807692307693 0.010817307692307692 0.015625
0 0.6514423076923077 0.2668269230769231 0.015625 0.015625
0 0.35336538461538464 0.35216346153846156 0.03125 0.020432692307692308
0 0.4110576923076923 0.43028846153846156 0.015625 0.02283653846153846
0 0.2403846153846154 0.47716346153846156 0.010817307692307692 0.018028846153846152
0 0.29447115384615385 0.43028846153846156 0.010817307692307692 0.013221153846153846
0 0.3137019230769231 0.4206730769230769 0.015625 0.013221153846153846
0 0.4567307692307692 0.4387019230769231 0.013221153846153846 0.008413461538461538
0 0.4567307692307692 0.42908653846153844 0.008413461538461538 0.010817307692307692
0 0.4723557692307692 0.4254807692307692 0.010817307692307692 0.013221153846153846
0 0.47475961538461536 0.38822115384615385 0.013221153846153846 0.010817307692307692
0 0.44711538461538464 0.3449519230769231 0.010817307692307692 0.013221153846153846
0 0.43028846153846156 0.3449519230769231 0.013221153846153846 0.013221153846153846
0 0.3016826923076923 0.35336538461538464 0.018028846153846152 0.018028846153846152
0 0.29447115384615385 0.31971153846153844 0.015625 0.013221153846153846
0 0.3112980769230769 0.2932692307692308 0.013221153846153846 0.013221153846153846
0 0.3329326923076923 0.32091346153846156 0.018028846153846152 0.010817307692307692
0 0.3389423076923077 0.2920673076923077 0.010817307692307692 0.015625
0 0.37259615384615385 0.25841346153846156 0.015625 0.018028846153846152
0 0.2620192307692308 0.21875 0.025240384615384616 0.018028846153846152
0 0.42788461538461536 0.2608173076923077 0.008413461538461538 0.008413461538461538
0 0.4423076923076923 0.25841346153846156 0.010817307692307692 0.013221153846153846
0 0.46033653846153844 0.25240384615384615 0.010817307692307692 0.013221153846153846
0 0.4963942307692308 0.33052884615384615 0.010817307692307692 0.013221153846153846
0 0.49158653846153844 0.3545673076923077 0.010817307692307692 0.010817307692307692
0 0.4987980769230769 0.36658653846153844 0.010817307692307692 0.010817307692307692
0 0.5108173076923077 0.3701923076923077 0.008413461538461538 0.010817307692307692
0 0.5240384615384616 0.37259615384615385 0.010817307692307692 0.010817307692307692
0 0.6189903846153846 0.14182692307692307 0.018028846153846152 0.018028846153846152
0 0.6033653846153846 0.07692307692307693 0.013221153846153846 0.018028846153846152
0 0.5973557692307693 0.1622596153846154 0.018028846153846152 0.018028846153846152
0 0.6165865384615384 0.18389423076923078 0.013221153846153846 0.015625
0 0.6334134615384616 0.22355769230769232 0.010817307692307692 0.015625
0 0.5949519230769231 0.052884615384615384 0.018028846153846152 0.015625
0 0.5925480769230769 0.03245192307692308 0.013221153846153846 0.015625
0 0.5733173076923077 0.10697115384615384 0.010817307692307692 0.015625
0 0.5805288461538461 0.12139423076923077 0.015625 0.013221153846153846
0 0.9555288461538461 0.3918269230769231 0.015625 0.018028846153846152
0 0.9098557692307693 0.41225961538461536 0.008413461538461538 0.008413461538461538
0 0.8810096153846154 0.4519230769230769 0.013221153846153846 0.015625
0 0.8966346153846154 0.40625 0.013221153846153846 0.015625
0 0.8581730769230769 0.375 0.008413461538461538 0.010817307692307692
0 0.8461538461538461 0.3918269230769231 0.010817307692307692 0.013221153846153846
0 0.9254807692307693 0.296875 0.008413461538461538 0.008413461538461538
0 0.6730769230769231 0.0829326923076923 0.008413461538461538 0.013221153846153846
0 0.6670673076923077 0.051682692307692304 0.008413461538461538 0.008413461538461538
0 0.5625 0.28846153846153844 0.010817307692307692 0.013221153846153846
0 0.16826923076923078 0.3389423076923077 0.020432692307692308 0.025240384615384616
0 0.4338942307692308 0.02403846153846154 0.015625 0.015625
0 0.8317307692307693 0.06971153846153846 0.020432692307692308 0.013221153846153846
0 0.6875 0.11899038461538461 0.018028846153846152 0.008413461538461538
0 0.6802884615384616 0.10336538461538461 0.013221153846153846 0.008413461538461538