0 0.5228365384615384 0.14543269230769232 0.008413461538461538 0.007211538461538462
0 0.5132211538461539 0.10336538461538461 0.008413461538461538 0.008413461538461538
0 0.7824519230769231 0.08774038461538461 0.010817307692307692 0.008413461538461538
0 0.8978365384615384 0.9639423076923077 0.015625 0.018028846153846152
0 0.8004807692307693 0.7055288461538461 0.015625 0.015625
0 0.9915865384615384 0.4014423076923077 0.013221153846153846 0.018028846153846152
0 0.9759615384615384 0.38221153846153844 0.020432692307692308 0.020432692307692308
0 0.9471153846153846 0.35216346153846156 0.015625 0.015625
0 0.9350961538461539 0.33413461538461536 0.013221153846153846 0.015625
0 0.3581730769230769 0.05889423076923077 0.018028846153846152 0.018028846153846152
0 0.37259615384615385 0.009615384615384616 0.015625 0.018028846153846152
0 0.9879807692307693 0.25 0.010817307692307692 0.008413461538461538
0 0.9759615384615384 0.23918269230769232 0.007211538461538462 0.008413461538461538
0 0.9555288461538461 0.28846153846153844 0.008413461538461538 0.008413461538461538
0 0.9735576923076923 0.3088942307692308 0.010817307692307692 0.008413461538461538
0 0.9831730769230769 0.31850961538461536 0.007211538461538462 0.007211538461538462
0 0.9615384615384616 0.18629807692307693 0.018028846153846152 0.010817307692307692
0 0.9387019230769231 0.16826923076923078 0.008413461538461538 0.007211538461538462
0 0.9350961538461539 0.15264423076923078 0.008413461538461538 0.008413461538461538
0 0.9206730769230769 0.14182692307692307 0.008413461538461538 0.008413461538461538
0 0.9038461538461539 0.12740384615384615 0.007211538461538462 0.010817307692307692
0 0.8942307692307693 0.11658653846153846 0.008413461538461538 0.010817307692307692
0 0.8834134615384616 0.10336538461538461 0.008413461538461538 0.008413461538461538
0 0.8605769230769231 0.0733173076923077 0.008413461538461538 0.010817307692307692
0 0.8485576923076923 0.057692307692307696 0.007211538461538462 0.007211538461538462
0 0.8389423076923077 0.04927884615384615 0.007211538461538462 0.008413461538461538
0 0.8317307692307693 0.040865384615384616 0.007211538461538462 0.008413461538461538
0 0.9831730769230769 0.2091346153846154 0.007211538461538462 0.008413461538461538
0 0.9723557692307693 0.19951923076923078 0.007211538461538462 0.007211538461538462
0 0.8834134615384616 0.27884615384615385 0.008413461538461538 0.008413461538461538
0 0.8677884615384616 0.2692307692307692 0.007211538461538462 0.007211538461538462
0 0.8533653846153846 0.25841346153846156 0.008413461538461538 0.007211538461538462
0 0.8545673076923077 0.2439903846153846 0.010817307692307692 0.007211538461538462
0 0.84375 0.24519230769230768 0.010817307692307692 0.004807692307692308
0 0.9675480769230769 0.22235576923076922 0.010817307692307692 0.007211538461538462
0 0.9483173076923077 0.21394230769230768 0.008413461538461538 0.004807692307692308
0 0.9375 0.19471153846153846 0.015625 0.007211538461538462
0 0.9254807692307693 0.18509615384615385 0.008413461538461538 0.008413461538461538
0 0.9038461538461539 0.1622596153846154 0.010817307692307692 0.008413461538461538
0 0.8798076923076923 0.13221153846153846 0.010817307692307692 0.007211538461538462
0 0.8629807692307693 0.11658653846153846 0.013221153846153846 0.008413461538461538
0 0.8497596153846154 0.1045673076923077 0.010817307692307692 0.010817307692307692
0 0.7175480769230769 0.5552884615384616 0.010817307692307692 0.010817307692307692
0 0.7740384615384616 0.5396634615384616 0.015625 0.010817307692307692
0 0.8413461538461539 0.6514423076923077 0.010817307692307692 0.008413461538461538
0 0.9014423076923077 0.6574519230769231 0.010817307692307692 0.008413461538461538
0 0.8557692307692307 0.6033653846153846 0.013221153846153846 0.013221153846153846
0 0.8834134615384616 0.5805288461538461 0.013221153846153846 0.010817307692307692
0 0.8774038461538461 0.5649038461538461 0.010817307692307692 0.008413461538461538
0 0.6911057692307693 0.5901442307692307 0.013221153846153846 0.008413461538461538
0 0.7644230769230769 0.609375 0.010817307692307692 0.010817307692307692
0 0.8028846153846154 0.6442307692307693 0.010817307692307692 0.004807692307692308
0 0.7524038461538461 0.7524038461538461 0.008413461538461538 0.013221153846153846
0 0.8425480769230769 0.8149038461538461 0.018028846153846152 0.008413461538461538
0 0.7932692307692307 0.9110576923076923 0.013221153846153846 0.010817307692307692
0 0.8653846153846154 0.9182692307692307 0.018028846153846152 0.010817307692307692
0 0.8377403846153846 0.890625 0.008413461538461538 0.010817307692307692
0 0.8605769230769231 0.8762019230769231 0.008413461538461538 0.008413461538461538
0 0.8473557692307693 0.8653846153846154 0.013221153846153846 0.008413461538461538
0 0.7596153846153846 0.5168269230769231 0.010817307692307692 0.010817307692307692
0 0.7439903846153846 0.5649038461538461 0.010817307692307692 0.008413461538461538
0 0.8257211538461539 0.5564903846153846 0.010817307692307692 0.013221153846153846
0 0.9375 0.265625 0.010817307692307692 0.008413461538461538
0 0.9290865384615384 0.25600961538461536 0.007211538461538462 0.010817307692307692
0 0.9206730769230769 0.24519230769230768 0.008413461538461538 0.008413461538461538
0 0.9146634615384616 0.23557692307692307 0.008413461538461538 0.010817307692307692
0 0.9038461538461539 0.22596153846153846 0.007211538461538462 0.007211538461538462
0 0.8942307692307693 0.21514423076923078 0.008413461538461538 0.007211538461538462
0 0.8329326923076923 0.15625 0.008413461538461538 0.007211538461538462
0 0.8004807692307693 0.11177884615384616 0.007211538461538462 0.007211538461538462
0 0.8185096153846154 0.1346153846153846 0.007211538461538462 0.004807692307692308
0 0.7692307692307693 0.06490384615384616 0.007211538461538462 0.008413461538461538
0 0.7620192307692307 0.051682692307692304 0.007211538461538462 0.004807692307692308
0 0.8028846153846154 0.026442307692307692 0.007211538461538462 0.008413461538461538
0 0.796875 0.008413461538461538 0.008413461538461538 0.008413461538461538
0 0.6971153846153846 0.010817307692307692 0.007211538461538462 0.004807692307692308
0 0.7151442307692307 0.14423076923076922 0.010817307692307692 0.008413461538461538
0 0.7680288461538461 0.2403846153846154 0.013221153846153846 0.010817307692307692
0 0.7572115384615384 0.2776442307692308 0.004807692307692308 0.007211538461538462
0 0.7403846153846154 0.2704326923076923 0.007211538461538462 0.008413461538461538
0 0.765625 0.29447115384615385 0.008413461538461538 0.013221153846153846
0 0.7884615384615384 0.2668269230769231 0.013221153846153846 0.010817307692307692
0 0.7704326923076923 0.25600961538461536 0.008413461538461538 0.010817307692307692
0 0.8545673076923077 0.35096153846153844 0.010817307692307692 0.008413461538461538
0 0.8774038461538461 0.47115384615384615 0.010817307692307692 0.008413461538461538
0 0.8846153846153846 0.5132211538461539 0.008413461538461538 0.008413461538461538
0 0.890625 0.3954326923076923 0.010817307692307692 0.007211538461538462
0 0.8221153846153846 0.30408653846153844 0.013221153846153846 0.008413461538461538
0 0.7463942307692307 0.1814903846153846 0.010817307692307692 0.010817307692307692
0 0.578125 0.056490384615384616 0.010817307692307692 0.008413461538461538
0 0.4014423076923077 0.019230769230769232 0.013221153846153846 0.010817307692307692
0 0.3629807692307692 0.15264423076923078 0.008413461538461538 0.018028846153846152
0 0.3701923076923077 0.1310096153846154 0.007211538461538462 0.008413461538461538
0 0.36778846153846156 0.1045673076923077 0.010817307692307692 0.010817307692307692
0 0.59375 0.1622596153846154 0.010817307692307692 0.004807692307692308
0 0.5300480769230769 0.23076923076923078 0.010817307692307692 0.010817307692307692
0 0.5492788461538461 0.21634615384615385 0.013221153846153846 0.008413461538461538
0 0.5084134615384616 0.20552884615384615 0.008413461538461538 0.008413461538461538
0 0.5504807692307693 0.3401442307692308 0.007211538461538462 0.013221153846153846
0 0.703125 0.5360576923076923 0.008413461538461538 0.008413461538461538
0 0.7283653846153846 0.5240384615384616 0.010817307692307692 0.010817307692307692
0 0.8786057692307693 0.44350961538461536 0.013221153846153846 0.018028846153846152
0 0.7884615384615384 0.6790865384615384 0.008413461538461538 0.010817307692307692
0 0.8257211538461539 0.6274038461538461 0.010817307692307692 0.015625
0 0.5853365384615384 0.5288461538461539 0.008413461538461538 0.018028846153846152
0 0.6490384615384616 0.5444711538461539 0.008413461538461538 0.008413461538461538
0 0.6694711538461539 0.4855769230769231 0.010817307692307692 0.010817307692307692
0 0.5 0.13221153846153846 0.013221153846153846 0.010817307692307692
0 0.33533653846153844 0.02403846153846154 0.013221153846153846 0.010817307692307692
0 0.2860576923076923 0.09615384615384616 0.013221153846153846 0.010817307692307692
0 0.18269230769230768 0.054086538461538464 0.008413461538461538 0.013221153846153846
0 0.6117788461538461 0.13341346153846154 0.010817307692307692 0.008413461538461538
0 0.671875 0.16466346153846154 0.007211538461538462 0.013221153846153846
0 0.6610576923076923 0.22115384615384615 0.010817307692307692 0.008413461538461538
0 0.5012019230769231 0.06850961538461539 0.020432692307692308 0.015625
0 0.38221153846153844 0.23197115384615385 0.007211538461538462 0.013221153846153846
0 0.109375 0.054086538461538464 0.028846153846153848 0.02283653846153846
0 0.546875 0.08774038461538461 0.02283653846153846 0.03125
0 0.9831730769230769 0.8221153846153846 0.015625 0.018028846153846152