0 0.9074519230769231 0.004807692307692308 0.013221153846153846 0.008413461538461538
0 0.9038461538461539 0.016826923076923076 0.010817307692307692 0.010817307692307692
0 0.9026442307692307 0.03125 0.013221153846153846 0.008413461538461538
0 0.9038461538461539 0.04567307692307692 0.010817307692307692 0.010817307692307692
0 0.9050480769230769 0.06009615384615385 0.013221153846153846 0.010817307692307692
0 0.9050480769230769 0.07451923076923077 0.008413461538461538 0.008413461538461538
0 0.9038461538461539 0.09014423076923077 0.010817307692307692 0.013221153846153846
0 0.9050480769230769 0.10216346153846154 0.013221153846153846 0.007211538461538462
0 0.9038461538461539 0.1141826923076923 0.010817307692307692 0.010817307692307692
0 0.9014423076923077 0.12980769230769232 0.018028846153846152 0.015625
0 0.9314903846153846 0.006009615384615385 0.010817307692307692 0.010817307692307692
0 0.9290865384615384 0.025240384615384616 0.015625 0.013221153846153846
0 0.9254807692307693 0.04326923076923077 0.013221153846153846 0.013221153846153846
0 0.9242788461538461 0.06370192307692307 0.010817307692307692 0.010817307692307692
0 0.9254807692307693 0.08052884615384616 0.008413461538461538 0.013221153846153846
0 0.9254807692307693 0.0985576923076923 0.013221153846153846 0.015625
0 0.9266826923076923 0.11658653846153846 0.025240384615384616 0.013221153846153846
0 0.9230769230769231 0.13822115384615385 0.018028846153846152 0.020432692307692308
0 0.9447115384615384 0.007211538461538462 0.010817307692307692 0.013221153846153846
0 0.9435096153846154 0.02403846153846154 0.008413461538461538 0.010817307692307692
0 0.9435096153846154 0.04567307692307692 0.008413461538461538 0.010817307692307692
0 0.9399038461538461 0.06850961538461539 0.015625 0.010817307692307692
0 0.9639423076923077 0.009615384615384616 0.008413461538461538 0.010817307692307692
0 0.9627403846153846 0.03125 0.010817307692307692 0.013221153846153846
0 0.9627403846153846 0.04807692307692308 0.010817307692307692 0.010817307692307692
0 0.9627403846153846 0.0673076923076923 0.010817307692307692 0.013221153846153846
0 0.9603365384615384 0.08413461538461539 0.010817307692307692 0.010817307692307692
0 0.9627403846153846 0.10336538461538461 0.015625 0.013221153846153846
0 0.9615384615384616 0.12139423076923077 0.018028846153846152 0.018028846153846152
0 0.9567307692307693 0.13942307692307693 0.018028846153846152 0.013221153846153846
0 0.9831730769230769 0.009615384615384616 0.019230769230769232 0.019230769230769232
0 0.9831730769230769 0.030048076923076924 0.015625 0.015625
0 0.9795673076923077 0.04567307692307692 0.008413461538461538 0.010817307692307692
0 0.9819711538461539 0.06370192307692307 0.013221153846153846 0.015625
0 0.9783653846153846 0.08413461538461539 0.010817307692307692 0.010817307692307692
0 0.9819711538461539 0.10216346153846154 0.013221153846153846 0.015625
0 0.9807692307692307 0.12139423076923077 0.015625 0.018028846153846152
0 0.9783653846153846 0.13942307692307693 0.010817307692307692 0.013221153846153846
0 0.9074519230769231 0.3161057692307692 0.013221153846153846 0.015625
0 0.921875 0.3173076923076923 0.015625 0.013221153846153846
0 0.8629807692307693 0.3161057692307692 0.018028846153846152 0.015625
0 0.8221153846153846 0.31490384615384615 0.013221153846153846 0.013221153846153846
0 0.8629807692307693 0.2848557692307692 0.02283653846153846 0.020432692307692308
0 0.8197115384615384 0.28365384615384615 0.013221153846153846 0.013221153846153846
0 0.6213942307692307 0.10216346153846154 0.018028846153846152 0.020432692307692308
0 0.6358173076923077 0.06490384615384616 0.025240384615384616 0.018028846153846152
0 0.765625 0.14182692307692307 0.03125 0.026442307692307692
0 0.7872596153846154 0.11177884615384616 0.020432692307692308 0.015625
0 0.7896634615384616 0.09254807692307693 0.015625 0.013221153846153846
0 0.8257211538461539 0.11177884615384616 0.020432692307692308 0.020432692307692308
0 0.7956730769230769 0.07451923076923077 0.010817307692307692 0.013221153846153846
0 0.8100961538461539 0.008413461538461538 0.010817307692307692 0.013221153846153846
0 0.7632211538461539 0.18269230769230768 0.013221153846153846 0.013221153846153846
0 0.7620192307692307 0.20192307692307693 0.015625 0.015625
0 0.7584134615384616 0.22115384615384615 0.013221153846153846 0.013221153846153846
0 0.75 0.23918269230769232 0.013221153846153846 0.008413461538461538
0 0.78125 0.23798076923076922 0.013221153846153846 0.015625
0 0.8305288461538461 0.06370192307692307 0.010817307692307692 0.015625
0 0.8329326923076923 0.04927884615384615 0.013221153846153846 0.008413461538461538
0 0.8269230769230769 0.08774038461538461 0.013221153846153846 0.013221153846153846
0 0.7091346153846154 0.25 0.013221153846153846 0.013221153846153846
0 0.2956730769230769 0.02283653846153846 0.015625 0.013221153846153846
0 0.036057692307692304 0.125 0.013221153846153846 0.020432692307692308
0 0.16346153846153846 0.2512019230769231 0.010817307692307692 0.010817307692307692