0 0.9206730769230769 0.09735576923076923 0.013221153846153846 0.018028846153846152
0 0.8954326923076923 0.04807692307692308 0.010817307692307692 0.015625
0 0.8257211538461539 0.14302884615384615 0.010817307692307692 0.015625
0 0.7728365384615384 0.06009615384615385 0.018028846153846152 0.015625
0 0.5745192307692307 0.49158653846153844 0.008413461538461538 0.013221153846153846
0 0.2800480769230769 0.36658653846153844 0.020432692307692308 0.015625
0 0.11658653846153846 0.5168269230769231 0.020432692307692308 0.015625
0 0.14903846153846154 0.16826923076923078 0.018028846153846152 0.020432692307692308
0 0.6646634615384616 0.3449519230769231 0.026442307692307692 0.02283653846153846
0 0.9651442307692307 0.09254807692307693 0.015625 0.018028846153846152
0 0.36658653846153844 0.07091346153846154 0.020432692307692308 0.020432692307692308