0 0.14302884615384615 0.7872596153846154 0.015625 0.025240384615384616
0 0.1045673076923077 0.8052884615384616 0.020432692307692308 0.020432692307692308
0 0.037259615384615384 0.796875 0.015625 0.018028846153846152
0 0.028846153846153848 0.984375 0.02283653846153846 0.02283653846153846
0 0.13341346153846154 0.8774038461538461 0.018028846153846152 0.020432692307692308
0 0.06129807692307692 0.8689903846153846 0.013221153846153846 0.013221153846153846
0 0.09375 0.8689903846153846 0.015625 0.018028846153846152
0 0.44711538461538464 0.6466346153846154 0.028846153846153848 0.036057692307692304
0 0.4795673076923077 0.6009615384615384 0.013221153846153846 0.02283653846153846
0 0.49278846153846156 0.5444711538461539 0.013221153846153846 0.013221153846153846
0 0.5120192307692307 0.5673076923076923 0.010817307692307692 0.013221153846153846
0 0.5384615384615384 0.7920673076923077 0.013221153846153846 0.025240384615384616
0 0.5913461538461539 0.8088942307692307 0.020432692307692308 0.036057692307692304
0 0.5793269230769231 0.8533653846153846 0.013221153846153846 0.018028846153846152
0 0.6454326923076923 0.8545673076923077 0.015625 0.025240384615384616
0 0.16105769230769232 0.9086538461538461 0.010817307692307692 0.015625
0 0.04326923076923077 0.04326923076923077 0.018028846153846152 0.02283653846153846
0 0.31490384615384615 0.3545673076923077 0.013221153846153846 0.010817307692307692
0 0.5444711538461539 0.15384615384615385 0.010817307692307692 0.010817307692307692
0 0.53125 0.171875 0.013221153846153846 0.020432692307692308
0 0.5961538461538461 0.7680288461538461 0.015625 0.02283653846153846
0 0.21033653846153846 0.71875 0.010817307692307692 0.013221153846153846
0 0.055288461538461536 0.8317307692307693 0.015625 0.015625
0 0.38822115384615385 0.9194711538461539 0.010817307692307692 0.015625
0 0.6370192307692307 0.5925480769230769 0.026442307692307692 0.02283653846153846
0 0.5612980769230769 0.7596153846153846 0.018028846153846152 0.015625
0 0.9362980769230769 0.25721153846153844 0.028846153846153848 0.02283653846153846
0 0.9375 0.23317307692307693 0.020432692307692308 0.015625
0 0.9387019230769231 0.2127403846153846 0.026442307692307692 0.015625
0 0.9375 0.19831730769230768 0.025240384615384616 0.013221153846153846