0 0.8004807692307693 0.020432692307692308 0.028846153846153848 0.018028846153846152
0 0.7956730769230769 0.04447115384615385 0.028846153846153848 0.010817307692307692
0 0.8028846153846154 0.06009615384615385 0.020432692307692308 0.015625
0 0.7908653846153846 0.08413461538461539 0.018028846153846152 0.010817307692307692
0 0.8028846153846154 0.09975961538461539 0.015625 0.015625
0 0.7980769230769231 0.13341346153846154 0.020432692307692308 0.013221153846153846
0 0.7944711538461539 0.11899038461538461 0.020432692307692308 0.013221153846153846
0 0.7127403846153846 0.03365384615384615 0.015625 0.018028846153846152
0 0.49278846153846156 0.09495192307692307 0.02283653846153846 0.018028846153846152
0 0.5949519230769231 0.03365384615384615 0.013221153846153846 0.018028846153846152
0 0.5997596153846154 0.10336538461538461 0.020432692307692308 0.018028846153846152
0 0.5925480769230769 0.0733173076923077 0.018028846153846152 0.020432692307692308
0 0.5637019230769231 0.09254807692307693 0.015625 0.013221153846153846
0 0.5757211538461539 0.07572115384615384 0.020432692307692308 0.015625
0 0.5096153846153846 0.21033653846153846 0.020432692307692308 0.020432692307692308
0 0.5985576923076923 0.21875 0.015625 0.013221153846153846
0 0.5348557692307693 0.08774038461538461 0.010817307692307692 0.018028846153846152
0 0.6622596153846154 0.07692307692307693 0.018028846153846152 0.013221153846153846
0 0.6766826923076923 0.11899038461538461 0.015625 0.018028846153846152
0 0.7764423076923077 0.16346153846153846 0.02283653846153846 0.015625
0 0.9146634615384616 0.38341346153846156 0.02283653846153846 0.015625
0 0.8413461538461539 0.3293269230769231 0.03365384615384615 0.026442307692307692
0 0.8401442307692307 0.28966346153846156 0.026442307692307692 0.020432692307692308
0 0.8413461538461539 0.2536057692307692 0.025240384615384616 0.020432692307692308
0 0.8413461538461539 0.2127403846153846 0.028846153846153848 0.025240384615384616
0 0.8401442307692307 0.17908653846153846 0.026442307692307692 0.020432692307692308
0 0.8401442307692307 0.1466346153846154 0.026442307692307692 0.02283653846153846
0 0.8377403846153846 0.1045673076923077 0.03125 0.025240384615384616
0 0.8401442307692307 0.0625 0.026442307692307692 0.015625
0 0.8425480769230769 0.07932692307692307 0.036057692307692304 0.013221153846153846
0 0.8389423076923077 0.03245192307692308 0.025240384615384616 0.025240384615384616
0 0.8713942307692307 0.007211538461538462 0.027644230769230768 0.013221153846153846
0 0.16105769230769232 0.025240384615384616 0.010817307692307692 0.013221153846153846
0 0.17908653846153846 0.026442307692307692 0.010817307692307692 0.010817307692307692
0 0.14903846153846154 0.026442307692307692 0.008413461538461538 0.010817307692307692
0 0.13822115384615385 0.025240384615384616 0.010817307692307692 0.013221153846153846
0 0.1201923076923077 0.026442307692307692 0.010817307692307692 0.010817307692307692
0 0.08173076923076923 0.027644230769230768 0.010817307692307692 0.010817307692307692
0 0.0625 0.025240384615384616 0.008413461538461538 0.008413461538461538
0 0.051682692307692304 0.026442307692307692 0.013221153846153846 0.010817307692307692
0 0.03485576923076923 0.026442307692307692 0.007211538461538462 0.010817307692307692
0 0.02403846153846154 0.02403846153846154 0.010817307692307692 0.010817307692307692
0 0.008413461538461538 0.025240384615384616 0.010817307692307692 0.008413461538461538
0 0.12379807692307693 0.010817307692307692 0.008413461538461538 0.008413461538461538
0 0.13581730769230768 0.008413461538461538 0.010817307692307692 0.008413461538461538
0 0.1502403846153846 0.010817307692307692 0.010817307692307692 0.008413461538461538
0 0.16466346153846154 0.01201923076923077 0.013221153846153846 0.010817307692307692
0 0.037259615384615384 0.009615384615384616 0.010817307692307692 0.010817307692307692
0 0.390625 0.006009615384615385 0.010817307692307692 0.010817307692307692
0 0.390625 0.030048076923076924 0.010817307692307692 0.010817307692307692
0 0.3425480769230769 0.04326923076923077 0.008413461538461538 0.013221153846153846
0 0.17668269230769232 0.08774038461538461 0.015625 0.018028846153846152
0 0.16105769230769232 0.08653846153846154 0.015625 0.015625
0 0.14903846153846154 0.08413461538461539 0.008413461538461538 0.010817307692307692
0 0.13341346153846154 0.08533653846153846 0.010817307692307692 0.008413461538461538
0 0.11778846153846154 0.08413461538461539 0.015625 0.010817307692307692
0 0.10336538461538461 0.08533653846153846 0.008413461538461538 0.013221153846153846
0 0.09014423076923077 0.08533653846153846 0.013221153846153846 0.008413461538461538
0 0.06370192307692307 0.08533653846153846 0.010817307692307692 0.008413461538461538
0 0.07572115384615384 0.08774038461538461 0.010817307692307692 0.008413461538461538
0 0.04927884615384615 0.08653846153846154 0.013221153846153846 0.010817307692307692
0 0.03125 0.08653846153846154 0.013221153846153846 0.010817307692307692
0 0.018028846153846152 0.08533653846153846 0.008413461538461538 0.008413461538461538
0 0.008413461538461538 0.08533653846153846 0.008413461538461538 0.013221153846153846
0 0.17307692307692307 0.9807692307692307 0.008413461538461538 0.010817307692307692
0 0.15865384615384615 0.9735576923076923 0.010817307692307692 0.008413461538461538
0 0.16466346153846154 0.9615384615384616 0.008413461538461538 0.008413461538461538
0 0.1814903846153846 0.9711538461538461 0.010817307692307692 0.008413461538461538
0 0.14903846153846154 0.9663461538461539 0.008413461538461538 0.008413461538461538
0 0.1502403846153846 0.9579326923076923 0.010817307692307692 0.007211538461538462
0 0.13942307692307693 0.9567307692307693 0.008413461538461538 0.008413461538461538
0 0.12860576923076922 0.9483173076923077 0.008413461538461538 0.008413461538461538
0 0.13942307692307693 0.9326923076923077 0.008413461538461538 0.008413461538461538
0 0.11538461538461539 0.9387019230769231 0.013221153846153846 0.008413461538461538
0 0.11057692307692307 0.9266826923076923 0.018028846153846152 0.010817307692307692
0 0.09495192307692307 0.9194711538461539 0.008413461538461538 0.008413461538461538
0 0.0829326923076923 0.9122596153846154 0.008413461538461538 0.008413461538461538
0 0.07211538461538461 0.9014423076923077 0.018028846153846152 0.013221153846153846
0 0.039663461538461536 0.9783653846153846 0.015625 0.010817307692307692
0 0.03485576923076923 0.9591346153846154 0.010817307692307692 0.008413461538461538
0 0.02283653846153846 0.9519230769230769 0.008413461538461538 0.015625
0 0.009615384615384616 0.9411057692307693 0.015625 0.013221153846153846
0 0.08052884615384616 0.9771634615384616 0.013221153846153846 0.008413461538461538
0 0.06610576923076923 0.9855769230769231 0.007211538461538462 0.007211538461538462
0 0.6802884615384616 0.44471153846153844 0.026442307692307692 0.025240384615384616
0 0.390625 0.15264423076923078 0.020432692307692308 0.026442307692307692