0 0.03485576923076923 0.5793269230769231 0.010817307692307692 0.013221153846153846
0 0.06850961538461539 0.6069711538461539 0.015625 0.015625
0 0.17668269230769232 0.5516826923076923 0.010817307692307692 0.013221153846153846
0 0.1971153846153846 0.5793269230769231 0.020432692307692308 0.013221153846153846
0 0.22355769230769232 0.609375 0.015625 0.010817307692307692
0 0.24278846153846154 0.6526442307692307 0.013221153846153846 0.013221153846153846
0 0.21514423076923078 0.5396634615384616 0.007211538461538462 0.010817307692307692
0 0.24158653846153846 0.5024038461538461 0.010817307692307692 0.013221153846153846
0 0.8112980769230769 0.48677884615384615 0.008413461538461538 0.008413461538461538
0 0.8125 0.5036057692307693 0.010817307692307692 0.007211538461538462
0 0.8125 0.5144230769230769 0.008413461538461538 0.010817307692307692
0 0.8125 0.5300480769230769 0.007211538461538462 0.010817307692307692
0 0.44711538461538464 0.5685096153846154 0.010817307692307692 0.010817307692307692
0 0.640625 0.5901442307692307 0.010817307692307692 0.008413461538461538
0 0.6634615384615384 0.5829326923076923 0.010817307692307692 0.013221153846153846
0 0.6430288461538461 0.5757211538461539 0.010817307692307692 0.010817307692307692
0 0.7199519230769231 0.4963942307692308 0.020432692307692308 0.015625
0 0.7079326923076923 0.5180288461538461 0.010817307692307692 0.008413461538461538
0 0.6862980769230769 0.5360576923076923 0.015625 0.008413461538461538
0 0.9555288461538461 0.08533653846153846 0.010817307692307692 0.013221153846153846
0 0.9735576923076923 0.21754807692307693 0.008413461538461538 0.010817307692307692
0 0.2980769230769231 0.65625 0.010817307692307692 0.010817307692307692
0 0.24278846153846154 0.6862980769230769 0.013221153846153846 0.010817307692307692
0 0.24278846153846154 0.7019230769230769 0.008413461538461538 0.010817307692307692
0 0.9170673076923077 0.9663461538461539 0.013221153846153846 0.008413461538461538
0 0.8197115384615384 0.39302884615384615 0.02283653846153846 0.015625
0 0.8185096153846154 0.3762019230769231 0.010817307692307692 0.013221153846153846
0 0.8233173076923077 0.35697115384615385 0.010817307692307692 0.015625
0 0.8221153846153846 0.3401442307692308 0.018028846153846152 0.026442307692307692
0 0.8209134615384616 0.265625 0.015625 0.013221153846153846
0 0.8233173076923077 0.41586538461538464 0.015625 0.015625
0 0.8305288461538461 0.12860576923076922 0.013221153846153846 0.018028846153846152
0 0.8233173076923077 0.15144230769230768 0.020432692307692308 0.015625
0 0.8088942307692307 0.19831730769230768 0.013221153846153846 0.013221153846153846
0 0.8016826923076923 0.22115384615384615 0.013221153846153846 0.008413461538461538
0 0.8425480769230769 0.0985576923076923 0.02283653846153846 0.020432692307692308
0 0.8028846153846154 0.06971153846153846 0.020432692307692308 0.02283653846153846
0 0.8305288461538461 0.0733173076923077 0.020432692307692308 0.025240384615384616
0 0.4014423076923077 0.8485576923076923 0.008413461538461538 0.010817307692307692
0 0.4170673076923077 0.8497596153846154 0.013221153846153846 0.010817307692307692
0 0.7295673076923077 0.06129807692307692 0.018028846153846152 0.013221153846153846
0 0.7944711538461539 0.14182692307692307 0.007211538461538462 0.008413461538461538
0 0.7487980769230769 0.0673076923076923 0.010817307692307692 0.008413461538461538
0 0.7620192307692307 0.07451923076923077 0.007211538461538462 0.013221153846153846
0 0.6947115384615384 0.04927884615384615 0.007211538461538462 0.013221153846153846