0 0.8028846153846154 0.9483173076923077 0.015625 0.018028846153846152
0 0.7608173076923077 0.8774038461538461 0.013221153846153846 0.015625
0 0.7668269230769231 0.8173076923076923 0.020432692307692308 0.02283653846153846
0 0.8401442307692307 0.8329326923076923 0.018028846153846152 0.013221153846153846
0 0.6514423076923077 0.7584134615384616 0.018028846153846152 0.018028846153846152
0 0.6574519230769231 0.5432692307692307 0.018028846153846152 0.018028846153846152
0 0.9242788461538461 0.9290865384615384 0.020432692307692308 0.020432692307692308
0 0.4338942307692308 0.6838942307692307 0.015625 0.010817307692307692
0 0.7247596153846154 0.8245192307692307 0.018028846153846152 0.02283653846153846
0 0.984375 0.3125 0.02283653846153846 0.028846153846153848
0 0.8413461538461539 0.34975961538461536 0.025240384615384616 0.025240384615384616
0 0.6165865384615384 0.10336538461538461 0.02283653846153846 0.02283653846153846
0 0.6442307692307693 0.08052884615384616 0.02283653846153846 0.020432692307692308
0 0.0829326923076923 0.8353365384615384 0.018028846153846152 0.026442307692307692
0 0.28966346153846156 0.8197115384615384 0.010817307692307692 0.008413461538461538
0 0.29927884615384615 0.8329326923076923 0.013221153846153846 0.008413461538461538
0 0.29927884615384615 0.8485576923076923 0.013221153846153846 0.013221153846153846
0 0.3088942307692308 0.8762019230769231 0.013221153846153846 0.008413461538461538
0 0.29927884615384615 0.8605769230769231 0.008413461538461538 0.013221153846153846
0 0.3125 0.8930288461538461 0.007211538461538462 0.010817307692307692
0 0.3125 0.9074519230769231 0.010817307692307692 0.008413461538461538
0 0.31850961538461536 0.9206730769230769 0.010817307692307692 0.008413461538461538
0 0.31971153846153844 0.9362980769230769 0.008413461538461538 0.010817307692307692
0 0.32572115384615385 0.953125 0.007211538461538462 0.008413461538461538
0 0.3401442307692308 0.9603365384615384 0.008413461538461538 0.010817307692307692
0 0.0985576923076923 0.8882211538461539 0.008413461538461538 0.015625
0 0.109375 0.9170673076923077 0.015625 0.013221153846153846
0 0.26322115384615385 0.7560096153846154 0.013221153846153846 0.015625
0 0.24278846153846154 0.7512019230769231 0.008413461538461538 0.010817307692307692
0 0.21153846153846154 0.7680288461538461 0.013221153846153846 0.013221153846153846
0 0.28846153846153844 0.7896634615384616 0.013221153846153846 0.010817307692307692
0 0.36538461538461536 0.8076923076923077 0.008413461538461538 0.010817307692307692
0 0.2848557692307692 0.9543269230769231 0.010817307692307692 0.010817307692307692
0 0.26802884615384615 0.9567307692307693 0.013221153846153846 0.013221153846153846
0 0.25240384615384615 0.9639423076923077 0.008413461538461538 0.008413461538461538
0 0.12620192307692307 0.9783653846153846 0.013221153846153846 0.010817307692307692
0 0.1201923076923077 0.9663461538461539 0.015625 0.008413461538461538
0 0.48677884615384615 0.08413461538461539 0.013221153846153846 0.015625
0 0.5853365384615384 0.042067307692307696 0.013221153846153846 0.020432692307692308
0 0.2548076923076923 0.7175480769230769 0.008413461538461538 0.007211538461538462
0 0.3016826923076923 0.7199519230769231 0.008413461538461538 0.010817307692307692
0 0.2247596153846154 0.7379807692307693 0.008413461538461538 0.007211538461538462
0 0.38100961538461536 0.7932692307692307 0.008413461538461538 0.004807692307692308
0 0.20552884615384615 0.7295673076923077 0.007211538461538462 0.004807692307692308
0 0.38822115384615385 0.8713942307692307 0.007211538461538462 0.008413461538461538
0 0.9266826923076923 0.6237980769230769 0.010817307692307692 0.013221153846153846