0 0.9807692307692307 0.36899038461538464 0.015625 0.013221153846153846
0 0.9651442307692307 0.3918269230769231 0.010817307692307692 0.013221153846153846
0 0.9302884615384616 0.4110576923076923 0.013221153846153846 0.010817307692307692
0 0.9014423076923077 0.39663461538461536 0.013221153846153846 0.02283653846153846
0 0.7776442307692307 0.4014423076923077 0.010817307692307692 0.010817307692307692
0 0.7175480769230769 0.390625 0.015625 0.015625
0 0.6478365384615384 0.4495192307692308 0.025240384615384616 0.015625
0 0.7836538461538461 0.5348557692307693 0.013221153846153846 0.015625
0 0.8209134615384616 0.4891826923076923 0.020432692307692308 0.018028846153846152
0 0.8725961538461539 0.4735576923076923 0.015625 0.020432692307692308
0 0.9038461538461539 0.6887019230769231 0.015625 0.013221153846153846
0 0.9074519230769231 0.6081730769230769 0.013221153846153846 0.013221153846153846
0 0.765625 0.8882211538461539 0.018028846153846152 0.020432692307692308
0 0.9158653846153846 0.8149038461538461 0.010817307692307692 0.018028846153846152
0 0.9375 0.8004807692307693 0.013221153846153846 0.010817307692307692
0 0.9867788461538461 0.6598557692307693 0.013221153846153846 0.018028846153846152
0 0.6875 0.8245192307692307 0.020432692307692308 0.02283653846153846