0 0.0625 0.09735576923076923 0.013221153846153846 0.018028846153846152
0 0.890625 0.375 0.007211538461538462 0.007211538461538462
0 0.8894230769230769 0.39663461538461536 0.018028846153846152 0.02283653846153846
0 0.9591346153846154 0.38341346153846156 0.013221153846153846 0.013221153846153846
0 0.9759615384615384 0.36177884615384615 0.007211538461538462 0.010817307692307692
0 0.8125 0.4723557692307692 0.013221153846153846 0.015625
0 0.859375 0.4651442307692308 0.010817307692307692 0.010817307692307692
0 0.6814903846153846 0.8185096153846154 0.020432692307692308 0.020432692307692308
0 0.7596153846153846 0.8822115384615384 0.020432692307692308 0.025240384615384616
0 0.9302884615384616 0.7932692307692307 0.008413461538461538 0.008413461538461538
0 0.90625 0.8088942307692307 0.015625 0.013221153846153846
0 0.7692307692307693 0.39783653846153844 0.020432692307692308 0.015625
0 0.009615384615384616 0.296875 0.007211538461538462 0.013221153846153846
0 0.3918269230769231 0.26802884615384615 0.013221153846153846 0.018028846153846152
0 0.3641826923076923 0.22355769230769232 0.010817307692307692 0.018028846153846152
0 0.6670673076923077 0.9771634615384616 0.008413461538461538 0.013221153846153846
0 0.8882211538461539 0.6875 0.007211538461538462 0.010817307692307692
0 0.6526442307692307 0.6141826923076923 0.018028846153846152 0.020432692307692308
0 0.6262019230769231 0.3737980769230769 0.018028846153846152 0.026442307692307692
0 0.8966346153846154 0.9471153846153846 0.018028846153846152 0.020432692307692308
0 0.8245192307692307 0.8100961538461539 0.008413461538461538 0.010817307692307692
0 0.8966346153846154 0.6069711538461539 0.008413461538461538 0.015625
0 0.6947115384615384 0.46033653846153844 0.015625 0.010817307692307692
0 0.8557692307692307 0.8317307692307693 0.013221153846153846 0.010817307692307692
0 0.65625 0.46153846153846156 0.015625 0.018028846153846152
0 0.14903846153846154 0.15264423076923078 0.018028846153846152 0.018028846153846152
0 0.2776442307692308 0.09014423076923077 0.010817307692307692 0.018028846153846152
0 0.1814903846153846 0.0985576923076923 0.015625 0.020432692307692308
0 0.9807692307692307 0.6586538461538461 0.010817307692307692 0.010817307692307692
0 0.5228365384615384 0.7223557692307693 0.013221153846153846 0.015625
0 0.7271634615384616 0.9375 0.013221153846153846 0.015625
0 0.6658653846153846 0.8461538461538461 0.010817307692307692 0.015625
0 0.9519230769230769 0.8509615384615384 0.010817307692307692 0.013221153846153846