0 0.9206730769230769 0.8125 0.013221153846153846 0.018028846153846152
0 0.8954326923076923 0.8617788461538461 0.010817307692307692 0.015625
0 0.8257211538461539 0.7668269230769231 0.010817307692307692 0.015625
0 0.7728365384615384 0.8497596153846154 0.018028846153846152 0.015625
0 0.5745192307692307 0.41947115384615385 0.008413461538461538 0.013221153846153846
0 0.2800480769230769 0.5444711538461539 0.020432692307692308 0.015625
0 0.11658653846153846 0.39302884615384615 0.020432692307692308 0.015625
0 0.14903846153846154 0.7415865384615384 0.018028846153846152 0.020432692307692308
0 0.6646634615384616 0.5649038461538461 0.026442307692307692 0.02283653846153846
0 0.9651442307692307 0.8173076923076923 0.015625 0.018028846153846152
0 0.36658653846153844 0.8389423076923077 0.020432692307692308 0.020432692307692308
0 0.29927884615384615 0.9014423076923077 0.02283653846153846 0.028846153846153848
0 0.296875 0.9711538461538461 0.026442307692307692 0.02283653846153846
0 0.15985576923076922 0.9375 0.026442307692307692 0.026442307692307692