0 0.5348557692307693 0.20072115384615385 0.028846153846153848 0.026442307692307692
0 0.9254807692307693 0.21394230769230768 0.02283653846153846 0.026442307692307692
0 0.96875 0.46634615384615385 0.013221153846153846 0.013221153846153846
0 0.8641826923076923 0.7355769230769231 0.015625 0.015625
0 0.8497596153846154 0.7451923076923077 0.010817307692307692 0.013221153846153846
0 0.8389423076923077 0.7596153846153846 0.010817307692307692 0.015625
0 0.8605769230769231 0.7680288461538461 0.013221153846153846 0.018028846153846152
0 0.8473557692307693 0.7896634615384616 0.013221153846153846 0.010817307692307692
0 0.8978365384615384 0.8377403846153846 0.015625 0.018028846153846152
0 0.9447115384615384 0.5973557692307693 0.015625 0.018028846153846152
0 0.9194711538461539 0.734375 0.013221153846153846 0.008413461538461538
0 0.8425480769230769 0.9867788461538461 0.018028846153846152 0.008413461538461538
0 0.7932692307692307 0.890625 0.013221153846153846 0.010817307692307692
0 0.8653846153846154 0.8834134615384616 0.018028846153846152 0.010817307692307692
0 0.8377403846153846 0.9110576923076923 0.008413461538461538 0.010817307692307692
0 0.8605769230769231 0.9254807692307693 0.008413461538461538 0.008413461538461538
0 0.8473557692307693 0.9375 0.013221153846153846 0.008413461538461538
0 0.8701923076923077 0.6586538461538461 0.007211538461538462 0.007211538461538462
0 0.8810096153846154 0.6526442307692307 0.008413461538461538 0.008413461538461538
0 0.8894230769230769 0.6658653846153846 0.013221153846153846 0.010817307692307692
0 0.9603365384615384 0.36899038461538464 0.025240384615384616 0.018028846153846152
0 0.7824519230769231 0.8100961538461539 0.028846153846153848 0.028846153846153848
0 0.5348557692307693 0.5564903846153846 0.028846153846153848 0.026442307692307692
0 0.9831730769230769 0.9795673076923077 0.015625 0.018028846153846152