0 0.9170673076923077 0.11057692307692307 0.008413461538461538 0.008413461538461538
0 0.5480769230769231 0.18870192307692307 0.010817307692307692 0.008413461538461538
0 0.36658653846153844 0.20072115384615385 0.015625 0.013221153846153846
0 0.14783653846153846 0.25240384615384615 0.010817307692307692 0.013221153846153846
0 0.18990384615384615 0.24759615384615385 0.007211538461538462 0.008413461538461538
0 0.20673076923076922 0.2512019230769231 0.008413461538461538 0.010817307692307692
0 0.0673076923076923 0.24519230769230768 0.013221153846153846 0.013221153846153846
0 0.45913461538461536 0.19471153846153846 0.013221153846153846 0.010817307692307692
0 0.4074519230769231 0.19471153846153846 0.013221153846153846 0.010817307692307692
0 0.9170673076923077 0.07451923076923077 0.013221153846153846 0.008413461538461538
0 0.9230769230769231 0.12620192307692307 0.008413461538461538 0.008413461538461538
0 0.9134615384615384 0.13701923076923078 0.010817307692307692 0.008413461538461538
0 0.9158653846153846 0.14783653846153846 0.007211538461538462 0.007211538461538462
0 0.9158653846153846 0.15985576923076922 0.010817307692307692 0.008413461538461538