0 0.6838942307692307 0.3918269230769231 0.020432692307692308 0.018028846153846152
0 0.6310096153846154 0.4651442307692308 0.013221153846153846 0.015625
0 0.6382211538461539 0.4735576923076923 0.015625 0.013221153846153846
0 0.6153846153846154 0.4483173076923077 0.013221153846153846 0.013221153846153846
0 0.5408653846153846 0.4266826923076923 0.013221153846153846 0.015625
0 0.6021634615384616 0.4411057692307692 0.010817307692307692 0.013221153846153846
0 0.5889423076923077 0.43028846153846156 0.010817307692307692 0.008413461538461538
0 0.5649038461538461 0.4338942307692308 0.013221153846153846 0.010817307692307692
0 0.5673076923076923 0.38341346153846156 0.008413461538461538 0.018028846153846152
0 0.5685096153846154 0.4110576923076923 0.010817307692307692 0.010817307692307692
0 0.5444711538461539 0.3858173076923077 0.010817307692307692 0.010817307692307692
0 0.5733173076923077 0.40024038461538464 0.015625 0.010817307692307692
0 0.5540865384615384 0.4050480769230769 0.013221153846153846 0.013221153846153846
0 0.5084134615384616 0.3701923076923077 0.013221153846153846 0.010817307692307692
0 0.5108173076923077 0.3545673076923077 0.013221153846153846 0.010817307692307692
0 0.5084134615384616 0.33774038461538464 0.010817307692307692 0.013221153846153846
0 0.5192307692307693 0.2704326923076923 0.015625 0.013221153846153846
0 0.49278846153846156 0.28846153846153844 0.008413461538461538 0.008413461538461538
0 0.5084134615384616 0.3125 0.010817307692307692 0.013221153846153846
0 0.5012019230769231 0.30288461538461536 0.015625 0.010817307692307692
0 0.6165865384615384 0.008413461538461538 0.008413461538461538 0.013221153846153846
0 0.6033653846153846 0.03125 0.008413461538461538 0.008413461538461538
0 0.6057692307692307 0.08533653846153846 0.013221153846153846 0.013221153846153846
0 0.5805288461538461 0.0733173076923077 0.013221153846153846 0.010817307692307692
0 0.6334134615384616 0.125 0.010817307692307692 0.010817307692307692
0 0.6826923076923077 0.08173076923076923 0.013221153846153846 0.015625
0 0.6490384615384616 0.0733173076923077 0.013221153846153846 0.010817307692307692
0 0.5985576923076923 0.056490384615384616 0.010817307692307692 0.013221153846153846
0 0.6262019230769231 0.039663461538461536 0.013221153846153846 0.010817307692307692
0 0.6694711538461539 0.038461538461538464 0.008413461538461538 0.008413461538461538
0 0.6790865384615384 0.028846153846153848 0.010817307692307692 0.013221153846153846
0 0.6694711538461539 0.02283653846153846 0.010817307692307692 0.008413461538461538
0 0.6370192307692307 0.13581730769230768 0.013221153846153846 0.010817307692307692
0 0.234375 0.055288461538461536 0.018028846153846152 0.025240384615384616
0 0.24879807692307693 0.10336538461538461 0.015625 0.013221153846153846
0 0.25240384615384615 0.15144230769230768 0.013221153846153846 0.010817307692307692
0 0.25240384615384615 0.16466346153846154 0.013221153846153846 0.008413461538461538
0 0.25240384615384615 0.17668269230769232 0.013221153846153846 0.007211538461538462
0 0.2548076923076923 0.18870192307692307 0.013221153846153846 0.008413461538461538
0 0.12379807692307693 0.008413461538461538 0.013221153846153846 0.013221153846153846
0 0.36658653846153844 0.3088942307692308 0.020432692307692308 0.02283653846153846
0 0.31971153846153844 0.24158653846153846 0.013221153846153846 0.010817307692307692
0 0.3137019230769231 0.25841346153846156 0.015625 0.010817307692307692
0 0.30649038461538464 0.21033653846153846 0.013221153846153846 0.015625
0 0.31971153846153844 0.42427884615384615 0.018028846153846152 0.015625
0 0.31490384615384615 0.4110576923076923 0.013221153846153846 0.015625
0 0.31009615384615385 0.3942307692307692 0.010817307692307692 0.013221153846153846
0 0.3137019230769231 0.3798076923076923 0.015625 0.015625
0 0.1622596153846154 0.5865384615384616 0.018028846153846152 0.020432692307692308
0 0.0733173076923077 0.6790865384615384 0.010817307692307692 0.015625
0 0.036057692307692304 0.6358173076923077 0.013221153846153846 0.015625
0 0.23918269230769232 0.6298076923076923 0.013221153846153846 0.015625
0 0.5420673076923077 0.7692307692307693 0.015625 0.010817307692307692
0 0.20552884615384615 0.20673076923076922 0.010817307692307692 0.018028846153846152
0 0.21033653846153846 0.22956730769230768 0.010817307692307692 0.018028846153846152
0 0.19591346153846154 0.2247596153846154 0.013221153846153846 0.018028846153846152
0 0.19951923076923078 0.2512019230769231 0.015625 0.015625
0 0.15985576923076922 0.3004807692307692 0.008413461538461538 0.015625
0 0.11658653846153846 0.7007211538461539 0.008413461538461538 0.008413461538461538
0 0.11538461538461539 0.6875 0.013221153846153846 0.010817307692307692
0 0.12620192307692307 0.6790865384615384 0.008413461538461538 0.010817307692307692
0 0.140625 0.6742788461538461 0.015625 0.010817307692307692
0 0.17307692307692307 0.6766826923076923 0.013221153846153846 0.010817307692307692
0 0.16105769230769232 0.6502403846153846 0.015625 0.015625
0 0.17427884615384615 0.6334134615384616 0.015625 0.010817307692307692
0 0.1141826923076923 0.9014423076923077 0.03365384615384615 0.026442307692307692
0 0.1141826923076923 0.9242788461538461 0.03365384615384615 0.020432692307692308
0 0.11298076923076923 0.953125 0.026442307692307692 0.02283653846153846
0 0.11177884615384616 0.9711538461538461 0.028846153846153848 0.018028846153846152
0 0.026442307692307692 0.8942307692307693 0.025240384615384616 0.018028846153846152
0 0.234375 0.9326923076923077 0.013221153846153846 0.018028846153846152
0 0.2247596153846154 0.9555288461538461 0.013221153846153846 0.015625
0 0.21995192307692307 0.9759615384615384 0.010817307692307692 0.015625
0 0.17067307692307693 0.8858173076923077 0.008413461538461538 0.010817307692307692
0 0.18990384615384615 0.921875 0.007211538461538462 0.010817307692307692
0 0.19110576923076922 0.953125 0.008413461538461538 0.008413461538461538
0 0.24158653846153846 0.9735576923076923 0.018028846153846152 0.015625
0 0.14302884615384615 0.984375 0.010817307692307692 0.013221153846153846
0 0.15504807692307693 0.9759615384615384 0.013221153846153846 0.010817307692307692
0 0.16826923076923078 0.9759615384615384 0.010817307692307692 0.010817307692307692
0 0.17908653846153846 0.9771634615384616 0.010817307692307692 0.008413461538461538
0 0.18990384615384615 0.9747596153846154 0.010817307692307692 0.013221153846153846
0 0.20793269230769232 0.8894230769230769 0.028846153846153848 0.026442307692307692
0 0.23677884615384615 0.8894230769230769 0.02283653846153846 0.02283653846153846
0 0.21033653846153846 0.921875 0.015625 0.015625
0 0.15384615384615385 0.9555288461538461 0.015625 0.013221153846153846
0 0.1778846153846154 0.9543269230769231 0.013221153846153846 0.010817307692307692
0 0.1658653846153846 0.9447115384615384 0.010817307692307692 0.010817307692307692
0 0.15745192307692307 0.8978365384615384 0.013221153846153846 0.010817307692307692
0 0.171875 0.9350961538461539 0.010817307692307692 0.013221153846153846
0 0.15504807692307693 0.9338942307692307 0.013221153846153846 0.010817307692307692
0 0.16346153846153846 0.9206730769230769 0.015625 0.013221153846153846
0 0.17668269230769232 0.9086538461538461 0.010817307692307692 0.010817307692307692
0 0.24519230769230768 0.8305288461538461 0.013221153846153846 0.013221153846153846
0 0.25 0.8197115384615384 0.013221153846153846 0.013221153846153846
0 0.2548076923076923 0.8064903846153846 0.008413461538461538 0.013221153846153846
0 0.24879807692307693 0.7944711538461539 0.010817307692307692 0.008413461538461538
0 0.24519230769230768 0.7716346153846154 0.008413461538461538 0.015625
0 0.25721153846153844 0.7740384615384616 0.008413461538461538 0.020432692307692308
0 0.25240384615384615 0.7548076923076923 0.013221153846153846 0.013221153846153846
0 0.2536057692307692 0.7079326923076923 0.010817307692307692 0.015625
0 0.2536057692307692 0.6911057692307693 0.010817307692307692 0.013221153846153846
0 0.24759615384615385 0.6502403846153846 0.013221153846153846 0.010817307692307692
0 0.24879807692307693 0.671875 0.010817307692307692 0.010817307692307692
0 0.13942307692307693 0.7439903846153846 0.013221153846153846 0.010817307692307692
0 0.1971153846153846 0.7439903846153846 0.015625 0.015625
0 0.19591346153846154 0.7848557692307693 0.013221153846153846 0.015625
0 0.0889423076923077 0.7175480769230769 0.015625 0.015625
0 0.0889423076923077 0.7379807692307693 0.015625 0.015625
0 0.08533653846153846 0.7560096153846154 0.018028846153846152 0.015625
0 0.08774038461538461 0.7764423076923077 0.018028846153846152 0.015625
0 0.09014423076923077 0.7956730769230769 0.02283653846153846 0.015625
0 0.08413461538461539 0.8137019230769231 0.015625 0.015625
0 0.16346153846153846 0.7776442307692307 0.015625 0.015625
0 0.021634615384615384 0.8125 0.010817307692307692 0.018028846153846152
0 0.019230769230769232 0.8305288461538461 0.015625 0.013221153846153846
0 0.037259615384615384 0.8269230769230769 0.015625 0.013221153846153846
0 0.057692307692307696 0.8221153846153846 0.020432692307692308 0.013221153846153846
0 0.0625 0.7007211538461539 0.015625 0.013221153846153846
0 0.056490384615384616 0.6838942307692307 0.018028846153846152 0.015625
0 0.09254807692307693 0.6694711538461539 0.013221153846153846 0.018028846153846152
0 0.09735576923076923 0.5805288461538461 0.013221153846153846 0.015625
0 0.0985576923076923 0.5985576923076923 0.015625 0.013221153846153846
0 0.09254807692307693 0.6334134615384616 0.013221153846153846 0.013221153846153846
0 0.30649038461538464 0.5889423076923077 0.013221153846153846 0.015625
0 0.32211538461538464 0.5865384615384616 0.013221153846153846 0.015625
0 0.3389423076923077 0.5865384615384616 0.015625 0.015625
0 0.3581730769230769 0.5853365384615384 0.013221153846153846 0.013221153846153846
0 0.3125 0.6117788461538461 0.015625 0.010817307692307692
0 0.3112980769230769 0.6286057692307693 0.013221153846153846 0.013221153846153846
0 0.31009615384615385 0.6466346153846154 0.015625 0.018028846153846152
0 0.3112980769230769 0.6670673076923077 0.018028846153846152 0.013221153846153846
0 0.3125 0.6838942307692307 0.018028846153846152 0.015625
0 0.33052884615384615 0.6730769230769231 0.015625 0.013221153846153846
0 0.35096153846153844 0.6778846153846154 0.018028846153846152 0.013221153846153846
0 0.38341346153846156 0.6875 0.013221153846153846 0.013221153846153846
0 0.5324519230769231 0.5985576923076923 0.025240384615384616 0.025240384615384616
0 0.5372596153846154 0.6201923076923077 0.015625 0.015625
0 0.53125 0.6394230769230769 0.018028846153846152 0.013221153846153846
0 0.5348557692307693 0.6598557692307693 0.020432692307692308 0.013221153846153846
0 0.6045673076923077 0.6057692307692307 0.010817307692307692 0.013221153846153846
0 0.6045673076923077 0.6237980769230769 0.010817307692307692 0.013221153846153846
0 0.6021634615384616 0.6430288461538461 0.015625 0.015625
0 0.5997596153846154 0.6598557692307693 0.015625 0.018028846153846152
0 0.6033653846153846 0.6887019230769231 0.013221153846153846 0.013221153846153846
0 0.6033653846153846 0.703125 0.008413461538461538 0.008413461538461538
0 0.6045673076923077 0.7175480769230769 0.010817307692307692 0.010817307692307692
0 0.5997596153846154 0.7463942307692307 0.015625 0.020432692307692308
0 0.13822115384615385 0.5096153846153846 0.025240384615384616 0.015625
0 0.21153846153846154 0.5168269230769231 0.018028846153846152 0.015625
0 0.22956730769230768 0.5168269230769231 0.018028846153846152 0.020432692307692308
0 0.008413461538461538 0.4987980769230769 0.013221153846153846 0.015625
0 0.02283653846153846 0.5024038461538461 0.013221153846153846 0.013221153846153846
0 0.025240384615384616 0.5180288461538461 0.013221153846153846 0.013221153846153846
0 0.020432692307692308 0.5384615384615384 0.018028846153846152 0.013221153846153846
0 0.008413461538461538 0.6670673076923077 0.015625 0.008413461538461538
0 0.03485576923076923 0.7007211538461539 0.015625 0.013221153846153846
0 0.007211538461538462 0.46153846153846156 0.013221153846153846 0.008413461538461538
0 0.025240384615384616 0.46153846153846156 0.008413461538461538 0.008413461538461538
0 0.04927884615384615 0.4579326923076923 0.013221153846153846 0.020432692307692308
0 0.06850961538461539 0.4567307692307692 0.015625 0.018028846153846152
0 0.08533653846153846 0.45913461538461536 0.013221153846153846 0.013221153846153846
0 0.10216346153846154 0.46033653846153844 0.015625 0.010817307692307692
0 0.125 0.46033653846153844 0.020432692307692308 0.010817307692307692
0 0.2512019230769231 0.40865384615384615 0.015625 0.020432692307692308
0 0.1935096153846154 0.38100961538461536 0.018028846153846152 0.013221153846153846
0 0.20552884615384615 0.27163461538461536 0.018028846153846152 0.015625
0 0.25600961538461536 0.21634615384615385 0.010817307692307692 0.013221153846153846
0 0.2536057692307692 0.2403846153846154 0.010817307692307692 0.010817307692307692
0 0.2548076923076923 0.2620192307692308 0.013221153846153846 0.010817307692307692
0 0.2536057692307692 0.3317307692307692 0.010817307692307692 0.010817307692307692
0 0.25240384615384615 0.3894230769230769 0.013221153846153846 0.013221153846153846
0 0.10697115384615384 0.038461538461538464 0.010817307692307692 0.013221153846153846
0 0.2536057692307692 0.020432692307692308 0.015625 0.018028846153846152
0 0.25240384615384615 0.040865384615384616 0.013221153846153846 0.013221153846153846
0 0.2536057692307692 0.06009615384615385 0.015625 0.015625
0 0.24879807692307693 0.07572115384615384 0.015625 0.010817307692307692
0 0.24759615384615385 0.0889423076923077 0.013221153846153846 0.010817307692307692
0 0.12740384615384615 0.02283653846153846 0.015625 0.013221153846153846
0 0.31009615384615385 0.1875 0.010817307692307692 0.010817307692307692
0 0.30649038461538464 0.16466346153846154 0.008413461538461538 0.013221153846153846
0 0.3088942307692308 0.1310096153846154 0.013221153846153846 0.018028846153846152
0 0.30288461538461536 0.11177884615384616 0.015625 0.015625
0 0.30408653846153844 0.078125 0.013221153846153846 0.010817307692307692
0 0.3125 0.09495192307692307 0.010817307692307692 0.013221153846153846
0 0.3112980769230769 0.06129807692307692 0.013221153846153846 0.013221153846153846
0 0.30528846153846156 0.03365384615384615 0.010817307692307692 0.013221153846153846
0 0.3112980769230769 0.01201923076923077 0.018028846153846152 0.015625
0 0.5444711538461539 0.016826923076923076 0.015625 0.020432692307692308
0 0.6057692307692307 0.11899038461538461 0.013221153846153846 0.013221153846153846
0 0.59375 0.14302884615384615 0.010817307692307692 0.010817307692307692
0 0.5841346153846154 0.15745192307692307 0.010817307692307692 0.008413461538461538
0 0.5805288461538461 0.17307692307692307 0.008413461538461538 0.013221153846153846
0 0.5853365384615384 0.18870192307692307 0.013221153846153846 0.013221153846153846
0 0.5973557692307693 0.20072115384615385 0.013221153846153846 0.013221153846153846
0 0.609375 0.20793269230769232 0.010817307692307692 0.010817307692307692
0 0.5925480769230769 0.22115384615384615 0.013221153846153846 0.013221153846153846
0 0.5685096153846154 0.22596153846153846 0.010817307692307692 0.010817307692307692
0 0.5625 0.24158653846153846 0.010817307692307692 0.013221153846153846
0 0.5492788461538461 0.2536057692307692 0.013221153846153846 0.010817307692307692
0 0.5336538461538461 0.2668269230769231 0.013221153846153846 0.010817307692307692
0 0.5360576923076923 0.31490384615384615 0.013221153846153846 0.008413461538461538
0 0.5384615384615384 0.33052884615384615 0.008413461538461538 0.010817307692307692
0 0.5072115384615384 0.7644230769230769 0.013221153846153846 0.010817307692307692
0 0.49158653846153844 0.7680288461538461 0.008413461538461538 0.013221153846153846
0 0.4735576923076923 0.7644230769230769 0.010817307692307692 0.010817307692307692
0 0.45552884615384615 0.7608173076923077 0.013221153846153846 0.013221153846153846
0 0.4338942307692308 0.7608173076923077 0.010817307692307692 0.008413461538461538
0 0.41947115384615385 0.7596153846153846 0.008413461538461538 0.007211538461538462
0 0.4014423076923077 0.7620192307692307 0.008413461538461538 0.007211538461538462
0 0.38221153846153844 0.7632211538461539 0.010817307692307692 0.013221153846153846
0 0.36538461538461536 0.7680288461538461 0.008413461538461538 0.008413461538461538
0 0.35336538461538464 0.7668269230769231 0.008413461538461538 0.010817307692307692
0 0.29927884615384615 0.8966346153846154 0.008413461538461538 0.013221153846153846
0 0.296875 0.9098557692307693 0.013221153846153846 0.008413461538461538
0 0.296875 0.921875 0.013221153846153846 0.010817307692307692
0 0.29447115384615385 0.9375 0.013221153846153846 0.008413461538461538
0 0.2956730769230769 0.9495192307692307 0.010817307692307692 0.010817307692307692
0 0.29447115384615385 0.96875 0.010817307692307692 0.013221153846153846
0 0.2956730769230769 0.984375 0.010817307692307692 0.013221153846153846
0 0.3233173076923077 0.9603365384615384 0.015625 0.010817307692307692
0 0.3473557692307692 0.9591346153846154 0.013221153846153846 0.008413461538461538
0 0.3641826923076923 0.9627403846153846 0.015625 0.010817307692307692
0 0.42427884615384615 0.9495192307692307 0.010817307692307692 0.010817307692307692
0 0.47115384615384615 0.9387019230769231 0.008413461538461538 0.013221153846153846
0 0.484375 0.9375 0.013221153846153846 0.013221153846153846
0 0.5144230769230769 0.9278846153846154 0.015625 0.013221153846153846
0 0.9507211538461539 0.008413461538461538 0.008413461538461538 0.007211538461538462
0 0.9735576923076923 0.2247596153846154 0.02283653846153846 0.018028846153846152
0 0.9735576923076923 0.2439903846153846 0.015625 0.015625
0 0.9435096153846154 0.31850961538461536 0.013221153846153846 0.015625
0 0.6850961538461539 0.3485576923076923 0.013221153846153846 0.013221153846153846
0 0.6911057692307693 0.34134615384615385 0.013221153846153846 0.015625
0 0.6971153846153846 0.25841346153846156 0.010817307692307692 0.013221153846153846
0 0.7151442307692307 0.21995192307692307 0.010817307692307692 0.010817307692307692
0 0.9483173076923077 0.9723557692307693 0.013221153846153846 0.015625