0 0.0625 0.8125 0.013221153846153846 0.018028846153846152
0 0.890625 0.5348557692307693 0.007211538461538462 0.007211538461538462
0 0.8894230769230769 0.5132211538461539 0.018028846153846152 0.02283653846153846
0 0.9591346153846154 0.5264423076923077 0.013221153846153846 0.013221153846153846
0 0.9759615384615384 0.5480769230769231 0.007211538461538462 0.010817307692307692
0 0.8125 0.4375 0.013221153846153846 0.015625
0 0.859375 0.44471153846153844 0.010817307692307692 0.010817307692307692
0 0.6814903846153846 0.09134615384615384 0.020432692307692308 0.020432692307692308
0 0.7596153846153846 0.027644230769230768 0.020432692307692308 0.025240384615384616
0 0.9302884615384616 0.11658653846153846 0.008413461538461538 0.008413461538461538
0 0.90625 0.10096153846153846 0.015625 0.013221153846153846
0 0.7692307692307693 0.5120192307692307 0.020432692307692308 0.015625
0 0.009615384615384616 0.6129807692307693 0.007211538461538462 0.013221153846153846
0 0.3918269230769231 0.6418269230769231 0.013221153846153846 0.018028846153846152
0 0.3641826923076923 0.6875 0.010817307692307692 0.018028846153846152
0 0.8882211538461539 0.22235576923076922 0.007211538461538462 0.010817307692307692
0 0.6526442307692307 0.2956730769230769 0.018028846153846152 0.020432692307692308
0 0.6262019230769231 0.5360576923076923 0.018028846153846152 0.026442307692307692
0 0.8245192307692307 0.09975961538461539 0.008413461538461538 0.010817307692307692
0 0.8966346153846154 0.30288461538461536 0.008413461538461538 0.015625
0 0.6947115384615384 0.4495192307692308 0.015625 0.010817307692307692
0 0.8557692307692307 0.078125 0.013221153846153846 0.010817307692307692
0 0.65625 0.4483173076923077 0.015625 0.018028846153846152
0 0.14903846153846154 0.7572115384615384 0.018028846153846152 0.018028846153846152
0 0.2776442307692308 0.8197115384615384 0.010817307692307692 0.018028846153846152
0 0.1814903846153846 0.8125 0.015625 0.020432692307692308
0 0.9807692307692307 0.2512019230769231 0.010817307692307692 0.010817307692307692
0 0.5228365384615384 0.1875 0.013221153846153846 0.015625
0 0.6658653846153846 0.06370192307692307 0.010817307692307692 0.015625
0 0.9519230769230769 0.05889423076923077 0.010817307692307692 0.013221153846153846