0 0.7980769230769231 0.8449519230769231 0.010817307692307692 0.008413461538461538
0 0.8161057692307693 0.8569711538461539 0.010817307692307692 0.010817307692307692
0 0.8257211538461539 0.6310096153846154 0.020432692307692308 0.02283653846153846
0 0.71875 0.5480769230769231 0.008413461538461538 0.007211538461538462
0 0.7355769230769231 0.5480769230769231 0.010817307692307692 0.010817307692307692
0 0.7235576923076923 0.5637019230769231 0.008413461538461538 0.010817307692307692
0 0.6213942307692307 0.6105769230769231 0.013221153846153846 0.013221153846153846
0 0.8665865384615384 0.15745192307692307 0.013221153846153846 0.018028846153846152
0 0.8762019230769231 0.14302884615384615 0.004807692307692308 0.007211538461538462
0 0.9555288461538461 0.17307692307692307 0.010817307692307692 0.008413461538461538
0 0.9026442307692307 0.13822115384615385 0.013221153846153846 0.010817307692307692
0 0.9519230769230769 0.18870192307692307 0.010817307692307692 0.008413461538461538
0 0.9507211538461539 0.20072115384615385 0.013221153846153846 0.004807692307692308
0 0.9110576923076923 0.030048076923076924 0.010817307692307692 0.010817307692307692
0 0.9411057692307693 0.014423076923076924 0.013221153846153846 0.010817307692307692
0 0.9110576923076923 0.05889423076923077 0.010817307692307692 0.008413461538461538
0 0.9014423076923077 0.09975961538461539 0.013221153846153846 0.010817307692307692
0 0.7403846153846154 0.037259615384615384 0.020432692307692308 0.010817307692307692
0 0.6334134615384616 0.027644230769230768 0.013221153846153846 0.010817307692307692
0 0.6610576923076923 0.027644230769230768 0.010817307692307692 0.007211538461538462
0 0.6334134615384616 0.04927884615384615 0.010817307692307692 0.008413461538461538
0 0.6322115384615384 0.06850961538461539 0.010817307692307692 0.010817307692307692
0 0.33413461538461536 0.2247596153846154 0.010817307692307692 0.008413461538461538
0 0.296875 0.2091346153846154 0.008413461538461538 0.008413461538461538
0 0.6358173076923077 0.18269230769230768 0.010817307692307692 0.008413461538461538
0 0.1778846153846154 0.71875 0.013221153846153846 0.013221153846153846
0 0.6274038461538461 0.3557692307692308 0.020432692307692308 0.02283653846153846