0 0.052884615384615384 0.02403846153846154 0.007211538461538462 0.007211538461538462
0 0.05048076923076923 0.038461538461538464 0.007211538461538462 0.013221153846153846
0 0.0889423076923077 0.008413461538461538 0.010817307692307692 0.010817307692307692
0 0.09254807692307693 0.021634615384615384 0.013221153846153846 0.007211538461538462
0 0.08774038461538461 0.039663461538461536 0.018028846153846152 0.015625
0 0.09254807692307693 0.15144230769230768 0.013221153846153846 0.015625
0 0.5012019230769231 0.007211538461538462 0.010817307692307692 0.013221153846153846
0 0.0985576923076923 0.05889423076923077 0.015625 0.013221153846153846
0 0.09735576923076923 0.07451923076923077 0.013221153846153846 0.008413461538461538
0 0.10096153846153846 0.0889423076923077 0.008413461538461538 0.010817307692307692
0 0.08413461538461539 0.0985576923076923 0.015625 0.010817307692307692
0 0.10096153846153846 0.1045673076923077 0.008413461538461538 0.015625
0 0.25841346153846156 0.11057692307692307 0.018028846153846152 0.013221153846153846
0 0.34375 0.07692307692307693 0.010817307692307692 0.013221153846153846
0 0.375 0.037259615384615384 0.015625 0.015625
0 0.39302884615384615 0.06850961538461539 0.010817307692307692 0.010817307692307692
0 0.4387019230769231 0.0625 0.013221153846153846 0.010817307692307692
0 0.4326923076923077 0.013221153846153846 0.013221153846153846 0.013221153846153846
0 0.04927884615384615 0.13341346153846154 0.008413461538461538 0.007211538461538462
0 0.05048076923076923 0.14543269230769232 0.007211538461538462 0.010817307692307692
0 0.051682692307692304 0.16826923076923078 0.008413461538461538 0.010817307692307692
0 0.05048076923076923 0.1875 0.010817307692307692 0.015625
0 0.051682692307692304 0.21153846153846154 0.008413461538461538 0.013221153846153846
0 0.05048076923076923 0.23197115384615385 0.010817307692307692 0.013221153846153846
0 0.04807692307692308 0.24278846153846154 0.010817307692307692 0.008413461538461538
0 0.04807692307692308 0.2548076923076923 0.007211538461538462 0.008413461538461538
0 0.04567307692307692 0.2644230769230769 0.010817307692307692 0.007211538461538462
0 0.04927884615384615 0.2764423076923077 0.008413461538461538 0.010817307692307692
0 0.04807692307692308 0.28846153846153844 0.010817307692307692 0.008413461538461538
0 0.04927884615384615 0.2980769230769231 0.008413461538461538 0.010817307692307692
0 0.04567307692307692 0.31009615384615385 0.010817307692307692 0.010817307692307692
0 0.04927884615384615 0.31971153846153844 0.008413461538461538 0.008413461538461538
0 0.04567307692307692 0.33052884615384615 0.010817307692307692 0.010817307692307692
0 0.051682692307692304 0.3425480769230769 0.013221153846153846 0.013221153846153846
0 0.0889423076923077 0.18269230769230768 0.015625 0.013221153846153846
0 0.09375 0.19831730769230768 0.015625 0.013221153846153846
0 0.09134615384615384 0.2091346153846154 0.015625 0.008413461538461538
0 0.09134615384615384 0.21995192307692307 0.015625 0.010817307692307692
0 0.09375 0.234375 0.010817307692307692 0.013221153846153846
0 0.09014423076923077 0.24759615384615385 0.013221153846153846 0.013221153846153846
0 0.0889423076923077 0.27163461538461536 0.015625 0.015625
0 0.09014423076923077 0.29447115384615385 0.02283653846153846 0.013221153846153846
0 0.09495192307692307 0.3137019230769231 0.018028846153846152 0.010817307692307692
0 0.08653846153846154 0.3233173076923077 0.020432692307692308 0.010817307692307692
0 0.21394230769230768 0.24158653846153846 0.008413461538461538 0.013221153846153846
0 0.21394230769230768 0.33052884615384615 0.013221153846153846 0.015625
0 0.3605769230769231 0.12259615384615384 0.018028846153846152 0.020432692307692308
0 0.41225961538461536 0.1201923076923077 0.018028846153846152 0.015625
0 0.19591346153846154 0.15384615384615385 0.018028846153846152 0.015625
0 0.17427884615384615 0.16466346153846154 0.015625 0.018028846153846152
0 0.14903846153846154 0.1658653846153846 0.013221153846153846 0.010817307692307692
0 0.006009615384615385 0.11899038461538461 0.010817307692307692 0.013221153846153846
0 0.006009615384615385 0.23557692307692307 0.010817307692307692 0.015625
0 0.14783653846153846 0.3545673076923077 0.025240384615384616 0.025240384615384616
0 0.13701923076923078 0.4338942307692308 0.018028846153846152 0.03365384615384615
0 0.08774038461538461 0.3581730769230769 0.018028846153846152 0.018028846153846152
0 0.0889423076923077 0.38341346153846156 0.010817307692307692 0.015625
0 0.08774038461538461 0.40024038461538464 0.018028846153846152 0.010817307692307692
0 0.08533653846153846 0.41466346153846156 0.018028846153846152 0.013221153846153846
0 0.09134615384615384 0.4254807692307692 0.007211538461538462 0.008413461538461538
0 0.08653846153846154 0.43990384615384615 0.015625 0.010817307692307692
0 0.09254807692307693 0.45072115384615385 0.013221153846153846 0.008413461538461538
0 0.08653846153846154 0.4675480769230769 0.025240384615384616 0.020432692307692308
0 0.08653846153846154 0.49158653846153844 0.015625 0.020432692307692308
0 0.08774038461538461 0.5096153846153846 0.013221153846153846 0.010817307692307692
0 0.08653846153846154 0.5240384615384616 0.020432692307692308 0.020432692307692308
0 0.08653846153846154 0.5649038461538461 0.010817307692307692 0.008413461538461538
0 0.0829326923076923 0.5769230769230769 0.018028846153846152 0.013221153846153846
0 0.08533653846153846 0.5901442307692307 0.018028846153846152 0.013221153846153846
0 0.0829326923076923 0.6057692307692307 0.02283653846153846 0.013221153846153846
0 0.08052884615384616 0.6189903846153846 0.018028846153846152 0.013221153846153846
0 0.04567307692307692 0.3605769230769231 0.010817307692307692 0.013221153846153846
0 0.046875 0.3737980769230769 0.013221153846153846 0.008413461538461538
0 0.04927884615384615 0.38341346153846156 0.008413461538461538 0.010817307692307692
0 0.04447115384615385 0.3942307692307692 0.013221153846153846 0.008413461538461538
0 0.04927884615384615 0.4050480769230769 0.013221153846153846 0.013221153846153846
0 0.04567307692307692 0.4170673076923077 0.010817307692307692 0.008413461538461538
0 0.04447115384615385 0.4266826923076923 0.013221153846153846 0.010817307692307692
0 0.046875 0.4411057692307692 0.008413461538461538 0.008413461538461538
0 0.046875 0.4519230769230769 0.013221153846153846 0.010817307692307692
0 0.046875 0.4639423076923077 0.008413461538461538 0.008413461538461538
0 0.051682692307692304 0.4735576923076923 0.008413461538461538 0.007211538461538462
0 0.046875 0.4807692307692308 0.004807692307692308 0.007211538461538462
0 0.05048076923076923 0.49158653846153844 0.010817307692307692 0.010817307692307692
0 0.046875 0.5084134615384616 0.008413461538461538 0.015625
0 0.046875 0.5276442307692307 0.013221153846153846 0.020432692307692308
0 0.04567307692307692 0.5480769230769231 0.007211538461538462 0.015625
0 0.04447115384615385 0.5649038461538461 0.008413461538461538 0.013221153846153846
0 0.04807692307692308 0.578125 0.010817307692307692 0.007211538461538462
0 0.04447115384615385 0.59375 0.008413461538461538 0.010817307692307692
0 0.04807692307692308 0.6021634615384616 0.010817307692307692 0.007211538461538462
0 0.046875 0.6117788461538461 0.008413461538461538 0.010817307692307692
0 0.004807692307692308 0.36658653846153844 0.009615384615384616 0.013221153846153846
0 0.004807692307692308 0.38341346153846156 0.009615384615384616 0.013221153846153846
0 0.008413461538461538 0.43990384615384615 0.007211538461538462 0.010817307692307692
0 0.004807692307692308 0.515625 0.009615384615384616 0.009615384615384616
0 0.006009615384615385 0.5889423076923077 0.007211538461538462 0.015625
0 0.04567307692307692 0.625 0.015625 0.010817307692307692
0 0.04567307692307692 0.6466346153846154 0.010817307692307692 0.013221153846153846
0 0.04567307692307692 0.6598557692307693 0.010817307692307692 0.013221153846153846
0 0.04447115384615385 0.6730769230769231 0.013221153846153846 0.013221153846153846
0 0.04807692307692308 0.6875 0.010817307692307692 0.015625
0 0.04807692307692308 0.7103365384615384 0.015625 0.015625
0 0.04567307692307692 0.7235576923076923 0.010817307692307692 0.010817307692307692
0 0.04807692307692308 0.734375 0.010817307692307692 0.008413461538461538
0 0.04567307692307692 0.7439903846153846 0.010817307692307692 0.010817307692307692
0 0.04567307692307692 0.7560096153846154 0.010817307692307692 0.010817307692307692
0 0.04567307692307692 0.7752403846153846 0.010817307692307692 0.008413461538461538
0 0.08774038461538461 0.6358173076923077 0.018028846153846152 0.010817307692307692
0 0.08533653846153846 0.6514423076923077 0.026442307692307692 0.018028846153846152
0 0.0889423076923077 0.6694711538461539 0.020432692307692308 0.013221153846153846
0 0.09134615384615384 0.6826923076923077 0.015625 0.013221153846153846
0 0.0889423076923077 0.6947115384615384 0.020432692307692308 0.010817307692307692
0 0.08533653846153846 0.7103365384615384 0.03125 0.015625
0 0.13581730769230768 0.5060096153846154 0.015625 0.015625
0 0.10096153846153846 0.5444711538461539 0.008413461538461538 0.010817307692307692
0 0.11298076923076923 0.5444711538461539 0.008413461538461538 0.010817307692307692
0 0.11298076923076923 0.5540865384615384 0.008413461538461538 0.013221153846153846
0 0.109375 0.6237980769230769 0.010817307692307692 0.008413461538461538
0 0.0889423076923077 0.7271634615384616 0.020432692307692308 0.018028846153846152
0 0.0889423076923077 0.7487980769230769 0.03365384615384615 0.015625
0 0.09014423076923077 0.7644230769230769 0.026442307692307692 0.010817307692307692
0 0.09014423076923077 0.7788461538461539 0.02283653846153846 0.013221153846153846
0 0.09375 0.7932692307692307 0.015625 0.013221153846153846
0 0.09254807692307693 0.8076923076923077 0.018028846153846152 0.015625
0 0.046875 0.7944711538461539 0.008413461538461538 0.015625
0 0.04807692307692308 0.8185096153846154 0.015625 0.015625
0 0.25841346153846156 0.17067307692307693 0.010817307692307692 0.018028846153846152
0 0.19471153846153846 0.43149038461538464 0.015625 0.015625
0 0.046875 0.8401442307692307 0.008413461538461538 0.013221153846153846
0 0.04447115384615385 0.8605769230769231 0.013221153846153846 0.013221153846153846
0 0.04447115384615385 0.8834134615384616 0.008413461538461538 0.008413461538461538
0 0.004807692307692308 0.7860576923076923 0.009615384615384616 0.013221153846153846
0 0.001201923076923077 0.890625 0.002403846153846154 0.010817307692307692
0 0.08173076923076923 0.84375 0.020432692307692308 0.015625
0 0.08653846153846154 0.8605769230769231 0.010817307692307692 0.013221153846153846
0 0.08052884615384616 0.8774038461538461 0.018028846153846152 0.010817307692307692
0 0.0829326923076923 0.8918269230769231 0.013221153846153846 0.013221153846153846
0 0.09615384615384616 0.9086538461538461 0.010817307692307692 0.010817307692307692
0 0.11057692307692307 0.9098557692307693 0.013221153846153846 0.013221153846153846
0 0.12860576923076922 0.9074519230769231 0.013221153846153846 0.013221153846153846
0 0.14903846153846154 0.9122596153846154 0.013221153846153846 0.013221153846153846
0 0.1622596153846154 0.9074519230769231 0.013221153846153846 0.013221153846153846
0 0.1778846153846154 0.9110576923076923 0.013221153846153846 0.015625
0 0.19230769230769232 0.9098557692307693 0.015625 0.013221153846153846
0 0.2091346153846154 0.9098557692307693 0.013221153846153846 0.013221153846153846
0 0.15144230769230768 0.8545673076923077 0.015625 0.015625
0 0.12259615384615384 0.7151442307692307 0.010817307692307692 0.010817307692307692
0 0.13581730769230768 0.7151442307692307 0.010817307692307692 0.010817307692307692
0 0.13581730769230768 0.7283653846153846 0.010817307692307692 0.010817307692307692
0 0.15144230769230768 0.703125 0.008413461538461538 0.008413461538461538
0 0.1622596153846154 0.7055288461538461 0.013221153846153846 0.010817307692307692
0 0.2439903846153846 0.9110576923076923 0.015625 0.015625
0 0.2608173076923077 0.9122596153846154 0.013221153846153846 0.013221153846153846
0 0.2764423076923077 0.9122596153846154 0.010817307692307692 0.013221153846153846
0 0.28846153846153844 0.9098557692307693 0.013221153846153846 0.013221153846153846
0 0.30288461538461536 0.9122596153846154 0.010817307692307692 0.013221153846153846
0 0.31490384615384615 0.9110576923076923 0.013221153846153846 0.015625
0 0.328125 0.9158653846153846 0.010817307692307692 0.010817307692307692
0 0.3425480769230769 0.9146634615384616 0.013221153846153846 0.013221153846153846
0 0.38341346153846156 0.9122596153846154 0.010817307692307692 0.013221153846153846
0 0.4014423076923077 0.9122596153846154 0.013221153846153846 0.013221153846153846
0 0.4266826923076923 0.9098557692307693 0.010817307692307692 0.008413461538461538
0 0.25240384615384615 0.22956730769230768 0.013221153846153846 0.013221153846153846
0 0.2860576923076923 0.16947115384615385 0.008413461538461538 0.010817307692307692
0 0.4387019230769231 0.07692307692307693 0.013221153846153846 0.013221153846153846
0 0.45913461538461536 0.05048076923076923 0.013221153846153846 0.015625
0 0.5060096153846154 0.09134615384615384 0.010817307692307692 0.010817307692307692
0 0.5060096153846154 0.1045673076923077 0.010817307692307692 0.010817307692307692
0 0.4891826923076923 0.3088942307692308 0.013221153846153846 0.013221153846153846
0 0.5637019230769231 0.3112980769230769 0.010817307692307692 0.013221153846153846
0 0.6057692307692307 0.20793269230769232 0.008413461538461538 0.010817307692307692
0 0.5829326923076923 0.234375 0.013221153846153846 0.013221153846153846
0 0.4375 0.3641826923076923 0.013221153846153846 0.010817307692307692
0 0.6382211538461539 0.71875 0.015625 0.013221153846153846
0 0.6814903846153846 0.6370192307692307 0.010817307692307692 0.013221153846153846
0 0.6875 0.6237980769230769 0.008413461538461538 0.013221153846153846
0 0.7139423076923077 0.6346153846153846 0.013221153846153846 0.013221153846153846
0 0.734375 0.6622596153846154 0.013221153846153846 0.013221153846153846
0 0.7367788461538461 0.6790865384615384 0.013221153846153846 0.010817307692307692
0 0.703125 0.6081730769230769 0.013221153846153846 0.013221153846153846
0 0.6923076923076923 0.5528846153846154 0.015625 0.015625
0 0.7271634615384616 0.46274038461538464 0.008413461538461538 0.010817307692307692
0 0.6766826923076923 0.47836538461538464 0.010817307692307692 0.010817307692307692
0 0.7151442307692307 0.47716346153846156 0.010817307692307692 0.008413461538461538
0 0.7271634615384616 0.4795673076923077 0.008413461538461538 0.008413461538461538
0 0.49038461538461536 0.2848557692307692 0.010817307692307692 0.010817307692307692
0 0.7944711538461539 0.44591346153846156 0.018028846153846152 0.018028846153846152
0 0.9435096153846154 0.30408653846153844 0.013221153846153846 0.018028846153846152
0 0.6790865384615384 0.5733173076923077 0.010817307692307692 0.010817307692307692
0 0.8004807692307693 0.8004807692307693 0.015625 0.015625
0 0.9735576923076923 0.9194711538461539 0.010817307692307692 0.010817307692307692
0 0.9555288461538461 0.9170673076923077 0.008413461538461538 0.008413461538461538
0 0.9435096153846154 0.9182692307692307 0.013221153846153846 0.010817307692307692
0 0.9266826923076923 0.9182692307692307 0.007211538461538462 0.010817307692307692
0 0.9158653846153846 0.9158653846153846 0.010817307692307692 0.010817307692307692
0 0.9002403846153846 0.9170673076923077 0.010817307692307692 0.008413461538461538
0 0.8846153846153846 0.9170673076923077 0.008413461538461538 0.008413461538461538
0 0.859375 0.9194711538461539 0.010817307692307692 0.008413461538461538
0 0.8425480769230769 0.9158653846153846 0.008413461538461538 0.010817307692307692
0 0.8293269230769231 0.9170673076923077 0.008413461538461538 0.008413461538461538
0 0.8040865384615384 0.9158653846153846 0.008413461538461538 0.007211538461538462
0 0.7596153846153846 0.9170673076923077 0.010817307692307692 0.008413461538461538
0 0.9194711538461539 0.7980769230769231 0.008413461538461538 0.010817307692307692
0 0.6730769230769231 0.859375 0.008413461538461538 0.010817307692307692
0 0.6826923076923077 0.8497596153846154 0.008413461538461538 0.007211538461538462
0 0.7127403846153846 0.8389423076923077 0.010817307692307692 0.010817307692307692
0 0.7463942307692307 0.8485576923076923 0.010817307692307692 0.010817307692307692
0 0.7872596153846154 0.8365384615384616 0.010817307692307692 0.010817307692307692
0 0.9290865384615384 0.9014423076923077 0.010817307692307692 0.010817307692307692
0 0.9399038461538461 0.8125 0.010817307692307692 0.010817307692307692
0 0.9435096153846154 0.8004807692307693 0.013221153846153846 0.010817307692307692
0 0.9435096153846154 0.7908653846153846 0.013221153846153846 0.013221153846153846
0 0.9555288461538461 0.7872596153846154 0.010817307692307692 0.010817307692307692
0 0.9675480769230769 0.7884615384615384 0.010817307692307692 0.013221153846153846
0 0.9699519230769231 0.8233173076923077 0.010817307692307692 0.010817307692307692
0 0.9819711538461539 0.8112980769230769 0.013221153846153846 0.008413461538461538
0 0.6935096153846154 0.9146634615384616 0.008413461538461538 0.008413461538461538
0 0.6682692307692307 0.9110576923076923 0.010817307692307692 0.010817307692307692
0 0.9747596153846154 0.2644230769230769 0.013221153846153846 0.020432692307692308
0 0.875 0.11899038461538461 0.010817307692307692 0.013221153846153846
0 0.6875 0.027644230769230768 0.015625 0.010817307692307692
0 0.6021634615384616 0.026442307692307692 0.010817307692307692 0.010817307692307692
0 0.75 0.014423076923076924 0.008413461538461538 0.010817307692307692
0 0.7980769230769231 0.03365384615384615 0.010817307692307692 0.013221153846153846
0 0.9819711538461539 0.9771634615384616 0.013221153846153846 0.008413461538461538
0 0.9555288461538461 0.9771634615384616 0.010817307692307692 0.008413461538461538
0 0.9675480769230769 0.9795673076923077 0.010817307692307692 0.008413461538461538
0 0.9411057692307693 0.9783653846153846 0.013221153846153846 0.010817307692307692
0 0.9230769230769231 0.9783653846153846 0.013221153846153846 0.010817307692307692
0 0.9098557692307693 0.9771634615384616 0.008413461538461538 0.008413461538461538
0 0.9014423076923077 0.9771634615384616 0.008413461538461538 0.013221153846153846
0 0.8858173076923077 0.9759615384615384 0.010817307692307692 0.010817307692307692
0 0.8713942307692307 0.9735576923076923 0.013221153846153846 0.010817307692307692
0 0.8413461538461539 0.9747596153846154 0.010817307692307692 0.013221153846153846
0 0.8185096153846154 0.9759615384615384 0.010817307692307692 0.010817307692307692
0 0.7872596153846154 0.9735576923076923 0.010817307692307692 0.010817307692307692
0 0.7764423076923077 0.9759615384615384 0.010817307692307692 0.010817307692307692
0 0.7632211538461539 0.9735576923076923 0.008413461538461538 0.010817307692307692
0 0.7487980769230769 0.9747596153846154 0.015625 0.013221153846153846
0 0.7259615384615384 0.9747596153846154 0.015625 0.008413461538461538
0 0.6911057692307693 0.9723557692307693 0.013221153846153846 0.007211538461538462
0 0.5288461538461539 0.9867788461538461 0.018028846153846152 0.018028846153846152
0 0.5420673076923077 0.9723557692307693 0.010817307692307692 0.010817307692307692
0 0.4675480769230769 0.9747596153846154 0.015625 0.013221153846153846
0 0.7079326923076923 0.3293269230769231 0.010817307692307692 0.013221153846153846
0 0.6947115384615384 0.32091346153846156 0.010817307692307692 0.010817307692307692
0 0.44350961538461536 0.9735576923076923 0.018028846153846152 0.013221153846153846
0 0.4254807692307692 0.9723557692307693 0.013221153846153846 0.010817307692307692
0 0.4014423076923077 0.9723557692307693 0.010817307692307692 0.010817307692307692
0 0.38822115384615385 0.9735576923076923 0.010817307692307692 0.010817307692307692
0 0.3701923076923077 0.9735576923076923 0.010817307692307692 0.010817307692307692
0 0.10216346153846154 0.9699519230769231 0.038461538461538464 0.015625
0 0.140625 0.9699519230769231 0.020432692307692308 0.015625
0 0.16466346153846154 0.9699519230769231 0.018028846153846152 0.015625
0 0.18269230769230768 0.9723557692307693 0.018028846153846152 0.015625
0 0.203125 0.9711538461538461 0.013221153846153846 0.013221153846153846
0 0.21754807692307693 0.9735576923076923 0.015625 0.013221153846153846
0 0.24158653846153846 0.9723557692307693 0.020432692307692308 0.015625
0 0.265625 0.9723557692307693 0.018028846153846152 0.015625
0 0.2932692307692308 0.9735576923076923 0.02283653846153846 0.015625
0 0.3112980769230769 0.9735576923076923 0.013221153846153846 0.013221153846153846
0 0.3293269230769231 0.9723557692307693 0.018028846153846152 0.015625
0 0.3473557692307692 0.9735576923076923 0.013221153846153846 0.015625
0 0.3605769230769231 0.9771634615384616 0.013221153846153846 0.018028846153846152
0 0.07932692307692307 0.984375 0.018028846153846152 0.013221153846153846
0 0.04447115384615385 0.9915865384615384 0.010817307692307692 0.010817307692307692
0 0.9579326923076923 0.8521634615384616 0.010817307692307692 0.010817307692307692