0 0.8942307692307693 0.026442307692307692 0.013221153846153846 0.015625
0 0.7391826923076923 0.027644230769230768 0.013221153846153846 0.010817307692307692
0 0.7536057692307693 0.026442307692307692 0.010817307692307692 0.013221153846153846
0 0.796875 0.018028846153846152 0.008413461538461538 0.004807692307692308
0 0.78125 0.014423076923076924 0.008413461538461538 0.007211538461538462
0 0.828125 0.08052884615384616 0.015625 0.015625
0 0.7788461538461539 0.08052884615384616 0.008413461538461538 0.007211538461538462
0 0.7896634615384616 0.0829326923076923 0.010817307692307692 0.008413461538461538
0 0.8125 0.09495192307692307 0.010817307692307692 0.008413461538461538
0 0.8677884615384616 0.08413461538461539 0.010817307692307692 0.010817307692307692
0 0.8605769230769231 0.10576923076923077 0.013221153846153846 0.008413461538461538
0 0.9002403846153846 0.08052884615384616 0.010817307692307692 0.015625
0 0.9194711538461539 0.08052884615384616 0.008413461538461538 0.013221153846153846
0 0.9399038461538461 0.07692307692307693 0.015625 0.008413461538461538
0 0.9567307692307693 0.0829326923076923 0.013221153846153846 0.013221153846153846
0 0.9579326923076923 0.23076923076923078 0.015625 0.010817307692307692
0 0.9423076923076923 0.21754807692307693 0.010817307692307692 0.010817307692307692
0 0.6742788461538461 0.203125 0.015625 0.013221153846153846
0 0.6177884615384616 0.08653846153846154 0.015625 0.015625
0 0.6598557692307693 0.11538461538461539 0.013221153846153846 0.008413461538461538
0 0.6682692307692307 0.17427884615384615 0.010817307692307692 0.007211538461538462
0 0.6694711538461539 0.16466346153846154 0.010817307692307692 0.008413461538461538
0 0.6706730769230769 0.15144230769230768 0.008413461538461538 0.010817307692307692
0 0.6766826923076923 0.13822115384615385 0.010817307692307692 0.015625
0 0.6478365384615384 0.22115384615384615 0.010817307692307692 0.013221153846153846
0 0.6298076923076923 0.22115384615384615 0.010817307692307692 0.008413461538461538
0 0.5817307692307693 0.21995192307692307 0.010817307692307692 0.010817307692307692
0 0.5612980769230769 0.22235576923076922 0.013221153846153846 0.015625
0 0.5384615384615384 0.22235576923076922 0.008413461538461538 0.007211538461538462
0 0.59375 0.3016826923076923 0.010817307692307692 0.013221153846153846
0 0.4675480769230769 0.14182692307692307 0.010817307692307692 0.013221153846153846
0 0.4831730769230769 0.13701923076923078 0.007211538461538462 0.013221153846153846
0 0.4963942307692308 0.13581730769230768 0.010817307692307692 0.015625
0 0.44591346153846156 0.12860576923076922 0.013221153846153846 0.013221153846153846
0 0.45072115384615385 0.1045673076923077 0.008413461538461538 0.007211538461538462
0 0.4519230769230769 0.08774038461538461 0.010817307692307692 0.013221153846153846
0 0.49278846153846156 0.08774038461538461 0.008413461538461538 0.013221153846153846
0 0.5108173076923077 0.08653846153846154 0.008413461538461538 0.010817307692307692
0 0.42788461538461536 0.11899038461538461 0.008413461538461538 0.013221153846153846
0 0.14543269230769232 0.10216346153846154 0.007211538461538462 0.007211538461538462
0 0.1502403846153846 0.08533653846153846 0.007211538461538462 0.008413461538461538
0 0.27884615384615385 0.15504807692307693 0.013221153846153846 0.013221153846153846
0 0.27283653846153844 0.16826923076923078 0.013221153846153846 0.010817307692307692
0 0.25240384615384615 0.15264423076923078 0.008413461538461538 0.013221153846153846
0 0.27403846153846156 0.13581730769230768 0.010817307692307692 0.010817307692307692
0 0.28365384615384615 0.12379807692307693 0.008413461538461538 0.008413461538461538
0 0.5444711538461539 0.12139423076923077 0.008413461538461538 0.008413461538461538
0 0.6021634615384616 0.11778846153846154 0.010817307692307692 0.015625
0 0.5877403846153846 0.0889423076923077 0.013221153846153846 0.010817307692307692
0 0.4375 0.5036057692307693 0.013221153846153846 0.015625
0 0.5673076923076923 0.47716346153846156 0.008413461538461538 0.008413461538461538
0 0.5925480769230769 0.5060096153846154 0.013221153846153846 0.020432692307692308
0 0.6646634615384616 0.4735576923076923 0.018028846153846152 0.020432692307692308
0 0.06971153846153846 0.3798076923076923 0.013221153846153846 0.015625
0 0.984375 0.4567307692307692 0.02283653846153846 0.02283653846153846
0 0.6466346153846154 0.7367788461538461 0.02283653846153846 0.02283653846153846
0 0.9206730769230769 0.9891826923076923 0.013221153846153846 0.018028846153846152
0 0.8954326923076923 0.9399038461538461 0.010817307692307692 0.015625
0 0.7728365384615384 0.9519230769230769 0.018028846153846152 0.015625
0 0.08173076923076923 0.6526442307692307 0.020432692307692308 0.018028846153846152
0 0.9651442307692307 0.984375 0.015625 0.018028846153846152
0 0.36658653846153844 0.9627403846153846 0.020432692307692308 0.020432692307692308
0 0.29927884615384615 0.9002403846153846 0.02283653846153846 0.028846153846153848
0 0.296875 0.8305288461538461 0.026442307692307692 0.02283653846153846
0 0.15985576923076922 0.8653846153846154 0.026442307692307692 0.026442307692307692
0 0.5264423076923077 0.5516826923076923 0.02283653846153846 0.02283653846153846
0 0.04447115384615385 0.6129807692307693 0.013221153846153846 0.013221153846153846