0 0.7608173076923077 0.9242788461538461 0.013221153846153846 0.015625
0 0.7668269230769231 0.984375 0.020432692307692308 0.02283653846153846
0 0.8401442307692307 0.96875 0.018028846153846152 0.013221153846153846
0 0.5889423076923077 0.5432692307692307 0.007211538461538462 0.008413461538461538
0 0.5372596153846154 0.5889423076923077 0.007211538461538462 0.007211538461538462
0 0.5625 0.5456730769230769 0.015625 0.015625
0 0.5408653846153846 0.515625 0.013221153846153846 0.018028846153846152
0 0.5757211538461539 0.5012019230769231 0.015625 0.010817307692307692
0 0.5576923076923077 0.6875 0.025240384615384616 0.026442307692307692
0 0.9242788461538461 0.8725961538461539 0.020432692307692308 0.020432692307692308
0 0.7247596153846154 0.9771634615384616 0.018028846153846152 0.02283653846153846
0 0.0829326923076923 0.9663461538461539 0.018028846153846152 0.026442307692307692
0 0.002403846153846154 0.19831730769230768 0.004807692307692308 0.015625
0 0.016826923076923076 0.19831730769230768 0.010817307692307692 0.018028846153846152
0 0.039663461538461536 0.7235576923076923 0.010817307692307692 0.015625
0 0.054086538461538464 0.39663461538461536 0.02283653846153846 0.013221153846153846
0 0.06009615384615385 0.3713942307692308 0.015625 0.018028846153846152
0 0.05889423076923077 0.34134615384615385 0.018028846153846152 0.015625
0 0.057692307692307696 0.3161057692307692 0.015625 0.020432692307692308
0 0.28966346153846156 0.9819711538461539 0.010817307692307692 0.008413461538461538
0 0.29927884615384615 0.96875 0.013221153846153846 0.008413461538461538
0 0.29927884615384615 0.953125 0.013221153846153846 0.013221153846153846
0 0.3088942307692308 0.9254807692307693 0.013221153846153846 0.008413461538461538
0 0.29927884615384615 0.9411057692307693 0.008413461538461538 0.013221153846153846
0 0.3125 0.9086538461538461 0.007211538461538462 0.010817307692307692
0 0.3125 0.8942307692307693 0.010817307692307692 0.008413461538461538
0 0.31850961538461536 0.8810096153846154 0.010817307692307692 0.008413461538461538
0 0.31971153846153844 0.8665865384615384 0.008413461538461538 0.010817307692307692
0 0.32572115384615385 0.8485576923076923 0.007211538461538462 0.008413461538461538
0 0.3401442307692308 0.8413461538461539 0.008413461538461538 0.010817307692307692
0 0.0985576923076923 0.9134615384615384 0.008413461538461538 0.015625
0 0.109375 0.8846153846153846 0.015625 0.013221153846153846
0 0.2848557692307692 0.8485576923076923 0.010817307692307692 0.010817307692307692
0 0.26802884615384615 0.8449519230769231 0.013221153846153846 0.013221153846153846
0 0.25240384615384615 0.8377403846153846 0.008413461538461538 0.008413461538461538
0 0.12620192307692307 0.8233173076923077 0.013221153846153846 0.010817307692307692
0 0.1201923076923077 0.8353365384615384 0.015625 0.008413461538461538
0 0.019230769230769232 0.7199519230769231 0.010817307692307692 0.015625
0 0.2548076923076923 0.4951923076923077 0.008413461538461538 0.008413461538461538
0 0.12980769230769232 0.8040865384615384 0.010817307692307692 0.013221153846153846
0 0.296875 0.02283653846153846 0.008413461538461538 0.008413461538461538
0 0.30408653846153844 0.2644230769230769 0.008413461538461538 0.010817307692307692
0 0.0625 0.26322115384615385 0.010817307692307692 0.008413461538461538
0 0.06129807692307692 0.23197115384615385 0.008413461538461538 0.008413461538461538
0 0.056490384615384616 0.20552884615384615 0.008413461538461538 0.008413461538461538
0 0.8149038461538461 0.04447115384615385 0.013221153846153846 0.015625
0 0.7235576923076923 0.04447115384615385 0.013221153846153846 0.013221153846153846
0 0.8834134615384616 0.04447115384615385 0.020432692307692308 0.015625
0 0.9723557692307693 0.18990384615384615 0.015625 0.010817307692307692
0 0.9819711538461539 0.2848557692307692 0.018028846153846152 0.015625
0 0.9711538461538461 0.25 0.018028846153846152 0.008413461538461538
0 0.9651442307692307 0.21995192307692307 0.015625 0.015625
0 0.8822115384615384 0.20552884615384615 0.010817307692307692 0.013221153846153846
0 0.8762019230769231 0.19110576923076922 0.008413461538461538 0.008413461538461538
0 0.7764423076923077 0.22956730769230768 0.010817307692307692 0.008413461538461538
0 0.8004807692307693 0.2283653846153846 0.010817307692307692 0.015625
0 0.6682692307692307 0.018028846153846152 0.015625 0.008413461538461538
0 0.7295673076923077 0.2512019230769231 0.013221153846153846 0.010817307692307692
0 0.7115384615384616 0.24759615384615385 0.008413461538461538 0.008413461538461538
0 0.7884615384615384 0.19951923076923078 0.013221153846153846 0.015625
0 0.6826923076923077 0.5901442307692307 0.013221153846153846 0.013221153846153846
0 0.38822115384615385 0.9302884615384616 0.007211538461538462 0.008413461538461538
0 0.6694711538461539 0.5649038461538461 0.010817307692307692 0.013221153846153846
0 0.24278846153846154 0.5180288461538461 0.008413461538461538 0.008413461538461538
0 0.0889423076923077 0.65625 0.007211538461538462 0.010817307692307692
0 0.09014423076923077 0.6394230769230769 0.008413461538461538 0.008413461538461538
0 0.09014423076923077 0.625 0.008413461538461538 0.007211538461538462
0 0.09134615384615384 0.609375 0.007211538461538462 0.010817307692307692
0 0.26802884615384615 0.35216346153846156 0.018028846153846152 0.020432692307692308
0 0.28725961538461536 0.33052884615384615 0.025240384615384616 0.026442307692307692
0 0.9182692307692307 0.037259615384615384 0.010817307692307692 0.020432692307692308
0 0.8064903846153846 0.8557692307692307 0.026442307692307692 0.02283653846153846
0 0.26322115384615385 0.6310096153846154 0.013221153846153846 0.018028846153846152
0 0.3088942307692308 0.6334134615384616 0.018028846153846152 0.018028846153846152
0 0.234375 0.6225961538461539 0.013221153846153846 0.015625
0 0.21033653846153846 0.6177884615384616 0.015625 0.020432692307692308
0 0.18629807692307693 0.6153846153846154 0.015625 0.013221153846153846
0 0.36177884615384615 0.08653846153846154 0.020432692307692308 0.025240384615384616