0 0.09254807692307693 0.453125 0.02283653846153846 0.02283653846153846
0 0.20793269230769232 0.20552884615384615 0.020432692307692308 0.02283653846153846
0 0.22235576923076922 0.17427884615384615 0.020432692307692308 0.025240384615384616
0 0.18990384615384615 0.23197115384615385 0.015625 0.02283653846153846
0 0.41947115384615385 0.1875 0.020432692307692308 0.02283653846153846
0 0.390625 0.26322115384615385 0.015625 0.02283653846153846
0 0.36899038461538464 0.2704326923076923 0.013221153846153846 0.02283653846153846
0 0.31490384615384615 0.2548076923076923 0.02283653846153846 0.02283653846153846
0 0.44350961538461536 0.25961538461538464 0.013221153846153846 0.015625
0 0.43990384615384615 0.2932692307692308 0.020432692307692308 0.02283653846153846
0 0.5168269230769231 0.2776442307692308 0.020432692307692308 0.020432692307692308
0 0.48197115384615385 0.3485576923076923 0.018028846153846152 0.018028846153846152
0 0.453125 0.35216346153846156 0.018028846153846152 0.025240384615384616
0 0.5180288461538461 0.35216346153846156 0.013221153846153846 0.020432692307692308
0 0.6346153846153846 0.11298076923076923 0.018028846153846152 0.02283653846153846
0 0.6778846153846154 0.08052884615384616 0.02283653846153846 0.018028846153846152
0 0.8810096153846154 0.04326923076923077 0.018028846153846152 0.018028846153846152
0 0.8076923076923077 0.06490384615384616 0.015625 0.018028846153846152
0 0.027644230769230768 0.8293269230769231 0.020432692307692308 0.013221153846153846
0 0.055288461538461536 0.8269230769230769 0.015625 0.013221153846153846
0 0.07932692307692307 0.8305288461538461 0.02283653846153846 0.010817307692307692
0 0.06971153846153846 0.8028846153846154 0.018028846153846152 0.015625
0 0.09375 0.9038461538461539 0.025240384615384616 0.020432692307692308
0 0.0985576923076923 0.9507211538461539 0.025240384615384616 0.018028846153846152
0 0.12139423076923077 0.6947115384615384 0.02283653846153846 0.03365384615384615
0 0.17307692307692307 0.6514423076923077 0.02283653846153846 0.03125