0 0.057692307692307696 0.020432692307692308 0.020432692307692308 0.018028846153846152
0 0.054086538461538464 0.1971153846153846 0.013221153846153846 0.010817307692307692
0 0.0673076923076923 0.21153846153846154 0.018028846153846152 0.013221153846153846
0 0.09495192307692307 0.06971153846153846 0.008413461538461538 0.013221153846153846
0 0.07692307692307693 0.04447115384615385 0.013221153846153846 0.013221153846153846
0 0.078125 0.08653846153846154 0.010817307692307692 0.007211538461538462
0 0.010817307692307692 0.546875 0.018028846153846152 0.013221153846153846
0 0.15384615384615385 0.9555288461538461 0.015625 0.018028846153846152
0 0.052884615384615384 0.8894230769230769 0.010817307692307692 0.018028846153846152
0 0.04807692307692308 0.9206730769230769 0.010817307692307692 0.013221153846153846
0 0.04447115384615385 0.9555288461538461 0.013221153846153846 0.018028846153846152
0 0.11538461538461539 0.8473557692307693 0.013221153846153846 0.02283653846153846