0 0.7980769230769231 0.06490384615384616 0.010817307692307692 0.008413461538461538
0 0.8161057692307693 0.052884615384615384 0.010817307692307692 0.010817307692307692
0 0.8257211538461539 0.27884615384615385 0.020432692307692308 0.02283653846153846
0 0.71875 0.36177884615384615 0.008413461538461538 0.007211538461538462
0 0.7355769230769231 0.36177884615384615 0.010817307692307692 0.010817307692307692
0 0.7235576923076923 0.34615384615384615 0.008413461538461538 0.010817307692307692
0 0.6213942307692307 0.29927884615384615 0.013221153846153846 0.013221153846153846
0 0.8665865384615384 0.7524038461538461 0.013221153846153846 0.018028846153846152
0 0.8762019230769231 0.7668269230769231 0.004807692307692308 0.007211538461538462
0 0.9555288461538461 0.7367788461538461 0.010817307692307692 0.008413461538461538
0 0.9026442307692307 0.7716346153846154 0.013221153846153846 0.010817307692307692
0 0.9519230769230769 0.7211538461538461 0.010817307692307692 0.008413461538461538
0 0.9507211538461539 0.7091346153846154 0.013221153846153846 0.004807692307692308
0 0.9110576923076923 0.8798076923076923 0.010817307692307692 0.010817307692307692
0 0.9411057692307693 0.8954326923076923 0.013221153846153846 0.010817307692307692
0 0.9110576923076923 0.8509615384615384 0.010817307692307692 0.008413461538461538
0 0.9014423076923077 0.8100961538461539 0.013221153846153846 0.010817307692307692
0 0.7403846153846154 0.8725961538461539 0.020432692307692308 0.010817307692307692
0 0.6334134615384616 0.8822115384615384 0.013221153846153846 0.010817307692307692
0 0.6610576923076923 0.8822115384615384 0.010817307692307692 0.007211538461538462
0 0.6334134615384616 0.8605769230769231 0.010817307692307692 0.008413461538461538
0 0.6322115384615384 0.8413461538461539 0.010817307692307692 0.010817307692307692
0 0.7860576923076923 0.9254807692307693 0.013221153846153846 0.013221153846153846
0 0.7944711538461539 0.9435096153846154 0.008413461538461538 0.013221153846153846
0 0.33413461538461536 0.6850961538461539 0.010817307692307692 0.008413461538461538
0 0.296875 0.7007211538461539 0.008413461538461538 0.008413461538461538
0 0.6358173076923077 0.7271634615384616 0.010817307692307692 0.008413461538461538
0 0.1778846153846154 0.19110576923076922 0.013221153846153846 0.013221153846153846
0 0.6274038461538461 0.5540865384615384 0.020432692307692308 0.02283653846153846
0 0.9771634615384616 0.9507211538461539 0.018028846153846152 0.018028846153846152