0 0.6742788461538461 0.7067307692307693 0.015625 0.013221153846153846
0 0.6177884615384616 0.8233173076923077 0.015625 0.015625
0 0.6598557692307693 0.7944711538461539 0.013221153846153846 0.008413461538461538
0 0.6682692307692307 0.7355769230769231 0.010817307692307692 0.007211538461538462
0 0.6694711538461539 0.7451923076923077 0.010817307692307692 0.008413461538461538
0 0.6706730769230769 0.7584134615384616 0.008413461538461538 0.010817307692307692
0 0.6766826923076923 0.7716346153846154 0.010817307692307692 0.015625
0 0.6478365384615384 0.6887019230769231 0.010817307692307692 0.013221153846153846
0 0.6298076923076923 0.6887019230769231 0.010817307692307692 0.008413461538461538
0 0.5817307692307693 0.6899038461538461 0.010817307692307692 0.010817307692307692
0 0.5612980769230769 0.6875 0.013221153846153846 0.015625
0 0.5384615384615384 0.6875 0.008413461538461538 0.007211538461538462
0 0.59375 0.6081730769230769 0.010817307692307692 0.013221153846153846
0 0.4675480769230769 0.7680288461538461 0.010817307692307692 0.013221153846153846
0 0.4831730769230769 0.7728365384615384 0.007211538461538462 0.013221153846153846
0 0.4963942307692308 0.7740384615384616 0.010817307692307692 0.015625
0 0.44591346153846156 0.78125 0.013221153846153846 0.013221153846153846
0 0.45072115384615385 0.8052884615384616 0.008413461538461538 0.007211538461538462
0 0.4519230769230769 0.8221153846153846 0.010817307692307692 0.013221153846153846
0 0.49278846153846156 0.8221153846153846 0.008413461538461538 0.013221153846153846
0 0.5108173076923077 0.8233173076923077 0.008413461538461538 0.010817307692307692
0 0.42788461538461536 0.7908653846153846 0.008413461538461538 0.013221153846153846
0 0.14543269230769232 0.8076923076923077 0.007211538461538462 0.007211538461538462
0 0.1502403846153846 0.8245192307692307 0.007211538461538462 0.008413461538461538
0 0.27884615384615385 0.7548076923076923 0.013221153846153846 0.013221153846153846
0 0.27283653846153844 0.7415865384615384 0.013221153846153846 0.010817307692307692
0 0.25240384615384615 0.7572115384615384 0.008413461538461538 0.013221153846153846
0 0.27403846153846156 0.7740384615384616 0.010817307692307692 0.010817307692307692
0 0.28365384615384615 0.7860576923076923 0.008413461538461538 0.008413461538461538
0 0.5444711538461539 0.7884615384615384 0.008413461538461538 0.008413461538461538
0 0.6021634615384616 0.7920673076923077 0.010817307692307692 0.015625
0 0.5877403846153846 0.8209134615384616 0.013221153846153846 0.010817307692307692
0 0.4375 0.40625 0.013221153846153846 0.015625
0 0.5673076923076923 0.4326923076923077 0.008413461538461538 0.008413461538461538
0 0.5925480769230769 0.40384615384615385 0.013221153846153846 0.020432692307692308
0 0.6646634615384616 0.4362980769230769 0.018028846153846152 0.020432692307692308
0 0.06971153846153846 0.5300480769230769 0.013221153846153846 0.015625
0 0.984375 0.453125 0.02283653846153846 0.02283653846153846
0 0.6466346153846154 0.17307692307692307 0.02283653846153846 0.02283653846153846
0 0.8004807692307693 0.8293269230769231 0.020432692307692308 0.013221153846153846
0 0.8774038461538461 0.828125 0.010817307692307692 0.015625
0 0.8365384615384616 0.8233173076923077 0.020432692307692308 0.015625
0 0.9194711538461539 0.8293269230769231 0.020432692307692308 0.013221153846153846
0 0.9471153846153846 0.8269230769230769 0.015625 0.013221153846153846
0 0.9711538461538461 0.8305288461538461 0.02283653846153846 0.010817307692307692
0 0.9615384615384616 0.8028846153846154 0.018028846153846152 0.015625
0 0.9855769230769231 0.9038461538461539 0.025240384615384616 0.020432692307692308
0 0.7956730769230769 0.9002403846153846 0.025240384615384616 0.015625
0 0.7980769230769231 0.9350961538461539 0.020432692307692308 0.02283653846153846
0 0.7908653846153846 0.9723557692307693 0.026442307692307692 0.028846153846153848
0 0.828125 0.9182692307692307 0.015625 0.020432692307692308
0 0.828125 0.953125 0.025240384615384616 0.02283653846153846
0 0.8317307692307693 0.9867788461538461 0.025240384615384616 0.02283653846153846
0 0.765625 0.6177884615384616 0.018028846153846152 0.028846153846153848
0 0.7668269230769231 0.6682692307692307 0.020432692307692308 0.028846153846153848
0 0.765625 0.7247596153846154 0.026442307692307692 0.040865384615384616
0 0.7608173076923077 0.7788461538461539 0.02283653846153846 0.036057692307692304