0 0.23076923076923078 0.6454326923076923 0.007211538461538462 0.007211538461538462
0 0.390625 0.9891826923076923 0.010817307692307692 0.008413461538461538
0 0.40024038461538464 0.9711538461538461 0.007211538461538462 0.008413461538461538
0 0.29927884615384615 0.9483173076923077 0.008413461538461538 0.008413461538461538
0 0.5444711538461539 0.9939903846153846 0.008413461538461538 0.007211538461538462
0 0.5384615384615384 0.984375 0.008413461538461538 0.008413461538461538
0 0.5240384615384616 0.9783653846153846 0.007211538461538462 0.007211538461538462
0 0.5132211538461539 0.96875 0.008413461538461538 0.004807692307692308
0 0.5 0.9603365384615384 0.008413461538461538 0.007211538461538462
0 0.4891826923076923 0.9555288461538461 0.004807692307692308 0.008413461538461538
0 0.4987980769230769 0.9483173076923077 0.007211538461538462 0.004807692307692308
0 0.47475961538461536 0.9447115384615384 0.004807692307692308 0.007211538461538462
0 0.4807692307692308 0.9326923076923077 0.007211538461538462 0.008413461538461538
0 0.49158653846153844 0.921875 0.008413461538461538 0.007211538461538462
0 0.5012019230769231 0.9098557692307693 0.010817307692307692 0.008413461538461538
0 0.5072115384615384 0.8978365384615384 0.004807692307692308 0.007211538461538462
0 0.5144230769230769 0.8882211538461539 0.007211538461538462 0.007211538461538462
0 0.5240384615384616 0.875 0.007211538461538462 0.007211538461538462
0 0.5276442307692307 0.8617788461538461 0.007211538461538462 0.007211538461538462
0 0.5516826923076923 0.8533653846153846 0.008413461538461538 0.008413461538461538
0 0.5564903846153846 0.8293269230769231 0.008413461538461538 0.008413461538461538
0 0.4543269230769231 0.9038461538461539 0.007211538461538462 0.007211538461538462
0 0.421875 0.9038461538461539 0.007211538461538462 0.007211538461538462
0 0.43028846153846156 0.9134615384615384 0.008413461538461538 0.007211538461538462
0 0.40024038461538464 0.8834134615384616 0.007211538461538462 0.007211538461538462
0 0.3918269230769231 0.8762019230769231 0.008413461538461538 0.008413461538461538
0 0.3954326923076923 0.8677884615384616 0.007211538461538462 0.007211538461538462
0 0.40865384615384615 0.8545673076923077 0.007211538461538462 0.007211538461538462
0 0.3701923076923077 0.8665865384615384 0.007211538461538462 0.004807692307692308
0 0.38822115384615385 0.8545673076923077 0.007211538461538462 0.007211538461538462
0 0.39302884615384615 0.8461538461538461 0.007211538461538462 0.007211538461538462
0 0.40384615384615385 0.8317307692307693 0.007211538461538462 0.007211538461538462
0 0.43509615384615385 0.8161057692307693 0.008413461538461538 0.007211538461538462
0 0.4375 0.8076923076923077 0.007211538461538462 0.007211538461538462
0 0.3858173076923077 0.8269230769230769 0.007211538461538462 0.004807692307692308
0 0.37259615384615385 0.8269230769230769 0.007211538461538462 0.004807692307692308
0 0.5180288461538461 0.7836538461538461 0.004807692307692308 0.008413461538461538
0 0.5420673076923077 0.7560096153846154 0.007211538461538462 0.007211538461538462
0 0.5252403846153846 0.7728365384615384 0.004807692307692308 0.004807692307692308
0 0.5444711538461539 0.7427884615384616 0.008413461538461538 0.008413461538461538
0 0.5588942307692307 0.7283653846153846 0.008413461538461538 0.010817307692307692
0 0.6153846153846154 0.7692307692307693 0.008413461538461538 0.007211538461538462
0 0.5925480769230769 0.7668269230769231 0.004807692307692308 0.007211538461538462
0 0.5733173076923077 0.8028846153846154 0.007211538461538462 0.007211538461538462
0 0.5625 0.8137019230769231 0.004807692307692308 0.007211538461538462
0 0.6225961538461539 0.7536057692307693 0.007211538461538462 0.007211538461538462
0 0.6310096153846154 0.7379807692307693 0.004807692307692308 0.007211538461538462
0 0.6490384615384616 0.7439903846153846 0.008413461538461538 0.007211538461538462
0 0.6586538461538461 0.7524038461538461 0.007211538461538462 0.008413461538461538
0 0.6646634615384616 0.7584134615384616 0.008413461538461538 0.008413461538461538
0 0.6550480769230769 0.7764423076923077 0.004807692307692308 0.004807692307692308
0 0.6802884615384616 0.7620192307692307 0.008413461538461538 0.007211538461538462
0 0.6875 0.7764423076923077 0.007211538461538462 0.013221153846153846
0 0.7115384615384616 0.7836538461538461 0.008413461538461538 0.008413461538461538
0 0.7235576923076923 0.796875 0.008413461538461538 0.008413461538461538
0 0.7055288461538461 0.8028846153846154 0.004807692307692308 0.007211538461538462
0 0.7439903846153846 0.8028846153846154 0.007211538461538462 0.007211538461538462
0 0.7584134615384616 0.8112980769230769 0.008413461538461538 0.008413461538461538
0 0.7355769230769231 0.8257211538461539 0.007211538461538462 0.007211538461538462
0 0.7596153846153846 0.8449519230769231 0.010817307692307692 0.013221153846153846
0 0.7668269230769231 0.8245192307692307 0.007211538461538462 0.008413461538461538
0 0.7836538461538461 0.8353365384615384 0.008413461538461538 0.008413461538461538
0 0.7944711538461539 0.8653846153846154 0.010817307692307692 0.008413461538461538
0 0.7956730769230769 0.8449519230769231 0.007211538461538462 0.008413461538461538
0 0.8125 0.8545673076923077 0.007211538461538462 0.007211538461538462
0 0.8185096153846154 0.8569711538461539 0.007211538461538462 0.010817307692307692
0 0.8353365384615384 0.8629807692307693 0.008413461538461538 0.008413461538461538
0 0.84375 0.8725961538461539 0.007211538461538462 0.010817307692307692
0 0.8245192307692307 0.8834134615384616 0.008413461538461538 0.007211538461538462
0 0.8641826923076923 0.8822115384615384 0.010817307692307692 0.010817307692307692
0 0.8545673076923077 0.9050480769230769 0.007211538461538462 0.013221153846153846
0 0.8834134615384616 0.8882211538461539 0.008413461538461538 0.010817307692307692
0 0.9194711538461539 0.9831730769230769 0.007211538461538462 0.007211538461538462
0 0.9278846153846154 0.9711538461538461 0.008413461538461538 0.008413461538461538
0 0.9423076923076923 0.9759615384615384 0.007211538461538462 0.007211538461538462
0 0.9375 0.9579326923076923 0.007211538461538462 0.007211538461538462
0 0.9206730769230769 0.9399038461538461 0.004807692307692308 0.007211538461538462
0 0.8858173076923077 0.921875 0.007211538461538462 0.007211538461538462
0 0.9326923076923077 0.9194711538461539 0.013221153846153846 0.015625
0 0.9146634615384616 0.9122596153846154 0.018028846153846152 0.018028846153846152
0 0.9014423076923077 0.9014423076923077 0.013221153846153846 0.020432692307692308
0 0.9603365384615384 0.9399038461538461 0.010817307692307692 0.015625
0 0.9759615384615384 0.953125 0.010817307692307692 0.008413461538461538
0 0.038461538461538464 0.9783653846153846 0.008413461538461538 0.010817307692307692
0 0.06971153846153846 0.9711538461538461 0.008413461538461538 0.008413461538461538
0 0.0889423076923077 0.9387019230769231 0.007211538461538462 0.008413461538461538
0 0.10216346153846154 0.9254807692307693 0.007211538461538462 0.008413461538461538
0 0.0625 0.9435096153846154 0.004807692307692308 0.008413461538461538
0 0.07091346153846154 0.9314903846153846 0.007211538461538462 0.007211538461538462
0 0.11778846153846154 0.8930288461538461 0.010817307692307692 0.007211538461538462
0 0.13341346153846154 0.8762019230769231 0.010817307692307692 0.008413461538461538
0 0.08173076923076923 0.9158653846153846 0.007211538461538462 0.007211538461538462
0 0.10817307692307693 0.8786057692307693 0.008413461538461538 0.008413461538461538
0 0.11658653846153846 0.8665865384615384 0.007211538461538462 0.007211538461538462
0 0.11899038461538461 0.8521634615384616 0.004807692307692308 0.007211538461538462
0 0.14182692307692307 0.859375 0.008413461538461538 0.010817307692307692
0 0.12620192307692307 0.8413461538461539 0.004807692307692308 0.007211538461538462
0 0.15264423076923078 0.8425480769230769 0.008413461538461538 0.008413461538461538
0 0.1346153846153846 0.8305288461538461 0.008413461538461538 0.008413461538461538
0 0.14543269230769232 0.8149038461538461 0.007211538461538462 0.008413461538461538
0 0.16105769230769232 0.8293269230769231 0.010817307692307692 0.013221153846153846
0 0.1814903846153846 0.8269230769230769 0.010817307692307692 0.008413461538461538
0 0.17067307692307693 0.8112980769230769 0.008413461538461538 0.008413461538461538
0 0.14783653846153846 0.8016826923076923 0.007211538461538462 0.004807692307692308
0 0.12139423076923077 0.7860576923076923 0.008413461538461538 0.008413461538461538
0 0.11298076923076923 0.7776442307692307 0.004807692307692308 0.007211538461538462
0 0.09975961538461539 0.7728365384615384 0.007211538461538462 0.004807692307692308
0 0.09134615384615384 0.7632211538461539 0.007211538461538462 0.008413461538461538
0 0.08052884615384616 0.7560096153846154 0.007211538461538462 0.007211538461538462
0 0.0625 0.7475961538461539 0.008413461538461538 0.008413461538461538
0 0.055288461538461536 0.7439903846153846 0.007211538461538462 0.007211538461538462
0 0.056490384615384616 0.7896634615384616 0.008413461538461538 0.007211538461538462
0 0.0625 0.7740384615384616 0.010817307692307692 0.010817307692307692
0 0.04447115384615385 0.7944711538461539 0.004807692307692308 0.007211538461538462
0 0.026442307692307692 0.7992788461538461 0.007211538461538462 0.008413461538461538
0 0.05048076923076923 0.8665865384615384 0.007211538461538462 0.010817307692307692
0 0.22956730769230768 0.8521634615384616 0.008413461538461538 0.010817307692307692
0 0.21875 0.8425480769230769 0.008413461538461538 0.008413461538461538
0 0.19831730769230768 0.8317307692307693 0.004807692307692308 0.007211538461538462
0 0.24879807692307693 0.8665865384615384 0.007211538461538462 0.008413461538461538
0 0.2644230769230769 0.8762019230769231 0.010817307692307692 0.008413461538461538
0 0.27524038461538464 0.8798076923076923 0.008413461538461538 0.015625
0 0.33052884615384615 0.9170673076923077 0.008413461538461538 0.008413461538461538
0 0.3125 0.9326923076923077 0.008413461538461538 0.008413461538461538
0 0.3088942307692308 0.9038461538461539 0.008413461538461538 0.007211538461538462
0 0.35216346153846156 0.9350961538461539 0.007211538461538462 0.008413461538461538
0 0.21033653846153846 0.8641826923076923 0.007211538461538462 0.010817307692307692
0 0.24278846153846154 0.9194711538461539 0.008413461538461538 0.010817307692307692
0 0.007211538461538462 0.7139423076923077 0.008413461538461538 0.008413461538461538
0 0.019230769230769232 0.7211538461538461 0.007211538461538462 0.008413461538461538
0 0.3641826923076923 0.8569711538461539 0.007211538461538462 0.007211538461538462
0 0.3485576923076923 0.8485576923076923 0.013221153846153846 0.004807692307692308
0 0.33653846153846156 0.84375 0.007211538461538462 0.007211538461538462
0 0.3473557692307692 0.8305288461538461 0.008413461538461538 0.010817307692307692
0 0.32211538461538464 0.8389423076923077 0.008413461538461538 0.007211538461538462
0 0.2692307692307692 0.7980769230769231 0.007211538461538462 0.007211538461538462
0 0.28125 0.7776442307692307 0.008413461538461538 0.007211538461538462
0 0.3112980769230769 0.7259615384615384 0.008413461538461538 0.007211538461538462
0 0.21754807692307693 0.7764423076923077 0.010817307692307692 0.010817307692307692
0 0.25240384615384615 0.75 0.004807692307692308 0.008413461538461538
0 0.25841346153846156 0.7391826923076923 0.007211538461538462 0.008413461538461538
0 0.2620192307692308 0.6983173076923077 0.007211538461538462 0.008413461538461538
0 0.2536057692307692 0.7115384615384616 0.007211538461538462 0.008413461538461538
0 0.2127403846153846 0.7560096153846154 0.007211538461538462 0.007211538461538462
0 0.21754807692307693 0.7415865384615384 0.010817307692307692 0.007211538461538462
0 0.22956730769230768 0.7175480769230769 0.008413461538461538 0.007211538461538462
0 0.2439903846153846 0.6935096153846154 0.007211538461538462 0.008413461538461538
0 0.25 0.6838942307692307 0.008413461538461538 0.007211538461538462
0 0.2608173076923077 0.671875 0.008413461538461538 0.007211538461538462
0 0.29447115384615385 0.6814903846153846 0.010817307692307692 0.007211538461538462
0 0.2932692307692308 0.6610576923076923 0.008413461538461538 0.007211538461538462
0 0.30288461538461536 0.6598557692307693 0.007211538461538462 0.004807692307692308
0 0.3112980769230769 0.6502403846153846 0.004807692307692308 0.007211538461538462
0 0.3016826923076923 0.6490384615384616 0.004807692307692308 0.004807692307692308
0 0.31490384615384615 0.640625 0.004807692307692308 0.007211538461538462
0 0.3137019230769231 0.6310096153846154 0.007211538461538462 0.004807692307692308
0 0.3293269230769231 0.6213942307692307 0.004807692307692308 0.004807692307692308
0 0.5889423076923077 0.7776442307692307 0.007211538461538462 0.007211538461538462
0 0.5504807692307693 0.7019230769230769 0.007211538461538462 0.007211538461538462
0 0.8413461538461539 0.7944711538461539 0.007211538461538462 0.010817307692307692
0 0.8173076923076923 0.7764423076923077 0.008413461538461538 0.008413461538461538
0 0.7920673076923077 0.7644230769230769 0.007211538461538462 0.007211538461538462
0 0.7463942307692307 0.7367788461538461 0.007211538461538462 0.004807692307692308
0 0.8689903846153846 0.7788461538461539 0.008413461538461538 0.008413461538461538
0 0.8401442307692307 0.7608173076923077 0.008413461538461538 0.008413461538461538
0 0.8197115384615384 0.7463942307692307 0.008413461538461538 0.007211538461538462
0 0.796875 0.7355769230769231 0.008413461538461538 0.007211538461538462
0 0.7776442307692307 0.7235576923076923 0.007211538461538462 0.008413461538461538
0 0.7872596153846154 0.7295673076923077 0.007211538461538462 0.008413461538461538
0 0.7716346153846154 0.7199519230769231 0.007211538461538462 0.007211538461538462
0 0.8990384615384616 0.7980769230769231 0.004807692307692308 0.007211538461538462
0 0.8858173076923077 0.8185096153846154 0.007211538461538462 0.007211538461538462
0 0.9122596153846154 0.8365384615384616 0.004807692307692308 0.007211538461538462
0 0.9375 0.7932692307692307 0.008413461538461538 0.008413461538461538
0 0.9122596153846154 0.7764423076923077 0.008413461538461538 0.008413461538461538
0 0.8870192307692307 0.7620192307692307 0.008413461538461538 0.007211538461538462
0 0.8653846153846154 0.7463942307692307 0.008413461538461538 0.010817307692307692
0 0.8413461538461539 0.7355769230769231 0.007211538461538462 0.007211538461538462
0 0.8197115384615384 0.71875 0.008413461538461538 0.008413461538461538
0 0.9627403846153846 0.8365384615384616 0.010817307692307692 0.010817307692307692
0 0.9747596153846154 0.8449519230769231 0.008413461538461538 0.008413461538461538
0 0.9855769230769231 0.8497596153846154 0.010817307692307692 0.010817307692307692
0 0.9591346153846154 0.8641826923076923 0.008413461538461538 0.007211538461538462
0 0.9411057692307693 0.8533653846153846 0.008413461538461538 0.008413461538461538
0 0.9675480769230769 0.8125 0.007211538461538462 0.010817307692307692
0 0.9807692307692307 0.8197115384615384 0.010817307692307692 0.008413461538461538
0 0.6899038461538461 0.5673076923076923 0.007211538461538462 0.008413461538461538
0 0.7055288461538461 0.5769230769230769 0.008413461538461538 0.008413461538461538
0 0.7199519230769231 0.5865384615384616 0.007211538461538462 0.010817307692307692
0 0.7379807692307693 0.5985576923076923 0.007211538461538462 0.004807692307692308
0 0.7548076923076923 0.6057692307692307 0.008413461538461538 0.008413461538461538
0 0.7668269230769231 0.6165865384615384 0.007211538461538462 0.007211538461538462
0 0.828125 0.6526442307692307 0.007211538461538462 0.008413461538461538
0 0.8762019230769231 0.6862980769230769 0.013221153846153846 0.010817307692307692
0 0.8858173076923077 0.6971153846153846 0.007211538461538462 0.007211538461538462
0 0.8930288461538461 0.7007211538461539 0.007211538461538462 0.008413461538461538
0 0.8834134615384616 0.6550480769230769 0.007211538461538462 0.008413461538461538
0 0.8725961538461539 0.6490384615384616 0.007211538461538462 0.008413461538461538
0 0.8762019230769231 0.6382211538461539 0.008413461538461538 0.010817307692307692
0 0.890625 0.6454326923076923 0.007211538461538462 0.010817307692307692
0 0.8858173076923077 0.6286057692307693 0.007211538461538462 0.008413461538461538
0 0.8978365384615384 0.6358173076923077 0.007211538461538462 0.010817307692307692
0 0.9086538461538461 0.6274038461538461 0.010817307692307692 0.007211538461538462
0 0.8978365384615384 0.6213942307692307 0.007211538461538462 0.008413461538461538
0 0.9050480769230769 0.6153846153846154 0.008413461538461538 0.008413461538461538
0 0.8834134615384616 0.6009615384615384 0.010817307692307692 0.008413461538461538
0 0.8629807692307693 0.5973557692307693 0.008413461538461538 0.008413461538461538
0 0.8485576923076923 0.5853365384615384 0.013221153846153846 0.013221153846153846
0 0.6646634615384616 0.5456730769230769 0.013221153846153846 0.010817307692307692
0 0.6514423076923077 0.5408653846153846 0.010817307692307692 0.008413461538461538
0 0.3545673076923077 0.7463942307692307 0.010817307692307692 0.010817307692307692
0 0.34134615384615385 0.7415865384615384 0.007211538461538462 0.008413461538461538
0 0.3942307692307692 0.5793269230769231 0.008413461538461538 0.008413461538461538
0 0.3798076923076923 0.5733173076923077 0.007211538461538462 0.007211538461538462
0 0.359375 0.5600961538461539 0.007211538461538462 0.010817307692307692
0 0.16706730769230768 0.7175480769230769 0.008413461538461538 0.010817307692307692
0 0.17908653846153846 0.7019230769230769 0.007211538461538462 0.007211538461538462
0 0.18509615384615385 0.6911057692307693 0.004807692307692308 0.008413461538461538
0 0.13942307692307693 0.7211538461538461 0.008413461538461538 0.008413461538461538
0 0.11899038461538461 0.7079326923076923 0.013221153846153846 0.010817307692307692
0 0.14543269230769232 0.7055288461538461 0.010817307692307692 0.010817307692307692
0 0.13822115384615385 0.6887019230769231 0.007211538461538462 0.008413461538461538
0 0.15504807692307693 0.6875 0.008413461538461538 0.008413461538461538
0 0.14543269230769232 0.6766826923076923 0.010817307692307692 0.010817307692307692
0 0.15384615384615385 0.6610576923076923 0.010817307692307692 0.010817307692307692
0 0.14903846153846154 0.6466346153846154 0.008413461538461538 0.013221153846153846
0 0.18028846153846154 0.6430288461538461 0.013221153846153846 0.010817307692307692
0 0.17908653846153846 0.6298076923076923 0.010817307692307692 0.010817307692307692
0 0.24158653846153846 0.6334134615384616 0.004807692307692308 0.007211538461538462
0 0.2920673076923077 0.6225961538461539 0.010817307692307692 0.010817307692307692
0 0.16105769230769232 0.5564903846153846 0.015625 0.013221153846153846
0 0.11057692307692307 0.5769230769230769 0.013221153846153846 0.013221153846153846
0 0.09615384615384616 0.6947115384615384 0.010817307692307692 0.007211538461538462
0 0.11658653846153846 0.6514423076923077 0.010817307692307692 0.010817307692307692
0 0.0733173076923077 0.6802884615384616 0.010817307692307692 0.008413461538461538
0 0.06129807692307692 0.671875 0.008413461538461538 0.007211538461538462
0 0.04567307692307692 0.6634615384615384 0.007211538461538462 0.007211538461538462
0 0.3641826923076923 0.6322115384615384 0.015625 0.010817307692307692
0 0.21394230769230768 0.59375 0.013221153846153846 0.010817307692307692
0 0.19951923076923078 0.5925480769230769 0.010817307692307692 0.008413461538461538
0 0.08774038461538461 0.6538461538461539 0.008413461538461538 0.007211538461538462
0 0.010817307692307692 0.6430288461538461 0.013221153846153846 0.010817307692307692
0 0.03365384615384615 0.6334134615384616 0.008413461538461538 0.008413461538461538
0 0.04326923076923077 0.6442307692307693 0.004807692307692308 0.004807692307692308
0 0.052884615384615384 0.6298076923076923 0.010817307692307692 0.010817307692307692
0 0.09134615384615384 0.6165865384615384 0.007211538461538462 0.007211538461538462
0 0.16105769230769232 0.5360576923076923 0.007211538461538462 0.008413461538461538
0 0.15985576923076922 0.5264423076923077 0.008413461538461538 0.008413461538461538
0 0.16947115384615385 0.5288461538461539 0.010817307692307692 0.008413461538461538
0 0.13341346153846154 0.4963942307692308 0.015625 0.010817307692307692
0 0.17908653846153846 0.5973557692307693 0.007211538461538462 0.004807692307692308
0 0.02403846153846154 0.5637019230769231 0.015625 0.015625
0 0.13581730769230768 0.5396634615384616 0.010817307692307692 0.015625
0 0.13341346153846154 0.45552884615384615 0.015625 0.018028846153846152
0 0.07451923076923077 0.5204326923076923 0.018028846153846152 0.018028846153846152
0 0.028846153846153848 0.5865384615384616 0 0.010817307692307692
0 0.1875 0.4567307692307692 0.010817307692307692 0.013221153846153846
0 0.20552884615384615 0.4675480769230769 0.008413461538461538 0.010817307692307692
0 0.21995192307692307 0.47836538461538464 0.007211538461538462 0.007211538461538462
0 0.23677884615384615 0.4879807692307692 0.008413461538461538 0.010817307692307692
0 0.10576923076923077 0.49158653846153844 0.013221153846153846 0.010817307692307692
0 0.09254807692307693 0.4807692307692308 0.004807692307692308 0.007211538461538462
0 0.09975961538461539 0.46634615384615385 0.007211538461538462 0.004807692307692308
0 0.078125 0.4651442307692308 0.007211538461538462 0.010817307692307692
0 0.0889423076923077 0.44591346153846156 0.007211538461538462 0.008413461538461538
0 0.125 0.4230769230769231 0.010817307692307692 0.013221153846153846
0 0.14182692307692307 0.42908653846153844 0.008413461538461538 0.010817307692307692
0 0.15625 0.4387019230769231 0.010817307692307692 0.013221153846153846
0 0.17067307692307693 0.45072115384615385 0.008413461538461538 0.008413461538461538
0 0.006009615384615385 0.44711538461538464 0.010817307692307692 0.015625
0 0.013221153846153846 0.4338942307692308 0.013221153846153846 0.010817307692307692
0 0.015625 0.41947115384615385 0.008413461538461538 0.007211538461538462
0 0.109375 0.4110576923076923 0.010817307692307692 0.010817307692307692
0 0.09495192307692307 0.40024038461538464 0.008413461538461538 0.010817307692307692
0 0.078125 0.39302884615384615 0.010817307692307692 0.015625
0 0.0625 0.38341346153846156 0.013221153846153846 0.018028846153846152
0 0.04927884615384615 0.36899038461538464 0.013221153846153846 0.013221153846153846
0 0.030048076923076924 0.3629807692307692 0.010817307692307692 0.013221153846153846
0 0.04447115384615385 0.5528846153846154 0.008413461538461538 0.007211538461538462
0 0.046875 0.4651442307692308 0.008413461538461538 0.010817307692307692
0 0.026442307692307692 0.4411057692307692 0.007211538461538462 0.013221153846153846
0 0.2692307692307692 0.49399038461538464 0.007211538461538462 0.007211538461538462
0 0.22355769230769232 0.5721153846153846 0.008413461538461538 0.013221153846153846
0 0.08173076923076923 0.5865384615384616 0.007211538461538462 0.007211538461538462
0 0.10336538461538461 0.3329326923076923 0.013221153846153846 0.013221153846153846
0 0.07932692307692307 0.32211538461538464 0.008413461538461538 0.008413461538461538
0 0.17307692307692307 0.34375 0.013221153846153846 0.010817307692307692
0 0.19471153846153846 0.359375 0.010817307692307692 0.010817307692307692
0 0.14903846153846154 0.33052884615384615 0.008413461538461538 0.007211538461538462
0 0.12620192307692307 0.3137019230769231 0.008413461538461538 0.007211538461538462
0 0.13221153846153846 0.6322115384615384 0.007211538461538462 0.007211538461538462
0 0.07692307692307693 0.2860576923076923 0.008413461538461538 0.008413461538461538
0 0.054086538461538464 0.2704326923076923 0.008413461538461538 0.008413461538461538
0 0.054086538461538464 0.16826923076923078 0.008413461538461538 0.010817307692307692
0 0.0625 0.15384615384615385 0.008413461538461538 0.010817307692307692
0 0.03245192307692308 0.2932692307692308 0.007211538461538462 0.008413461538461538
0 0.018028846153846152 0.2776442307692308 0.008413461538461538 0.010817307692307692
0 0.6310096153846154 0.5240384615384616 0.008413461538461538 0.007211538461538462
0 0.4338942307692308 0.40865384615384615 0.007211538461538462 0.007211538461538462
0 0.4579326923076923 0.42788461538461536 0.007211538461538462 0.008413461538461538
0 0.4723557692307692 0.421875 0.007211538461538462 0.007211538461538462
0 0.4735576923076923 0.42908653846153844 0.007211538461538462 0.007211538461538462
0 0.4963942307692308 0.4375 0.007211538461538462 0.007211538461538462
0 0.4807692307692308 0.4375 0.007211538461538462 0.007211538461538462
0 0.390625 0.375 0.007211538461538462 0.007211538461538462
0 0.33653846153846156 0.3425480769230769 0.007211538461538462 0.008413461538461538
0 0.3317307692307692 0.35096153846153844 0.007211538461538462 0.008413461538461538
0 0.32211538461538464 0.33533653846153844 0.004807692307692308 0.008413461538461538
0 0.3125 0.3269230769230769 0.007211538461538462 0.008413461538461538
0 0.5697115384615384 0.49278846153846156 0.008413461538461538 0.008413461538461538
0 0.5540865384615384 0.47716346153846156 0.008413461538461538 0.008413461538461538
0 0.6177884615384616 0.5144230769230769 0.007211538461538462 0.007211538461538462
0 0.2548076923076923 0.22956730769230768 0.008413461538461538 0.008413461538461538
0 0.2403846153846154 0.22355769230769232 0.010817307692307692 0.008413461538461538
0 0.055288461538461536 0.11658653846153846 0.007211538461538462 0.008413461538461538
0 0.006009615384615385 0.2127403846153846 0.010817307692307692 0.010817307692307692
0 0.10697115384615384 0.20552884615384615 0.010817307692307692 0.013221153846153846
0 0.09254807692307693 0.1971153846153846 0.004807692307692308 0.007211538461538462
0 0.17067307692307693 0.24759615384615385 0.008413461538461538 0.008413461538461538
0 0.0889423076923077 0.12620192307692307 0.010817307692307692 0.013221153846153846
0 0.040865384615384616 0.13701923076923078 0.008413461538461538 0.008413461538461538
0 0.030048076923076924 0.12379807692307693 0.007211538461538462 0.008413461538461538
0 0.037259615384615384 0.11298076923076923 0.007211538461538462 0.008413461538461538
0 0.027644230769230768 0.109375 0.007211538461538462 0.010817307692307692
0 0.020432692307692308 0.11658653846153846 0.008413461538461538 0.007211538461538462
0 0.01201923076923077 0.07692307692307693 0.007211538461538462 0.008413461538461538
0 0.020432692307692308 0.0889423076923077 0.008413461538461538 0.007211538461538462
0 0.025240384615384616 0.078125 0.008413461538461538 0.007211538461538462
0 0.007211538461538462 0.06009615384615385 0.008413461538461538 0.010817307692307692
0 0.11658653846153846 0.140625 0.007211538461538462 0.010817307692307692
0 0.11658653846153846 0.12740384615384615 0.007211538461538462 0.007211538461538462
0 0.125 0.11298076923076923 0.007211538461538462 0.008413461538461538
0 0.03365384615384615 0.052884615384615384 0.008413461538461538 0.010817307692307692
0 0.01201923076923077 0.038461538461538464 0.010817307692307692 0.008413461538461538
0 0.09014423076923077 0.04927884615384615 0.008413461538461538 0.008413461538461538
0 0.06370192307692307 0.028846153846153848 0.010817307692307692 0.008413461538461538
0 0.0733173076923077 0.019230769230769232 0.007211538461538462 0.010817307692307692
0 0.07692307692307693 0.03485576923076923 0.008413461538461538 0.010817307692307692
0 0.008413461538461538 0.019230769230769232 0.010817307692307692 0.010817307692307692
0 0.06610576923076923 0.10216346153846154 0.010817307692307692 0.010817307692307692
0 0.13942307692307693 0.1971153846153846 0.013221153846153846 0.010817307692307692
0 0.17668269230769232 0.13341346153846154 0.007211538461538462 0.007211538461538462
0 0.14903846153846154 0.12620192307692307 0.008413461538461538 0.008413461538461538
0 0.11658653846153846 0.0673076923076923 0.008413461538461538 0.008413461538461538
0 0.10817307692307693 0.05048076923076923 0.008413461538461538 0.007211538461538462
0 0.09254807692307693 0.08653846153846154 0.008413461538461538 0.010817307692307692
0 0.0889423076923077 0.07572115384615384 0.007211538461538462 0.007211538461538462
0 0.025240384615384616 0.015625 0.008413461538461538 0.008413461538461538
0 0.030048076923076924 0.007211538461538462 0.007211538461538462 0.004807692307692308
0 0.040865384615384616 0.003605769230769231 0.009615384615384616 0.007211538461538462
0 0.052884615384615384 0.016826923076923076 0.007211538461538462 0.007211538461538462
0 0.15144230769230768 0.004807692307692308 0.007211538461538462 0.008413461538461538
0 0.15865384615384615 0.020432692307692308 0.010817307692307692 0.008413461538461538
0 0.16466346153846154 0.03245192307692308 0.008413461538461538 0.007211538461538462
0 0.16826923076923078 0.04326923076923077 0.007211538461538462 0.004807692307692308
0 0.16947115384615385 0.054086538461538464 0.007211538461538462 0.008413461538461538
0 0.17427884615384615 0.07091346153846154 0.007211538461538462 0.007211538461538462
0 0.18028846153846154 0.08173076923076923 0.008413461538461538 0.010817307692307692
0 0.18870192307692307 0.09975961538461539 0.008413461538461538 0.007211538461538462
0 0.18389423076923078 0.12379807692307693 0.010817307692307692 0.008413461538461538
0 0.13341346153846154 0.003605769230769231 0.007211538461538462 0.007211538461538462
0 0.13822115384615385 0.02403846153846154 0.007211538461538462 0.007211538461538462
0 0.12139423076923077 0.016826923076923076 0.008413461538461538 0.007211538461538462
0 0.1141826923076923 0.003605769230769231 0.007211538461538462 0.007211538461538462
0 0.046875 0.07211538461538461 0.008413461538461538 0.008413461538461538
0 0.23197115384615385 0.14903846153846154 0.008413461538461538 0.008413461538461538
0 0.24759615384615385 0.16947115384615385 0.008413461538461538 0.010817307692307692
0 0.25961538461538464 0.1814903846153846 0.007211538461538462 0.007211538461538462
0 0.2704326923076923 0.1875 0.008413461538461538 0.007211538461538462
0 0.2932692307692308 0.20072115384615385 0.008413461538461538 0.008413461538461538
0 0.29447115384615385 0.24879807692307693 0.007211538461538462 0.007211538461538462
0 0.23677884615384615 0.2860576923076923 0.008413461538461538 0.008413461538461538
0 0.203125 0.2668269230769231 0.008413461538461538 0.007211538461538462
0 0.0829326923076923 0.25961538461538464 0.008413461538461538 0.007211538461538462
0 0.055288461538461536 0.2439903846153846 0.007211538461538462 0.007211538461538462
0 0.03245192307692308 0.2283653846153846 0.007211538461538462 0.007211538461538462
0 0.12860576923076922 0.28846153846153844 0.008413461538461538 0.008413461538461538
0 0.11177884615384616 0.3076923076923077 0.007211538461538462 0.007211538461538462
0 0.030048076923076924 0.25721153846153844 0.010817307692307692 0.008413461538461538
0 0.22235576923076922 0.20192307692307693 0.007211538461538462 0.007211538461538462
0 0.22355769230769232 0.12980769230769232 0.008413461538461538 0.010817307692307692
0 0.19951923076923078 0.12379807692307693 0.007211538461538462 0.004807692307692308
0 0.20793269230769232 0.0985576923076923 0.007211538461538462 0.007211538461538462
0 0.20072115384615385 0.08533653846153846 0.008413461538461538 0.008413461538461538
0 0.19230769230769232 0.05889423076923077 0.010817307692307692 0.008413461538461538
0 0.1875 0.04447115384615385 0.008413461538461538 0.007211538461538462
0 0.17427884615384615 0.008413461538461538 0.007211538461538462 0.007211538461538462
0 0.08533653846153846 0.021634615384615384 0.008413461538461538 0.007211538461538462
0 0.056490384615384616 0.04927884615384615 0.008413461538461538 0.008413461538461538
0 0.016826923076923076 0.14543269230769232 0.007211538461538462 0.007211538461538462
0 0.01201923076923077 0.13221153846153846 0.007211538461538462 0.007211538461538462
0 0.07091346153846154 0.1875 0.007211538461538462 0.007211538461538462
0 0.14182692307692307 0.22596153846153846 0.004807692307692308 0.007211538461538462
0 0.23076923076923078 0.25841346153846156 0.007211538461538462 0.007211538461538462
0 0.13341346153846154 0.1466346153846154 0.010817307692307692 0.008413461538461538
0 0.14302884615384615 0.04447115384615385 0.007211538461538462 0.007211538461538462
0 0.10817307692307693 0.036057692307692304 0.008413461538461538 0.008413461538461538
0 0.2644230769230769 0.109375 0.007211538461538462 0.007211538461538462
0 0.25721153846153844 0.08052884615384616 0.008413461538461538 0.008413461538461538
0 0.24519230769230768 0.054086538461538464 0.008413461538461538 0.008413461538461538
0 0.23918269230769232 0.028846153846153848 0.008413461538461538 0.008413461538461538
0 0.2283653846153846 0.003605769230769231 0.007211538461538462 0.007211538461538462
0 0.30649038461538464 0.14903846153846154 0.008413461538461538 0.008413461538461538
0 0.30408653846153844 0.13701923076923078 0.008413461538461538 0.008413461538461538
0 0.29086538461538464 0.109375 0.008413461538461538 0.010817307692307692
0 0.2848557692307692 0.09014423076923077 0.010817307692307692 0.008413461538461538
0 0.27163461538461536 0.0733173076923077 0.007211538461538462 0.007211538461538462
0 0.36899038461538464 0.13221153846153846 0.008413461538461538 0.010817307692307692
0 0.45913461538461536 0.003605769230769231 0.009615384615384616 0.007211538461538462
0 0.6057692307692307 0.10096153846153846 0.008413461538461538 0.008413461538461538
0 0.5901442307692307 0.007211538461538462 0.008413461538461538 0.008413461538461538
0 0.9182692307692307 0.7055288461538461 0.010817307692307692 0.015625
0 0.6286057692307693 0.19951923076923078 0.018028846153846152 0.015625
0 0.7487980769230769 0.14302884615384615 0.010817307692307692 0.010817307692307692
0 0.8040865384615384 0.2247596153846154 0.013221153846153846 0.008413461538461538
0 0.8040865384615384 0.1935096153846154 0.008413461538461538 0.008413461538461538
0 0.7884615384615384 0.171875 0.008413461538461538 0.007211538461538462
0 0.7668269230769231 0.1310096153846154 0.010817307692307692 0.008413461538461538
0 0.7560096153846154 0.11778846153846154 0.010817307692307692 0.010817307692307692
0 0.8125 0.2776442307692308 0.007211538461538462 0.007211538461538462
0 0.8569711538461539 0.22716346153846154 0.025240384615384616 0.026442307692307692
0 0.8473557692307693 0.19831730769230768 0.013221153846153846 0.013221153846153846
0 0.8305288461538461 0.17668269230769232 0.015625 0.015625
0 0.6995192307692307 0.09615384615384616 0.010817307692307692 0.010817307692307692
0 0.7091346153846154 0.1045673076923077 0.004807692307692308 0.007211538461538462
0 0.7223557692307693 0.10336538461538461 0.007211538461538462 0.004807692307692308
0 0.7259615384615384 0.08774038461538461 0.007211538461538462 0.004807692307692308
0 0.7379807692307693 0.1045673076923077 0.007211538461538462 0.007211538461538462
0 0.7415865384615384 0.08653846153846154 0.007211538461538462 0.007211538461538462
0 0.7584134615384616 0.09254807692307693 0.007211538461538462 0.008413461538461538
0 0.7764423076923077 0.09975961538461539 0.008413461538461538 0.007211538461538462
0 0.8112980769230769 0.15745192307692307 0.008413461538461538 0.008413461538461538
0 0.7896634615384616 0.14182692307692307 0.007211538461538462 0.004807692307692308
0 0.8016826923076923 0.13221153846153846 0.008413461538461538 0.007211538461538462
0 0.7920673076923077 0.11658653846153846 0.010817307692307692 0.007211538461538462
0 0.6201923076923077 0.10697115384615384 0.010817307692307692 0.010817307692307692
0 0.6983173076923077 0.007211538461538462 0.010817307692307692 0.013221153846153846
0 0.7596153846153846 0.013221153846153846 0.010817307692307692 0.008413461538461538
0 0.9182692307692307 0.09134615384615384 0.007211538461538462 0.010817307692307692
0 0.9266826923076923 0.1045673076923077 0.007211538461538462 0.007211538461538462
0 0.9639423076923077 0.7055288461538461 0.008413461538461538 0.007211538461538462
0 0.9831730769230769 0.7211538461538461 0.007211538461538462 0.008413461538461538
0 0.9122596153846154 0.5805288461538461 0.008413461538461538 0.008413461538461538
0 0.9086538461538461 0.5661057692307693 0.007211538461538462 0.007211538461538462
0 0.8990384615384616 0.5769230769230769 0.004807692307692308 0.004807692307692308
0 0.8990384615384616 0.5588942307692307 0.004807692307692308 0.004807692307692308
0 0.9483173076923077 0.1502403846153846 0.008413461538461538 0.007211538461538462
0 0.6694711538461539 0.11177884615384616 0.013221153846153846 0.010817307692307692
0 0.7319711538461539 0.055288461538461536 0.008413461538461538 0.015625
0 0.8725961538461539 0.27283653846153844 0.010817307692307692 0.013221153846153846
0 0.8846153846153846 0.2536057692307692 0.013221153846153846 0.010817307692307692