0 0.9855769230769231 0.01201923076923077 0.025240384615384616 0.020432692307692308
0 0.9891826923076923 0.20072115384615385 0.018028846153846152 0.02283653846153846
0 0.9879807692307693 0.2439903846153846 0.020432692307692308 0.020432692307692308
0 0.9879807692307693 0.28966346153846156 0.020432692307692308 0.028846153846153848
0 0.7956730769230769 0.008413461538461538 0.025240384615384616 0.015625
0 0.7980769230769231 0.04326923076923077 0.020432692307692308 0.02283653846153846
0 0.7908653846153846 0.08052884615384616 0.026442307692307692 0.028846153846153848
0 0.7884615384615384 0.12379807692307693 0.026442307692307692 0.026442307692307692
0 0.828125 0.026442307692307692 0.015625 0.020432692307692308
0 0.828125 0.06129807692307692 0.025240384615384616 0.02283653846153846
0 0.8317307692307693 0.09495192307692307 0.025240384615384616 0.02283653846153846
0 0.8305288461538461 0.13581730769230768 0.010817307692307692 0.025240384615384616
0 0.8329326923076923 0.17067307692307693 0.03125 0.02283653846153846
0 0.828125 0.21394230769230768 0.03365384615384615 0.03125