0 0.7415865384615384 0.8052884615384616 0.02283653846153846 0.025240384615384616
0 0.20192307692307693 0.8052884615384616 0.020432692307692308 0.015625
0 0.25721153846153844 0.17307692307692307 0.013221153846153846 0.013221153846153846
0 0.25721153846153844 0.15985576923076922 0.018028846153846152 0.008413461538461538
0 0.2536057692307692 0.1310096153846154 0.010817307692307692 0.013221153846153846
0 0.25240384615384615 0.09735576923076923 0.013221153846153846 0.013221153846153846
0 0.2620192307692308 0.11057692307692307 0.015625 0.008413461538461538
0 0.2848557692307692 0.13341346153846154 0.015625 0.008413461538461538
0 0.2860576923076923 0.11658653846153846 0.008413461538461538 0.013221153846153846
0 0.2860576923076923 0.15144230769230768 0.013221153846153846 0.015625
0 0.2800480769230769 0.17067307692307693 0.010817307692307692 0.008413461538461538
0 0.2980769230769231 0.15504807692307693 0.010817307692307692 0.008413461538461538
0 0.29927884615384615 0.13341346153846154 0.004807692307692308 0.008413461538461538
0 0.30288461538461536 0.109375 0.010817307692307692 0.010817307692307692
0 0.2644230769230769 0.20552884615384615 0.010817307692307692 0.008413461538461538
0 0.2824519230769231 0.21033653846153846 0.015625 0.010817307692307692
0 0.30288461538461536 0.21514423076923078 0.015625 0.010817307692307692
0 0.32091346153846156 0.21995192307692307 0.010817307692307692 0.007211538461538462
0 0.3329326923076923 0.21754807692307693 0.008413461538461538 0.010817307692307692
0 0.328125 0.23317307692307693 0.015625 0.010817307692307692
0 0.32572115384615385 0.24519230769230768 0.010817307692307692 0.013221153846153846
0 0.32211538461538464 0.2608173076923077 0.008413461538461538 0.008413461538461538
0 0.328125 0.27524038461538464 0.010817307692307692 0.008413461538461538
0 0.33052884615384615 0.28725961538461536 0.010817307692307692 0.010817307692307692
0 0.2620192307692308 0.23197115384615385 0.010817307692307692 0.008413461538461538
0 0.2932692307692308 0.25841346153846156 0.008413461538461538 0.008413461538461538
0 0.29447115384615385 0.24759615384615385 0.008413461538461538 0.013221153846153846
0 0.2776442307692308 0.2932692307692308 0.010817307692307692 0.013221153846153846
0 0.2764423076923077 0.3076923076923077 0.010817307692307692 0.010817307692307692
0 0.296875 0.2848557692307692 0.013221153846153846 0.010817307692307692
0 0.30288461538461536 0.27283653846153844 0.010817307692307692 0.008413461538461538
0 0.3137019230769231 0.2920673076923077 0.010817307692307692 0.015625
0 0.3269230769230769 0.30288461538461536 0.008413461538461538 0.010817307692307692
0 0.32211538461538464 0.3137019230769231 0.008413461538461538 0.007211538461538462
0 0.32211538461538464 0.3317307692307692 0.013221153846153846 0.010817307692307692
0 0.2620192307692308 0.3173076923076923 0.010817307692307692 0.013221153846153846
0 0.2620192307692308 0.33533653846153844 0.010817307692307692 0.013221153846153846
0 0.296875 0.3858173076923077 0.008413461538461538 0.015625
0 0.2824519230769231 0.36899038461538464 0.010817307692307692 0.008413461538461538
0 0.26322115384615385 0.38100961538461536 0.018028846153846152 0.008413461538461538
0 0.26322115384615385 0.390625 0.013221153846153846 0.010817307692307692
0 0.26322115384615385 0.40384615384615385 0.008413461538461538 0.010817307692307692
0 0.2608173076923077 0.4170673076923077 0.013221153846153846 0.013221153846153846
0 0.3245192307692308 0.3870192307692308 0.013221153846153846 0.013221153846153846
0 0.3737980769230769 0.46033653846153844 0.018028846153846152 0.020432692307692308
0 0.3245192307692308 0.42788461538461536 0.013221153846153846 0.013221153846153846
0 0.42427884615384615 0.5625 0.015625 0.015625
0 0.4375 0.5733173076923077 0.015625 0.015625
0 0.42788461538461536 0.5444711538461539 0.018028846153846152 0.015625
0 0.4423076923076923 0.5588942307692307 0.010817307692307692 0.013221153846153846
0 0.46274038461538464 0.5637019230769231 0.015625 0.010817307692307692
0 0.4723557692307692 0.5757211538461539 0.010817307692307692 0.010817307692307692
0 0.4795673076923077 0.5877403846153846 0.013221153846153846 0.008413461538461538
0 0.49158653846153844 0.5985576923076923 0.013221153846153846 0.013221153846153846
0 0.4795673076923077 0.5625 0.008413461538461538 0.010817307692307692
0 0.5300480769230769 0.5432692307692307 0.015625 0.018028846153846152
0 0.5697115384615384 0.4735576923076923 0.013221153846153846 0.010817307692307692
0 0.578125 0.48197115384615385 0.010817307692307692 0.013221153846153846
0 0.5877403846153846 0.49399038461538464 0.013221153846153846 0.010817307692307692
0 0.6021634615384616 0.5012019230769231 0.015625 0.010817307692307692
0 0.6045673076923077 0.48197115384615385 0.010817307692307692 0.013221153846153846
0 0.6610576923076923 0.47115384615384615 0.015625 0.018028846153846152
0 0.7115384615384616 0.47836538461538464 0.02283653846153846 0.025240384615384616
0 0.4326923076923077 0.07932692307692307 0.02283653846153846 0.013221153846153846
0 0.46274038461538464 0.08052884615384616 0.020432692307692308 0.018028846153846152
0 0.5012019230769231 0.0829326923076923 0.020432692307692308 0.018028846153846152
0 0.5264423076923077 0.0829326923076923 0.018028846153846152 0.008413461538461538
0 0.5516826923076923 0.0829326923076923 0.02283653846153846 0.013221153846153846
0 0.5721153846153846 0.08413461538461539 0.013221153846153846 0.015625
0 0.5877403846153846 0.08413461538461539 0.013221153846153846 0.015625
0 0.6286057692307693 0.078125 0.008413461538461538 0.015625
0 0.6466346153846154 0.08173076923076923 0.018028846153846152 0.010817307692307692
0 0.6658653846153846 0.0829326923076923 0.007211538461538462 0.013221153846153846
0 0.4651442307692308 0.21754807692307693 0.015625 0.010817307692307692
0 0.4963942307692308 0.21514423076923078 0.015625 0.010817307692307692
0 0.5120192307692307 0.21514423076923078 0.010817307692307692 0.010817307692307692
0 0.5264423076923077 0.21634615384615385 0.010817307692307692 0.013221153846153846
0 0.5432692307692307 0.21394230769230768 0.018028846153846152 0.013221153846153846
0 0.5625 0.21514423076923078 0.013221153846153846 0.015625
0 0.5769230769230769 0.21634615384615385 0.008413461538461538 0.008413461538461538
0 0.5913461538461539 0.2127403846153846 0.010817307692307692 0.015625
0 0.6033653846153846 0.2127403846153846 0.018028846153846152 0.010817307692307692
0 0.6322115384615384 0.21394230769230768 0.010817307692307692 0.013221153846153846
0 0.6478365384615384 0.21394230769230768 0.015625 0.008413461538461538
0 0.6670673076923077 0.21153846153846154 0.013221153846153846 0.013221153846153846
0 0.6814903846153846 0.2127403846153846 0.010817307692307692 0.015625
0 0.6838942307692307 0.1971153846153846 0.020432692307692308 0.010817307692307692
0 0.6862980769230769 0.17427884615384615 0.010817307692307692 0.015625
0 0.6826923076923077 0.15745192307692307 0.013221153846153846 0.004807692307692308
0 0.6790865384615384 0.1466346153846154 0.010817307692307692 0.013221153846153846
0 0.6850961538461539 0.13221153846153846 0.013221153846153846 0.010817307692307692
0 0.6826923076923077 0.11538461538461539 0.018028846153846152 0.013221153846153846
0 0.46634615384615385 0.1346153846153846 0.008413461538461538 0.008413461538461538
0 0.4807692307692308 0.13341346153846154 0.010817307692307692 0.010817307692307692
0 0.4567307692307692 0.11899038461538461 0.013221153846153846 0.013221153846153846
0 0.4567307692307692 0.1045673076923077 0.013221153846153846 0.010817307692307692
0 0.4110576923076923 0.109375 0.010817307692307692 0.010817307692307692
0 0.4206730769230769 0.11057692307692307 0.013221153846153846 0.018028846153846152
0 0.4387019230769231 0.11899038461538461 0.013221153846153846 0.008413461538461538
0 0.3894230769230769 0.13822115384615385 0.018028846153846152 0.010817307692307692
0 0.38100961538461536 0.12259615384615384 0.008413461538461538 0.010817307692307692
0 0.3954326923076923 0.12379807692307693 0.010817307692307692 0.008413461538461538
0 0.5745192307692307 0.1141826923076923 0.018028846153846152 0.015625
0 0.5877403846153846 0.0985576923076923 0.013221153846153846 0.013221153846153846
0 0.6262019230769231 0.29447115384615385 0.018028846153846152 0.026442307692307692
0 0.5985576923076923 0.296875 0.015625 0.02283653846153846
0 0.5408653846153846 0.296875 0.02283653846153846 0.018028846153846152
0 0.5685096153846154 0.2980769230769231 0.015625 0.010817307692307692
0 0.41466346153846156 0.40865384615384615 0.008413461538461538 0.010817307692307692
0 0.39903846153846156 0.40865384615384615 0.008413461538461538 0.010817307692307692
0 0.37740384615384615 0.41466346153846156 0.007211538461538462 0.008413461538461538
0 0.4375 0.3894230769230769 0.015625 0.013221153846153846
0 0.4735576923076923 0.3894230769230769 0.013221153846153846 0.013221153846153846
0 0.49158653846153844 0.38822115384615385 0.007211538461538462 0.010817307692307692
0 0.5096153846153846 0.38822115384615385 0.015625 0.010817307692307692
0 0.5288461538461539 0.3858173076923077 0.008413461538461538 0.010817307692307692
0 0.5480769230769231 0.38341346153846156 0.010817307692307692 0.010817307692307692
0 0.5949519230769231 0.38822115384615385 0.013221153846153846 0.010817307692307692
0 0.5985576923076923 0.40024038461538464 0.008413461538461538 0.010817307692307692
0 0.5240384615384616 0.4170673076923077 0.010817307692307692 0.008413461538461538
0 0.5408653846153846 0.41346153846153844 0.008413461538461538 0.010817307692307692
0 0.5588942307692307 0.41225961538461536 0.008413461538461538 0.008413461538461538
0 0.5673076923076923 0.3894230769230769 0.008413461538461538 0.008413461538461538
0 0.5757211538461539 0.3870192307692308 0.010817307692307692 0.008413461538461538
0 0.7824519230769231 0.328125 0.010817307692307692 0.015625
0 0.7487980769230769 0.34615384615384615 0.010817307692307692 0.015625
0 0.7475961538461539 0.3701923076923077 0.013221153846153846 0.010817307692307692
0 0.8461538461538461 0.5132211538461539 0.028846153846153848 0.026442307692307692
0 0.7572115384615384 0.25240384615384615 0.02283653846153846 0.013221153846153846
0 0.8545673076923077 0.328125 0.010817307692307692 0.015625
0 0.8401442307692307 0.3269230769230769 0.013221153846153846 0.013221153846153846
0 0.8173076923076923 0.33052884615384615 0.013221153846153846 0.010817307692307692
0 0.8004807692307693 0.33052884615384615 0.010817307692307692 0.010817307692307692
0 0.8737980769230769 0.3485576923076923 0.013221153846153846 0.008413461538461538
0 0.8197115384615384 0.41346153846153844 0.013221153846153846 0.010817307692307692
0 0.8665865384615384 0.41225961538461536 0.015625 0.013221153846153846
0 0.9651442307692307 0.23076923076923078 0.010817307692307692 0.015625
0 0.9278846153846154 0.27403846153846156 0.013221153846153846 0.015625
0 0.8942307692307693 0.9350961538461539 0.013221153846153846 0.018028846153846152
0 0.9170673076923077 0.9915865384615384 0.013221153846153846 0.013221153846153846
0 0.8858173076923077 0.9675480769230769 0.010817307692307692 0.015625
0 0.8221153846153846 0.6346153846153846 0.013221153846153846 0.018028846153846152
0 0.7259615384615384 0.6237980769230769 0.010817307692307692 0.013221153846153846
0 0.7524038461538461 0.28125 0.013221153846153846 0.018028846153846152
0 0.7596153846153846 0.29447115384615385 0.015625 0.013221153846153846
0 0.7764423076923077 0.3016826923076923 0.010817307692307692 0.008413461538461538
0 0.7896634615384616 0.30408653846153844 0.010817307692307692 0.013221153846153846
0 0.8125 0.2956730769230769 0.008413461538461538 0.015625
0 0.6454326923076923 0.02403846153846154 0.010817307692307692 0.010817307692307692
0 0.6622596153846154 0.02283653846153846 0.013221153846153846 0.018028846153846152
0 0.6995192307692307 0.02403846153846154 0.015625 0.015625
0 0.7295673076923077 0.021634615384615384 0.018028846153846152 0.010817307692307692
0 0.7475961538461539 0.02283653846153846 0.013221153846153846 0.013221153846153846
0 0.765625 0.020432692307692308 0.013221153846153846 0.018028846153846152
0 0.7848557692307693 0.02403846153846154 0.010817307692307692 0.015625
0 0.546875 0.021634615384615384 0.018028846153846152 0.015625
0 0.5805288461538461 0.020432692307692308 0.015625 0.018028846153846152
0 0.8497596153846154 0.021634615384615384 0.015625 0.015625
0 0.8425480769230769 0.013221153846153846 0.018028846153846152 0.018028846153846152
0 0.8701923076923077 0.026442307692307692 0.020432692307692308 0.013221153846153846
0 0.8713942307692307 0.01201923076923077 0.026442307692307692 0.015625
0 0.8966346153846154 0.021634615384615384 0.026442307692307692 0.015625
0 0.9182692307692307 0.015625 0.025240384615384616 0.018028846153846152
0 0.9807692307692307 0.19230769230769232 0.015625 0.015625
0 0.9807692307692307 0.171875 0.015625 0.015625
0 0.9771634615384616 0.15384615384615385 0.018028846153846152 0.015625
0 0.9795673076923077 0.13341346153846154 0.018028846153846152 0.015625
0 0.9819711538461539 0.1141826923076923 0.02283653846153846 0.015625
0 0.9759615384615384 0.09615384615384616 0.015625 0.015625
0 0.9134615384615384 0.09735576923076923 0.010817307692307692 0.018028846153846152
0 0.875 0.078125 0.015625 0.010817307692307692
0 0.8918269230769231 0.07932692307692307 0.013221153846153846 0.013221153846153846
0 0.9110576923076923 0.07932692307692307 0.015625 0.013221153846153846
0 0.9290865384615384 0.0829326923076923 0.015625 0.013221153846153846
0 0.9495192307692307 0.08774038461538461 0.020432692307692308 0.013221153846153846
0 0.9543269230769231 0.2091346153846154 0.015625 0.013221153846153846
0 0.9483173076923077 0.22596153846153846 0.018028846153846152 0.015625
0 0.984375 0.24158653846153846 0.013221153846153846 0.018028846153846152
0 0.9891826923076923 0.33052884615384615 0.013221153846153846 0.015625
0 0.9903846153846154 0.3112980769230769 0.015625 0.013221153846153846
0 0.984375 0.2764423076923077 0.013221153846153846 0.013221153846153846
0 0.8762019230769231 0.31971153846153844 0.013221153846153846 0.026442307692307692
0 0.8870192307692307 0.41346153846153844 0.008413461538461538 0.010817307692307692
0 0.9014423076923077 0.4110576923076923 0.013221153846153846 0.015625
0 0.9146634615384616 0.4074519230769231 0.013221153846153846 0.013221153846153846
0 0.9170673076923077 0.3918269230769231 0.013221153846153846 0.013221153846153846
0 0.9122596153846154 0.3713942307692308 0.018028846153846152 0.013221153846153846
0 0.8894230769230769 0.36658653846153844 0.018028846153846152 0.010817307692307692
0 0.7584134615384616 0.32572115384615385 0.013221153846153846 0.010817307692307692
0 0.8353365384615384 0.24158653846153846 0.018028846153846152 0.013221153846153846
0 0.8329326923076923 0.22355769230769232 0.018028846153846152 0.015625
0 0.8533653846153846 0.24278846153846154 0.018028846153846152 0.013221153846153846
0 0.8774038461538461 0.2439903846153846 0.025240384615384616 0.010817307692307692
0 0.9002403846153846 0.24278846153846154 0.015625 0.008413461538461538
0 0.9266826923076923 0.2091346153846154 0.015625 0.013221153846153846
0 0.7139423076923077 0.13221153846153846 0.008413461538461538 0.010817307692307692
0 0.7139423076923077 0.14543269230769232 0.013221153846153846 0.007211538461538462
0 0.7151442307692307 0.15745192307692307 0.010817307692307692 0.013221153846153846
0 0.7139423076923077 0.18509615384615385 0.013221153846153846 0.013221153846153846
0 0.7139423076923077 0.2247596153846154 0.008413461538461538 0.008413461538461538
0 0.7139423076923077 0.25240384615384615 0.013221153846153846 0.008413461538461538
0 0.7151442307692307 0.28125 0.010817307692307692 0.013221153846153846
0 0.7163461538461539 0.31850961538461536 0.013221153846153846 0.010817307692307692
0 0.7151442307692307 0.3425480769230769 0.010817307692307692 0.008413461538461538
0 0.7103365384615384 0.36778846153846156 0.010817307692307692 0.015625
0 0.7800480769230769 0.4483173076923077 0.020432692307692308 0.018028846153846152
0 0.8004807692307693 0.453125 0.010817307692307692 0.013221153846153846
0 0.8161057692307693 0.45072115384615385 0.010817307692307692 0.013221153846153846
0 0.8305288461538461 0.4519230769230769 0.013221153846153846 0.010817307692307692
0 0.8461538461538461 0.453125 0.010817307692307692 0.013221153846153846
0 0.8605769230769231 0.4495192307692308 0.013221153846153846 0.010817307692307692
0 0.8798076923076923 0.4495192307692308 0.015625 0.010817307692307692
0 0.8990384615384616 0.4483173076923077 0.013221153846153846 0.008413461538461538
0 0.9170673076923077 0.4483173076923077 0.008413461538461538 0.008413461538461538
0 0.9411057692307693 0.4519230769230769 0.013221153846153846 0.020432692307692308
0 0.9603365384615384 0.453125 0.015625 0.018028846153846152
0 0.9771634615384616 0.45072115384615385 0.013221153846153846 0.013221153846153846
0 0.8016826923076923 0.8581730769230769 0.013221153846153846 0.013221153846153846
0 0.8125 0.8786057692307693 0.018028846153846152 0.013221153846153846
0 0.8305288461538461 0.890625 0.010817307692307692 0.015625
0 0.8413461538461539 0.9146634615384616 0.010817307692307692 0.013221153846153846
0 0.8533653846153846 0.9242788461538461 0.008413461538461538 0.015625
0 0.8701923076923077 0.9278846153846154 0.015625 0.013221153846153846
0 0.9134615384615384 0.9459134615384616 0.015625 0.013221153846153846
0 0.9242788461538461 0.9615384615384616 0.010817307692307692 0.013221153846153846
0 0.7716346153846154 0.9555288461538461 0.010817307692307692 0.013221153846153846
0 0.7836538461538461 0.9447115384615384 0.013221153846153846 0.020432692307692308
0 0.7127403846153846 0.8834134615384616 0.010817307692307692 0.013221153846153846
0 0.051682692307692304 0.6057692307692307 0.013221153846153846 0.018028846153846152
0 0.18389423076923078 0.45552884615384615 0.010817307692307692 0.018028846153846152
0 0.13581730769230768 0.19831730769230768 0.015625 0.018028846153846152
0 0.17908653846153846 0.24158653846153846 0.015625 0.015625
0 0.17908653846153846 0.2247596153846154 0.015625 0.013221153846153846
0 0.15865384615384615 0.34975961538461536 0.015625 0.015625
0 0.1658653846153846 0.15985576923076922 0.010817307692307692 0.013221153846153846
0 0.17427884615384615 0.17548076923076922 0.010817307692307692 0.008413461538461538
0 0.1778846153846154 0.07211538461538461 0.013221153846153846 0.013221153846153846
0 0.15985576923076922 0.11177884615384616 0.008413461538461538 0.010817307692307692
0 0.12379807692307693 0.08653846153846154 0.008413461538461538 0.010817307692307692
0 0.12740384615384615 0.07091346153846154 0.007211538461538462 0.010817307692307692
0 0.12620192307692307 0.056490384615384616 0.008413461538461538 0.013221153846153846
0 0.13942307692307693 0.03485576923076923 0.008413461538461538 0.010817307692307692
0 0.14783653846153846 0.0985576923076923 0.010817307692307692 0.010817307692307692
0 0.16346153846153846 0.12379807692307693 0.007211538461538462 0.013221153846153846
0 0.1778846153846154 0.13581730769230768 0.008413461538461538 0.010817307692307692
0 0.17427884615384615 0.12139423076923077 0.010817307692307692 0.008413461538461538
0 0.17548076923076922 0.0985576923076923 0.008413461538461538 0.010817307692307692
0 0.12379807692307693 0.007211538461538462 0.008413461538461538 0.008413461538461538
0 0.13581730769230768 0.008413461538461538 0.010817307692307692 0.008413461538461538
0 0.1502403846153846 0.007211538461538462 0.010817307692307692 0.008413461538461538
0 0.16466346153846154 0.006009615384615385 0.013221153846153846 0.010817307692307692
0 0.16826923076923078 0.019230769230769232 0.010817307692307692 0.010817307692307692
0 0.15144230769230768 0.019230769230769232 0.007211538461538462 0.010817307692307692
0 0.13822115384615385 0.020432692307692308 0.010817307692307692 0.008413461538461538
0 0.15144230769230768 0.04807692307692308 0.008413461538461538 0.007211538461538462
0 0.13822115384615385 0.04807692307692308 0.010817307692307692 0.010817307692307692
0 0.15384615384615385 0.05889423076923077 0.010817307692307692 0.008413461538461538
0 0.13822115384615385 0.07451923076923077 0.010817307692307692 0.008413461538461538
0 0.13581730769230768 0.125 0.010817307692307692 0.010817307692307692
0 0.026442307692307692 0.11177884615384616 0.008413461538461538 0.010817307692307692
0 0.18028846153846154 0.04447115384615385 0.008413461538461538 0.015625
0 0.037259615384615384 0.008413461538461538 0.010817307692307692 0.010817307692307692
0 0.04807692307692308 0.0985576923076923 0.010817307692307692 0.010817307692307692
0 0.051682692307692304 0.109375 0.013221153846153846 0.010817307692307692
0 0.051682692307692304 0.11899038461538461 0.013221153846153846 0.013221153846153846
0 0.06370192307692307 0.12259615384615384 0.010817307692307692 0.010817307692307692
0 0.07572115384615384 0.12139423076923077 0.010817307692307692 0.013221153846153846
0 0.078125 0.08653846153846154 0.010817307692307692 0.010817307692307692
0 0.09014423076923077 0.0985576923076923 0.013221153846153846 0.008413461538461538
0 0.1045673076923077 0.109375 0.010817307692307692 0.010817307692307692
0 0.17668269230769232 0.2764423076923077 0.010817307692307692 0.013221153846153846
0 0.15144230769230768 0.1622596153846154 0.008413461538461538 0.008413461538461538
0 0.11298076923076923 0.13341346153846154 0.008413461538461538 0.010817307692307692
0 0.14302884615384615 0.8605769230769231 0.010817307692307692 0.013221153846153846
0 0.140625 0.8461538461538461 0.010817307692307692 0.010817307692307692
0 0.15264423076923078 0.8413461538461539 0.008413461538461538 0.010817307692307692
0 0.15625 0.8557692307692307 0.010817307692307692 0.008413461538461538
0 0.1778846153846154 0.7115384615384616 0.008413461538461538 0.013221153846153846
0 0.0829326923076923 0.6454326923076923 0.013221153846153846 0.020432692307692308
0 0.13701923076923078 0.6875 0.013221153846153846 0.013221153846153846
0 0.12259615384615384 0.6838942307692307 0.010817307692307692 0.015625
0 0.13341346153846154 0.6706730769230769 0.013221153846153846 0.013221153846153846
0 0.11778846153846154 0.6658653846153846 0.010817307692307692 0.010817307692307692
0 0.3485576923076923 0.03245192307692308 0.008413461538461538 0.010817307692307692
0 0.30408653846153844 0.03365384615384615 0.008413461538461538 0.008413461538461538
0 0.2824519230769231 0.03245192307692308 0.010817307692307692 0.010817307692307692
0 0.390625 0.01201923076923077 0.010817307692307692 0.010817307692307692
0 0.06610576923076923 0.057692307692307696 0.010817307692307692 0.010817307692307692