0 0.8966346153846154 0.04927884615384615 0.018028846153846152 0.018028846153846152
0 0.9206730769230769 0.09254807692307693 0.02283653846153846 0.02283653846153846
0 0.9807692307692307 0.12139423076923077 0.015625 0.02283653846153846
0 0.9086538461538461 0.296875 0.020432692307692308 0.026442307692307692
0 0.8966346153846154 0.3629807692307692 0.02283653846153846 0.02283653846153846
0 0.7992788461538461 0.4567307692307692 0.018028846153846152 0.018028846153846152
0 0.9735576923076923 0.33533653846153844 0.018028846153846152 0.026442307692307692
0 0.9795673076923077 0.4230769230769231 0.013221153846153846 0.02283653846153846
0 0.3401442307692308 0.6670673076923077 0.02283653846153846 0.02283653846153846
0 0.06129807692307692 0.6694711538461539 0.02283653846153846 0.025240384615384616
0 0.9663461538461539 0.9819711538461539 0.018028846153846152 0.008413461538461538
0 0.015625 0.8810096153846154 0.018028846153846152 0.02283653846153846
0 0.02283653846153846 0.9194711538461539 0.018028846153846152 0.025240384615384616