0 0.9603365384615384 0.5685096153846154 0.007211538461538462 0.007211538461538462
0 0.9423076923076923 0.5805288461538461 0.007211538461538462 0.008413461538461538
0 0.9567307692307693 0.5949519230769231 0.008413461538461538 0.013221153846153846
0 0.9627403846153846 0.5528846153846154 0.007211538461538462 0.007211538461538462
0 0.9399038461538461 0.5492788461538461 0.007211538461538462 0.008413461538461538
0 0.9242788461538461 0.5540865384615384 0.007211538461538462 0.008413461538461538
0 0.9170673076923077 0.5480769230769231 0.004807692307692308 0.007211538461538462
0 0.9411057692307693 0.5288461538461539 0.008413461538461538 0.008413461538461538
0 0.9314903846153846 0.5204326923076923 0.007211538461538462 0.008413461538461538
0 0.9206730769230769 0.5108173076923077 0.008413461538461538 0.008413461538461538
0 0.9122596153846154 0.5012019230769231 0.008413461538461538 0.007211538461538462
0 0.90625 0.49158653846153844 0.007211538461538462 0.007211538461538462
0 0.8858173076923077 0.5192307692307693 0.007211538461538462 0.007211538461538462
0 0.8725961538461539 0.46875 0.010817307692307692 0.008413461538461538
0 0.8846153846153846 0.484375 0.008413461538461538 0.008413461538461538
0 0.9002403846153846 0.47596153846153844 0.007211538461538462 0.007211538461538462
0 0.8569711538461539 0.47475961538461536 0.007211538461538462 0.004807692307692308
0 0.8449519230769231 0.46274038461538464 0.008413461538461538 0.010817307692307692
0 0.8725961538461539 0.4495192307692308 0.007211538461538462 0.007211538461538462
0 0.7944711538461539 0.5048076923076923 0.007211538461538462 0.004807692307692308
0 0.8401442307692307 0.5612980769230769 0.008413461538461538 0.008413461538461538
0 0.8413461538461539 0.40384615384615385 0.010817307692307692 0.010817307692307692
0 0.8521634615384616 0.4170673076923077 0.007211538461538462 0.008413461538461538
0 0.8425480769230769 0.4206730769230769 0.004807692307692308 0.008413461538461538
0 0.828125 0.43990384615384615 0.007211538461538462 0.007211538461538462
0 0.859375 0.4411057692307692 0.007211538461538462 0.008413461538461538
0 0.8930288461538461 0.44711538461538464 0.007211538461538462 0.007211538461538462
0 0.9026442307692307 0.45552884615384615 0.004807692307692308 0.004807692307692308
0 0.9158653846153846 0.46274038461538464 0.007211538461538462 0.007211538461538462
0 0.9266826923076923 0.4675480769230769 0.007211538461538462 0.007211538461538462
0 0.921875 0.38221153846153844 0.007211538461538462 0.007211538461538462
0 0.90625 0.3737980769230769 0.007211538461538462 0.004807692307692308
0 0.8942307692307693 0.36658653846153844 0.008413461538461538 0.007211538461538462
0 0.8834134615384616 0.359375 0.007211538461538462 0.007211538461538462
0 0.8713942307692307 0.35216346153846156 0.008413461538461538 0.007211538461538462
0 0.9146634615384616 0.41947115384615385 0.008413461538461538 0.007211538461538462
0 0.8882211538461539 0.40384615384615385 0.002403846153846154 0.007211538461538462
0 0.8509615384615384 0.38100961538461536 0.004807692307692308 0.004807692307692308
0 0.8413461538461539 0.3713942307692308 0.007211538461538462 0.004807692307692308
0 0.8365384615384616 0.390625 0.007211538461538462 0.007211538461538462
0 0.8305288461538461 0.38341346153846156 0.007211538461538462 0.008413461538461538
0 0.8245192307692307 0.39783653846153844 0.004807692307692308 0.010817307692307692
0 0.8137019230769231 0.41586538461538464 0.007211538461538462 0.007211538461538462
0 0.7992788461538461 0.3942307692307692 0.008413461538461538 0.008413461538461538
0 0.7824519230769231 0.3701923076923077 0.007211538461538462 0.010817307692307692
0 0.7956730769230769 0.38341346153846156 0.007211538461538462 0.007211538461538462
0 0.8125 0.3762019230769231 0.007211538461538462 0.008413461538461538
0 0.8197115384615384 0.36658653846153844 0.008413461538461538 0.008413461538461538
0 0.8112980769230769 0.34615384615384615 0.004807692307692308 0.007211538461538462
0 0.7944711538461539 0.3557692307692308 0.007211538461538462 0.008413461538461538
0 0.7992788461538461 0.33052884615384615 0.004807692307692308 0.013221153846153846
0 0.7848557692307693 0.328125 0.007211538461538462 0.015625
0 0.7896634615384616 0.3088942307692308 0.007211538461538462 0.008413461538461538
0 0.8100961538461539 0.3125 0.007211538461538462 0.008413461538461538
0 0.8233173076923077 0.32211538461538464 0.007211538461538462 0.008413461538461538
0 0.8365384615384616 0.33052884615384615 0.007211538461538462 0.007211538461538462
0 0.9915865384615384 0.34615384615384615 0.004807692307692308 0.007211538461538462
0 0.9819711538461539 0.3389423076923077 0.004807692307692308 0.007211538461538462
0 0.8713942307692307 0.3076923076923077 0.008413461538461538 0.007211538461538462
0 0.8497596153846154 0.33533653846153844 0.007211538461538462 0.008413461538461538
0 0.8569711538461539 0.296875 0.007211538461538462 0.008413461538461538
0 0.8413461538461539 0.28966346153846156 0.007211538461538462 0.007211538461538462
0 0.8353365384615384 0.2800480769230769 0.008413461538461538 0.007211538461538462
0 0.8185096153846154 0.2764423076923077 0.007211538461538462 0.007211538461538462
0 0.8064903846153846 0.265625 0.008413461538461538 0.008413461538461538
0 0.7944711538461539 0.25841346153846156 0.008413461538461538 0.008413461538461538
0 0.8173076923076923 0.2439903846153846 0.008413461538461538 0.010817307692307692
0 0.7764423076923077 0.2848557692307692 0.013221153846153846 0.010817307692307692
0 0.7644230769230769 0.27524038461538464 0.015625 0.004807692307692308
0 0.765625 0.2620192307692308 0.008413461538461538 0.010817307692307692
0 0.7560096153846154 0.25 0.010817307692307692 0.008413461538461538
0 0.9014423076923077 0.2848557692307692 0.008413461538461538 0.007211538461538462
0 0.8882211538461539 0.2848557692307692 0.007211538461538462 0.007211538461538462
0 0.8762019230769231 0.2764423076923077 0.004807692307692308 0.007211538461538462
0 0.8076923076923077 0.23918269230769232 0.007211538461538462 0.008413461538461538
0 0.796875 0.23197115384615385 0.004807692307692308 0.004807692307692308
0 0.7896634615384616 0.22596153846153846 0.007211538461538462 0.007211538461538462
0 0.7475961538461539 0.24158653846153846 0.008413461538461538 0.008413461538461538
0 0.7487980769230769 0.23076923076923078 0.007211538461538462 0.007211538461538462
0 0.7403846153846154 0.22355769230769232 0.007211538461538462 0.008413461538461538
0 0.7788461538461539 0.21875 0.008413461538461538 0.008413461538461538
0 0.7716346153846154 0.2127403846153846 0.007211538461538462 0.007211538461538462
0 0.7307692307692307 0.20552884615384615 0.007211538461538462 0.008413461538461538
0 0.7608173076923077 0.20552884615384615 0.008413461538461538 0.007211538461538462
0 0.7283653846153846 0.19471153846153846 0.007211538461538462 0.007211538461538462
0 0.7211538461538461 0.18990384615384615 0.004807692307692308 0.007211538461538462
0 0.7764423076923077 0.2439903846153846 0.007211538461538462 0.007211538461538462
0 0.75 0.1971153846153846 0.008413461538461538 0.007211538461538462
0 0.7139423076923077 0.18269230769230768 0.008413461538461538 0.008413461538461538
0 0.7043269230769231 0.19471153846153846 0.007211538461538462 0.007211538461538462
0 0.7079326923076923 0.20793269230769232 0.007211538461538462 0.007211538461538462
0 0.7139423076923077 0.22115384615384615 0.008413461538461538 0.008413461538461538
0 0.7235576923076923 0.234375 0.008413461538461538 0.008413461538461538
0 0.7283653846153846 0.24519230769230768 0.007211538461538462 0.008413461538461538
0 0.7319711538461539 0.25841346153846156 0.008413461538461538 0.008413461538461538
0 0.7379807692307693 0.27283653846153844 0.007211538461538462 0.008413461538461538
0 0.7548076923076923 0.3076923076923077 0.008413461538461538 0.007211538461538462
0 0.75 0.296875 0.004807692307692308 0.013221153846153846
0 0.7596153846153846 0.3173076923076923 0.007211538461538462 0.008413461538461538
0 0.7632211538461539 0.328125 0.008413461538461538 0.010817307692307692
0 0.7728365384615384 0.34375 0.008413461538461538 0.010817307692307692
0 0.9362980769230769 0.24879807692307693 0.007211538461538462 0.007211538461538462
0 0.9254807692307693 0.24158653846153846 0.008413461538461538 0.008413461538461538
0 0.9146634615384616 0.23317307692307693 0.008413461538461538 0.010817307692307692
0 0.9014423076923077 0.22716346153846154 0.007211538461538462 0.008413461538461538
0 0.8665865384615384 0.2704326923076923 0.004807692307692308 0.008413461538461538
0 0.9735576923076923 0.3317307692307692 0.007211538461538462 0.007211538461538462
0 0.8137019230769231 0.1875 0.007211538461538462 0.007211538461538462
0 0.8040865384615384 0.17427884615384615 0.004807692307692308 0.007211538461538462
0 0.7944711538461539 0.17427884615384615 0.007211538461538462 0.007211538461538462
0 0.9723557692307693 0.2091346153846154 0.010817307692307692 0.008413461538461538
0 0.9567307692307693 0.1971153846153846 0.004807692307692308 0.007211538461538462
0 0.9483173076923077 0.19471153846153846 0.004807692307692308 0.007211538461538462
0 0.9350961538461539 0.18629807692307693 0.004807692307692308 0.007211538461538462
0 0.9855769230769231 0.20072115384615385 0.007211538461538462 0.004807692307692308
0 0.9675480769230769 0.18870192307692307 0.007211538461538462 0.004807692307692308
0 0.9543269230769231 0.18629807692307693 0.007211538461538462 0.007211538461538462
0 0.7283653846153846 0.16346153846153846 0.007211538461538462 0.007211538461538462
0 0.7175480769230769 0.15504807692307693 0.007211538461538462 0.004807692307692308
0 0.7175480769230769 0.14302884615384615 0.007211538461538462 0.007211538461538462
0 0.7103365384615384 0.12980769230769232 0.007211538461538462 0.007211538461538462
0 0.7103365384615384 0.11899038461538461 0.007211538461538462 0.008413461538461538
0 0.7163461538461539 0.10817307692307693 0.008413461538461538 0.004807692307692308
0 0.7283653846153846 0.11538461538461539 0.007211538461538462 0.004807692307692308
0 0.7427884615384616 0.1346153846153846 0.008413461538461538 0.013221153846153846
0 0.7596153846153846 0.1502403846153846 0.007211538461538462 0.007211538461538462
0 0.7752403846153846 0.15625 0.008413461538461538 0.007211538461538462
0 0.6971153846153846 0.16947115384615385 0.007211538461538462 0.007211538461538462
0 0.8725961538461539 0.15144230769230768 0.007211538461538462 0.007211538461538462
0 0.9867788461538461 0.75 0.008413461538461538 0.013221153846153846
0 0.9711538461538461 0.765625 0.013221153846153846 0.008413461538461538
0 0.9567307692307693 0.7536057692307693 0.004807692307692308 0.010817307692307692
0 0.9807692307692307 0.7259615384615384 0.010817307692307692 0.010817307692307692
0 0.9591346153846154 0.7355769230769231 0.008413461538461538 0.010817307692307692
0 0.9038461538461539 0.6550480769230769 0.015625 0.013221153846153846
0 0.8858173076923077 0.65625 0.010817307692307692 0.010817307692307692
0 0.8725961538461539 0.6574519230769231 0.007211538461538462 0.008413461538461538
0 0.859375 0.6574519230769231 0.007211538461538462 0.008413461538461538
0 0.8425480769230769 0.65625 0.008413461538461538 0.010817307692307692
0 0.8209134615384616 0.6514423076923077 0.010817307692307692 0.007211538461538462
0 0.8064903846153846 0.6418269230769231 0.008413461538461538 0.008413461538461538
0 0.7920673076923077 0.6298076923076923 0.010817307692307692 0.015625
0 0.7596153846153846 0.6033653846153846 0.010817307692307692 0.008413461538461538
0 0.75 0.5889423076923077 0.008413461538461538 0.010817307692307692
0 0.7451923076923077 0.5757211538461539 0.008413461538461538 0.010817307692307692
0 0.7355769230769231 0.5625 0.015625 0.013221153846153846
0 0.7307692307692307 0.5336538461538461 0.010817307692307692 0.013221153846153846
0 0.7235576923076923 0.5036057692307693 0.010817307692307692 0.010817307692307692
0 0.7307692307692307 0.4891826923076923 0.010817307692307692 0.008413461538461538
0 0.7331730769230769 0.4651442307692308 0.007211538461538462 0.010817307692307692
0 0.7379807692307693 0.44471153846153844 0.007211538461538462 0.010817307692307692
0 0.7019230769230769 0.4963942307692308 0.007211538461538462 0.007211538461538462
0 0.7163461538461539 0.5625 0.013221153846153846 0.010817307692307692
0 0.7367788461538461 0.5913461538461539 0.008413461538461538 0.010817307692307692
0 0.7223557692307693 0.5757211538461539 0.007211538461538462 0.007211538461538462
0 0.7115384615384616 0.5444711538461539 0.008413461538461538 0.010817307692307692
0 0.6778846153846154 0.5480769230769231 0.008413461538461538 0.010817307692307692
0 0.6334134615384616 0.5456730769230769 0.010817307692307692 0.010817307692307692
0 0.6105769230769231 0.5492788461538461 0.013221153846153846 0.013221153846153846
0 0.5925480769230769 0.5504807692307693 0.008413461538461538 0.010817307692307692
0 0.6346153846153846 0.49038461538461536 0.008413461538461538 0.010817307692307692
0 0.6514423076923077 0.4951923076923077 0.008413461538461538 0.008413461538461538
0 0.6622596153846154 0.47836538461538464 0.013221153846153846 0.015625
0 0.6850961538461539 0.4891826923076923 0.013221153846153846 0.013221153846153846
0 0.6658653846153846 0.49399038461538464 0.010817307692307692 0.010817307692307692
0 0.7019230769230769 0.44711538461538464 0.007211538461538462 0.007211538461538462
0 0.6875 0.4362980769230769 0.013221153846153846 0.010817307692307692
0 0.7055288461538461 0.4326923076923077 0.008413461538461538 0.008413461538461538
0 0.6526442307692307 0.4362980769230769 0.008413461538461538 0.007211538461538462
0 0.6418269230769231 0.4326923076923077 0.008413461538461538 0.008413461538461538
0 0.6574519230769231 0.4230769230769231 0.008413461538461538 0.008413461538461538
0 0.6694711538461539 0.42427884615384615 0.013221153846153846 0.010817307692307692
0 0.6947115384615384 0.41947115384615385 0.010817307692307692 0.007211538461538462
0 0.6875 0.4014423076923077 0.007211538461538462 0.008413461538461538
0 0.6814903846153846 0.3894230769230769 0.007211538461538462 0.008413461538461538
0 0.6742788461538461 0.3762019230769231 0.007211538461538462 0.013221153846153846
0 0.71875 0.40024038461538464 0.004807692307692308 0.010817307692307692
0 0.6983173076923077 0.3942307692307692 0.008413461538461538 0.008413461538461538
0 0.7055288461538461 0.3786057692307692 0.008413461538461538 0.008413461538461538
0 0.6790865384615384 0.3557692307692308 0.007211538461538462 0.008413461538461538
0 0.6826923076923077 0.3233173076923077 0.008413461538461538 0.007211538461538462
0 0.6646634615384616 0.33533653846153844 0.008413461538461538 0.008413461538461538
0 0.640625 0.31850961538461536 0.010817307692307692 0.010817307692307692
0 0.6586538461538461 0.3125 0.007211538461538462 0.013221153846153846
0 0.6670673076923077 0.29447115384615385 0.008413461538461538 0.013221153846153846
0 0.6237980769230769 0.27524038461538464 0.008413461538461538 0.008413461538461538
0 0.640625 0.26802884615384615 0.007211538461538462 0.008413461538461538
0 0.6574519230769231 0.265625 0.008413461538461538 0.008413461538461538
0 0.6490384615384616 0.25 0.004807692307692308 0.013221153846153846
0 0.6165865384615384 0.2548076923076923 0.008413461538461538 0.004807692307692308
0 0.640625 0.23076923076923078 0.007211538461538462 0.010817307692307692
0 0.6141826923076923 0.24158653846153846 0.007211538461538462 0.007211538461538462
0 0.609375 0.23197115384615385 0.007211538461538462 0.008413461538461538
0 0.6346153846153846 0.24879807692307693 0.013221153846153846 0.010817307692307692
0 0.625 0.23076923076923078 0.007211538461538462 0.007211538461538462
0 0.6346153846153846 0.21153846153846154 0.008413461538461538 0.008413461538461538
0 0.6334134615384616 0.19831730769230768 0.008413461538461538 0.008413461538461538
0 0.6237980769230769 0.1875 0.008413461538461538 0.007211538461538462
0 0.703125 0.3557692307692308 0.008413461538461538 0.008413461538461538
0 0.6983173076923077 0.3449519230769231 0.008413461538461538 0.008413461538461538
0 0.6875 0.3329326923076923 0.007211538461538462 0.013221153846153846
0 0.6622596153846154 0.359375 0.004807692307692308 0.007211538461538462
0 0.7740384615384616 0.4735576923076923 0.007211538461538462 0.010817307692307692
0 0.8665865384615384 0.5973557692307693 0.008413461538461538 0.008413461538461538
0 0.8894230769230769 0.6177884615384616 0.004807692307692308 0.007211538461538462
0 0.9230769230769231 0.1622596153846154 0.008413461538461538 0.008413461538461538
0 0.9302884615384616 0.125 0.008413461538461538 0.010817307692307692
0 0.859375 0.1310096153846154 0.007211538461538462 0.008413461538461538
0 0.8737980769230769 0.13822115384615385 0.008413461538461538 0.007211538461538462
0 0.8918269230769231 0.14543269230769232 0.008413461538461538 0.010817307692307692
0 0.8365384615384616 0.11538461538461539 0.007211538461538462 0.008413461538461538
0 0.8221153846153846 0.11177884615384616 0.008413461538461538 0.007211538461538462
0 0.5745192307692307 0.24759615384615385 0.008413461538461538 0.008413461538461538
0 0.4891826923076923 0.3605769230769231 0.008413461538461538 0.008413461538461538
0 0.49399038461538464 0.34615384615384615 0.007211538461538462 0.010817307692307692
0 0.49158653846153844 0.33653846153846156 0.008413461538461538 0.007211538461538462
0 0.49399038461538464 0.3233173076923077 0.007211538461538462 0.007211538461538462
0 0.4963942307692308 0.3125 0.007211538461538462 0.007211538461538462
0 0.4963942307692308 0.29927884615384615 0.007211538461538462 0.008413461538461538
0 0.48677884615384615 0.29447115384615385 0.008413461538461538 0.007211538461538462
0 0.48197115384615385 0.3125 0.004807692307692308 0.008413461538461538
0 0.5084134615384616 0.3581730769230769 0.007211538461538462 0.004807692307692308
0 0.5072115384615384 0.3485576923076923 0.004807692307692308 0.007211538461538462
0 0.5264423076923077 0.359375 0.004807692307692308 0.007211538461538462
0 0.5396634615384616 0.3605769230769231 0.007211538461538462 0.008413461538461538
0 0.5480769230769231 0.3894230769230769 0.007211538461538462 0.008413461538461538
0 0.5625 0.38822115384615385 0.007211538461538462 0.007211538461538462
0 0.47115384615384615 0.3942307692307692 0.008413461538461538 0.008413461538461538
0 0.4807692307692308 0.39663461538461536 0.007211538461538462 0.008413461538461538
0 0.4723557692307692 0.41225961538461536 0.007211538461538462 0.008413461538461538
0 0.47836538461538464 0.4230769230769231 0.007211538461538462 0.008413461538461538
0 0.48677884615384615 0.4411057692307692 0.008413461538461538 0.008413461538461538
0 0.49399038461538464 0.43028846153846156 0.007211538461538462 0.008413461538461538
0 0.5 0.41947115384615385 0.008413461538461538 0.007211538461538462
0 0.46875 0.4326923076923077 0.008413461538461538 0.008413461538461538
0 0.4543269230769231 0.43509615384615385 0.007211538461538462 0.008413461538461538
0 0.4543269230769231 0.4483173076923077 0.007211538461538462 0.004807692307692308
0 0.47716346153846156 0.47716346153846156 0.008413461538461538 0.008413461538461538
0 0.4831730769230769 0.46274038461538464 0.010817307692307692 0.010817307692307692
0 0.5348557692307693 0.3233173076923077 0.010817307692307692 0.007211538461538462
0 0.5637019230769231 0.36658653846153844 0.007211538461538462 0.004807692307692308
0 0.5084134615384616 0.31971153846153844 0.007211538461538462 0.008413461538461538
0 0.5084134615384616 0.33653846153846156 0.007211538461538462 0.007211538461538462
0 0.5240384615384616 0.2980769230769231 0.007211538461538462 0.007211538461538462
0 0.6995192307692307 0.140625 0.010817307692307692 0.007211538461538462
0 0.6838942307692307 0.12860576923076922 0.007211538461538462 0.008413461538461538
0 0.6814903846153846 0.1141826923076923 0.007211538461538462 0.007211538461538462
0 0.6971153846153846 0.10697115384615384 0.007211538461538462 0.007211538461538462
0 0.6875 0.09615384615384616 0.010817307692307692 0.007211538461538462
0 0.6682692307692307 0.09375 0.010817307692307692 0.007211538461538462
0 0.6814903846153846 0.0673076923076923 0.007211538461538462 0.008413461538461538
0 0.6826923076923077 0.054086538461538464 0.008413461538461538 0.008413461538461538
0 0.6682692307692307 0.06490384615384616 0.007211538461538462 0.013221153846153846
0 0.6646634615384616 0.042067307692307696 0.008413461538461538 0.007211538461538462
0 0.8533653846153846 0.09375 0.008413461538461538 0.007211538461538462
0 0.8665865384615384 0.08052884615384616 0.007211538461538462 0.007211538461538462
0 0.9302884615384616 0.08653846153846154 0.008413461538461538 0.010817307692307692
0 0.9615384615384616 0.07932692307692307 0.008413461538461538 0.008413461538461538
0 0.9807692307692307 0.046875 0.007211538461538462 0.008413461538461538
0 0.9939903846153846 0.03365384615384615 0.007211538461538462 0.008413461538461538
0 0.9555288461538461 0.051682692307692304 0.004807692307692308 0.008413461538461538
0 0.9627403846153846 0.039663461538461536 0.007211538461538462 0.007211538461538462
0 0.9735576923076923 0.02403846153846154 0.007211538461538462 0.007211538461538462
0 0.9387019230769231 0.11177884615384616 0.008413461538461538 0.010817307692307692
0 0.7007211538461539 0.026442307692307692 0.008413461538461538 0.008413461538461538
0 0.7271634615384616 0.04326923076923077 0.008413461538461538 0.008413461538461538
0 0.7247596153846154 0.019230769230769232 0.008413461538461538 0.010817307692307692
0 0.7584134615384616 0.036057692307692304 0.007211538461538462 0.008413461538461538
0 0.5865384615384616 0.16826923076923078 0.010817307692307692 0.015625
0 0.6057692307692307 0.16105769230769232 0.013221153846153846 0.010817307692307692
0 0.028846153846153848 0.8173076923076923 0.02283653846153846 0.02283653846153846
0 0.0889423076923077 0.7884615384615384 0.015625 0.02283653846153846
0 0.13341346153846154 0.9242788461538461 0.018028846153846152 0.020432692307692308
0 0.06129807692307692 0.9326923076923077 0.013221153846153846 0.013221153846153846
0 0.09375 0.9326923076923077 0.015625 0.018028846153846152
0 0.31971153846153844 0.7572115384615384 0.02283653846153846 0.036057692307692304
0 0.3485576923076923 0.7295673076923077 0.02283653846153846 0.018028846153846152
0 0.35096153846153844 0.7055288461538461 0.018028846153846152 0.020432692307692308
0 0.3076923076923077 0.71875 0.025240384615384616 0.018028846153846152
0 0.2860576923076923 0.7055288461538461 0.013221153846153846 0.02283653846153846
0 0.296875 0.6802884615384616 0.03125 0.026442307692307692
0 0.3317307692307692 0.671875 0.015625 0.025240384615384616
0 0.5793269230769231 0.9483173076923077 0.013221153846153846 0.018028846153846152
0 0.6454326923076923 0.9471153846153846 0.015625 0.025240384615384616
0 0.4206730769230769 0.5588942307692307 0.018028846153846152 0.018028846153846152
0 0.016826923076923076 0.6129807692307693 0.020432692307692308 0.026442307692307692
0 0.35096153846153844 0.4375 0.026442307692307692 0.025240384615384616
0 0.16105769230769232 0.8930288461538461 0.010817307692307692 0.015625
0 0.42788461538461536 0.7091346153846154 0.02283653846153846 0.02283653846153846
0 0.08052884615384616 0.5745192307692307 0.018028846153846152 0.026442307692307692
0 0.08774038461538461 0.48677884615384615 0.013221153846153846 0.02283653846153846
0 0.15264423076923078 0.35216346153846156 0.013221153846153846 0.010817307692307692
0 0.5757211538461539 0.14182692307692307 0.010817307692307692 0.013221153846153846
0 0.5973557692307693 0.13822115384615385 0.02283653846153846 0.028846153846153848
0 0.6045673076923077 0.0985576923076923 0.010817307692307692 0.018028846153846152
0 0.5625 0.07932692307692307 0.008413461538461538 0.013221153846153846
0 0.5817307692307693 0.07692307692307693 0.007211538461538462 0.013221153846153846
0 0.5564903846153846 0.05048076923076923 0.018028846153846152 0.020432692307692308
0 0.5492788461538461 0.027644230769230768 0.018028846153846152 0.020432692307692308
0 0.055288461538461536 0.9699519230769231 0.015625 0.015625
0 0.38822115384615385 0.8822115384615384 0.010817307692307692 0.015625
0 0.4254807692307692 0.171875 0.013221153846153846 0.020432692307692308
0 0.5805288461538461 0.039663461538461536 0.008413461538461538 0.010817307692307692
0 0.5817307692307693 0.015625 0.010817307692307692 0.013221153846153846
0 0.484375 0.890625 0.02283653846153846 0.025240384615384616
0 0.30649038461538464 0.4411057692307692 0.026442307692307692 0.026442307692307692
0 0.3173076923076923 0.39783653846153844 0.013221153846153846 0.015625
0 0.4963942307692308 0.18870192307692307 0.020432692307692308 0.02283653846153846
0 0.4362980769230769 0.08533653846153846 0.025240384615384616 0.026442307692307692
0 0.1622596153846154 0.6646634615384616 0.02283653846153846 0.02283653846153846
0 0.3112980769230769 0.5721153846153846 0.02283653846153846 0.018028846153846152
0 0.3581730769230769 0.036057692307692304 0.02283653846153846 0.02283653846153846
0 0.16826923076923078 0.8052884615384616 0.010817307692307692 0.020432692307692308
0 0.44591346153846156 0.8701923076923077 0.026442307692307692 0.025240384615384616
0 0.5264423076923077 0.9122596153846154 0.020432692307692308 0.018028846153846152
0 0.5300480769230769 0.8557692307692307 0.020432692307692308 0.018028846153846152
0 0.36658653846153844 0.6478365384615384 0.02283653846153846 0.025240384615384616
0 0.32572115384615385 0.6021634615384616 0.025240384615384616 0.020432692307692308
0 0.28846153846153844 0.6225961538461539 0.013221153846153846 0.010817307692307692
0 0.3737980769230769 0.6899038461538461 0.018028846153846152 0.025240384615384616
0 0.546875 0.7956730769230769 0.018028846153846152 0.025240384615384616
0 0.4375 0.037259615384615384 0.02283653846153846 0.025240384615384616
0 0.4639423076923077 0.1658653846153846 0.02283653846153846 0.020432692307692308
0 0.4879807692307692 0.21754807692307693 0.020432692307692308 0.015625
0 0.484375 0.23798076923076922 0.02283653846153846 0.020432692307692308
0 0.9603365384615384 0.39663461538461536 0.015625 0.013221153846153846