0 0.18389423076923078 0.984375 0.007211538461538462 0.008413461538461538
0 0.18389423076923078 0.9399038461538461 0.007211538461538462 0.007211538461538462
0 0.1875 0.9555288461538461 0.008413461538461538 0.008413461538461538
0 0.18509615384615385 0.9182692307692307 0.008413461538461538 0.010817307692307692
0 0.16105769230769232 0.8725961538461539 0.010817307692307692 0.010817307692307692
0 0.18509615384615385 0.8966346153846154 0.008413461538461538 0.008413461538461538
0 0.0625 0.9411057692307693 0.013221153846153846 0.013221153846153846
0 0.07451923076923077 0.9615384615384616 0.008413461538461538 0.008413461538461538
0 0.07451923076923077 0.9735576923076923 0.008413461538461538 0.007211538461538462
0 0.0733173076923077 0.9855769230769231 0.007211538461538462 0.007211538461538462
0 0.039663461538461536 0.9831730769230769 0.007211538461538462 0.007211538461538462
0 0.14423076923076922 0.7524038461538461 0.008413461538461538 0.008413461538461538
0 0.1310096153846154 0.8605769230769231 0.004807692307692308 0.004807692307692308
0 0.16826923076923078 0.8100961538461539 0.025240384615384616 0.020432692307692308
0 0.18389423076923078 0.7776442307692307 0.010817307692307692 0.010817307692307692
0 0.11778846153846154 0.1971153846153846 0.007211538461538462 0.007211538461538462
0 0.042067307692307696 0.20432692307692307 0.007211538461538462 0.007211538461538462
0 0.056490384615384616 0.2512019230769231 0.008413461538461538 0.010817307692307692