0 0.028846153846153848 0.8125 0.013221153846153846 0.018028846153846152
0 0.004807692307692308 0.8617788461538461 0.009615384615384616 0.015625
0 0.4098557692307692 0.890625 0.008413461538461538 0.015625
0 0.6778846153846154 0.9735576923076923 0.02283653846153846 0.018028846153846152
0 0.8834134615384616 0.5216346153846154 0.015625 0.015625
0 0.890625 0.4951923076923077 0.015625 0.018028846153846152
0 0.6742788461538461 0.4338942307692308 0.020432692307692308 0.015625
0 0.6790865384615384 0.4567307692307692 0.020432692307692308 0.02283653846153846
0 0.7992788461538461 0.40625 0.018028846153846152 0.015625
0 0.8810096153846154 0.9350961538461539 0.018028846153846152 0.018028846153846152
0 0.8076923076923077 0.9567307692307693 0.015625 0.018028846153846152
0 0.46033653846153844 0.7163461538461539 0.020432692307692308 0.02283653846153846
0 0.4411057692307692 0.7367788461538461 0.018028846153846152 0.018028846153846152
0 0.0985576923076923 0.7800480769230769 0.02283653846153846 0.020432692307692308
0 0.0733173076923077 0.8173076923076923 0.015625 0.018028846153846152
0 0.6322115384615384 0.5961538461538461 0.028846153846153848 0.028846153846153848
0 0.625 0.640625 0.025240384615384616 0.025240384615384616
0 0.6033653846153846 0.6646634615384616 0.02283653846153846 0.02283653846153846
0 0.6045673076923077 0.6911057692307693 0.025240384615384616 0.02283653846153846
0 0.8389423076923077 0.9302884615384616 0.025240384615384616 0.026442307692307692