0 0.9194711538461539 0.010817307692307692 0.008413461538461538 0.008413461538461538
0 0.9074519230769231 0.02403846153846154 0.008413461538461538 0.007211538461538462
0 0.9170673076923077 0.037259615384615384 0.008413461538461538 0.007211538461538462
0 0.8834134615384616 0.04567307692307692 0.010817307692307692 0.010817307692307692
0 0.8040865384615384 0.1935096153846154 0.008413461538461538 0.008413461538461538
0 0.9170673076923077 0.11057692307692307 0.008413461538461538 0.008413461538461538
0 0.8173076923076923 0.16466346153846154 0.008413461538461538 0.008413461538461538
0 0.7944711538461539 0.1466346153846154 0.008413461538461538 0.008413461538461538
0 0.7764423076923077 0.13701923076923078 0.004807692307692308 0.004807692307692308
0 0.7944711538461539 0.17548076923076922 0.007211538461538462 0.008413461538461538
0 0.7800480769230769 0.171875 0.007211538461538462 0.007211538461538462
0 0.7103365384615384 0.18629807692307693 0.010817307692307692 0.010817307692307692
0 0.6586538461538461 0.19831730769230768 0.010817307692307692 0.013221153846153846
0 0.6274038461538461 0.1875 0.010817307692307692 0.010817307692307692
0 0.5480769230769231 0.18870192307692307 0.010817307692307692 0.008413461538461538
0 0.36658653846153844 0.20072115384615385 0.015625 0.013221153846153846
0 0.14783653846153846 0.25240384615384615 0.010817307692307692 0.013221153846153846
0 0.18990384615384615 0.24759615384615385 0.007211538461538462 0.008413461538461538
0 0.20673076923076922 0.2512019230769231 0.008413461538461538 0.010817307692307692
0 0.0673076923076923 0.24519230769230768 0.013221153846153846 0.013221153846153846
0 0.46033653846153844 0.24759615384615385 0.010817307692307692 0.013221153846153846
0 0.6850961538461539 0.25600961538461536 0.013221153846153846 0.010817307692307692
0 0.6490384615384616 0.25240384615384615 0.018028846153846152 0.018028846153846152
0 0.6045673076923077 0.2536057692307692 0.010817307692307692 0.010817307692307692
0 0.5865384615384616 0.2536057692307692 0.010817307692307692 0.010817307692307692
0 0.7884615384615384 0.2536057692307692 0.008413461538461538 0.010817307692307692
0 0.45913461538461536 0.19471153846153846 0.013221153846153846 0.010817307692307692
0 0.4074519230769231 0.19471153846153846 0.013221153846153846 0.010817307692307692
0 0.9170673076923077 0.07451923076923077 0.013221153846153846 0.008413461538461538
0 0.9182692307692307 0.08653846153846154 0.010817307692307692 0.007211538461538462
0 0.9170673076923077 0.0985576923076923 0.008413461538461538 0.007211538461538462
0 0.9230769230769231 0.12620192307692307 0.008413461538461538 0.008413461538461538
0 0.9134615384615384 0.13701923076923078 0.010817307692307692 0.008413461538461538
0 0.9158653846153846 0.14783653846153846 0.007211538461538462 0.007211538461538462
0 0.9158653846153846 0.15985576923076922 0.010817307692307692 0.008413461538461538
0 0.8209134615384616 0.0673076923076923 0.007211538461538462 0.008413461538461538
0 0.8088942307692307 0.07451923076923077 0.008413461538461538 0.008413461538461538
0 0.8052884615384616 0.0625 0.007211538461538462 0.008413461538461538
0 0.23677884615384615 0.13341346153846154 0.013221153846153846 0.010817307692307692
0 0.23557692307692307 0.1502403846153846 0.015625 0.010817307692307692
0 0.29447115384615385 0.18269230769230768 0.013221153846153846 0.02283653846153846
0 0.0889423076923077 0.24759615384615385 0.010817307692307692 0.018028846153846152
0 0.4338942307692308 0.018028846153846152 0.020432692307692308 0.018028846153846152
0 0.4170673076923077 0.12259615384615384 0.018028846153846152 0.020432692307692308
0 0.23798076923076922 0.025240384615384616 0.010817307692307692 0.018028846153846152
0 0.23677884615384615 0.05889423076923077 0.013221153846153846 0.013221153846153846
0 0.5096153846153846 0.1141826923076923 0.010817307692307692 0.010817307692307692