0 0.003605769230769231 0.36658653846153844 0.007211538461538462 0.008413461538461538
0 0.003605769230769231 0.38822115384615385 0.007211538461538462 0.007211538461538462
0 0.078125 0.037259615384615384 0.020432692307692308 0.015625
0 0.18269230769230768 0.9699519230769231 0.008413461538461538 0.010817307692307692
0 0.078125 0.8798076923076923 0.007211538461538462 0.010817307692307692
0 0.09495192307692307 0.859375 0.013221153846153846 0.015625
0 0.09375 0.8413461538461539 0.010817307692307692 0.010817307692307692
0 0.10336538461538461 0.8233173076923077 0.018028846153846152 0.010817307692307692
0 0.12620192307692307 0.7608173076923077 0.013221153846153846 0.013221153846153846
0 0.08052884615384616 0.8221153846153846 0.015625 0.013221153846153846
0 0.08413461538461539 0.9290865384615384 0.010817307692307692 0.010817307692307692
0 0.08052884615384616 0.9807692307692307 0.010817307692307692 0.010817307692307692
0 0.09495192307692307 0.890625 0.008413461538461538 0.010817307692307692
0 0.0829326923076923 0.7632211538461539 0.013221153846153846 0.008413461538461538
0 0.07932692307692307 0.7355769230769231 0.018028846153846152 0.015625
0 0.08052884615384616 0.7103365384615384 0.015625 0.010817307692307692
0 0.08052884615384616 0.6959134615384616 0.013221153846153846 0.008413461538461538
0 0.08173076923076923 0.6706730769230769 0.015625 0.013221153846153846
0 0.07692307692307693 0.6502403846153846 0.013221153846153846 0.015625
0 0.08052884615384616 0.6201923076923077 0.018028846153846152 0.015625
0 0.07451923076923077 0.5925480769230769 0.013221153846153846 0.013221153846153846
0 0.14423076923076922 0.5685096153846154 0.013221153846153846 0.010817307692307692
0 0.1502403846153846 0.7560096153846154 0.010817307692307692 0.010817307692307692
0 0.08052884615384616 0.5637019230769231 0.015625 0.010817307692307692
0 0.08052884615384616 0.5360576923076923 0.010817307692307692 0.008413461538461538
0 0.078125 0.5096153846153846 0.010817307692307692 0.010817307692307692
0 0.13221153846153846 0.4807692307692308 0.007211538461538462 0.007211538461538462
0 0.07692307692307693 0.48197115384615385 0.008413461538461538 0.008413461538461538
0 0.0733173076923077 0.453125 0.010817307692307692 0.018028846153846152
0 0.20673076923076922 0.4831730769230769 0.013221153846153846 0.010817307692307692
0 0.08052884615384616 0.4230769230769231 0.015625 0.013221153846153846
0 0.078125 0.36778846153846156 0.010817307692307692 0.010817307692307692
0 0.07932692307692307 0.39663461538461536 0.013221153846153846 0.013221153846153846
0 0.18509615384615385 0.3942307692307692 0.008413461538461538 0.008413461538461538
0 0.07572115384615384 0.20432692307692307 0.010817307692307692 0.015625
0 0.07572115384615384 0.2692307692307692 0.010817307692307692 0.010817307692307692
0 0.07572115384615384 0.29927884615384615 0.015625 0.02283653846153846
0 0.07692307692307693 0.3401442307692308 0.008413461538461538 0.008413461538461538
0 0.07692307692307693 0.16947115384615385 0.018028846153846152 0.008413461538461538
0 0.07692307692307693 0.140625 0.013221153846153846 0.010817307692307692
0 0.078125 0.1141826923076923 0.010817307692307692 0.007211538461538462
0 0.9615384615384616 0.3798076923076923 0.013221153846153846 0.015625
0 0.7908653846153846 0.47115384615384615 0.013221153846153846 0.018028846153846152
0 0.5697115384615384 0.9158653846153846 0.013221153846153846 0.015625
0 0.21153846153846154 0.9014423076923077 0.013221153846153846 0.010817307692307692
0 0.359375 0.9495192307692307 0.007211538461538462 0.015625
0 0.9735576923076923 0.6526442307692307 0.020432692307692308 0.018028846153846152
0 0.7391826923076923 0.9675480769230769 0.013221153846153846 0.015625
0 0.6826923076923077 0.9579326923076923 0.018028846153846152 0.015625
0 0.47716346153846156 0.9879807692307693 0.018028846153846152 0.015625
0 0.3317307692307692 0.44471153846153844 0.010817307692307692 0.020432692307692308
0 0.4483173076923077 0.9795673076923077 0.013221153846153846 0.013221153846153846
0 0.6514423076923077 0.9855769230769231 0.013221153846153846 0.015625
0 0.4987980769230769 0.9074519230769231 0.010817307692307692 0.013221153846153846
0 0.7091346153846154 0.8870192307692307 0.013221153846153846 0.018028846153846152
0 0.21033653846153846 0.6766826923076923 0.010817307692307692 0.010817307692307692
0 0.5384615384615384 0.8161057692307693 0.013221153846153846 0.010817307692307692
0 0.4338942307692308 0.8401442307692307 0.010817307692307692 0.013221153846153846
0 0.5901442307692307 0.140625 0.02283653846153846 0.020432692307692308
0 0.6694711538461539 0.5925480769230769 0.026442307692307692 0.02283653846153846
0 0.6850961538461539 0.5096153846153846 0.02283653846153846 0.025240384615384616
0 0.7355769230769231 0.22596153846153846 0.028846153846153848 0.025240384615384616
0 0.6646634615384616 0.20552884615384615 0.018028846153846152 0.025240384615384616
0 0.6033653846153846 0.19951923076923078 0.013221153846153846 0.025240384615384616
0 0.6778846153846154 0.44591346153846156 0.018028846153846152 0.02283653846153846
0 0.20072115384615385 0.7704326923076923 0.013221153846153846 0.018028846153846152
0 0.8100961538461539 0.625 0.020432692307692308 0.025240384615384616
0 0.6838942307692307 0.3762019230769231 0.020432692307692308 0.018028846153846152
0 0.7055288461538461 0.3557692307692308 0.028846153846153848 0.018028846153846152
0 0.051682692307692304 0.9795673076923077 0.008413461538461538 0.008413461538461538
0 0.046875 0.9555288461538461 0.008413461538461538 0.007211538461538462
0 0.04927884615384615 0.9338942307692307 0.013221153846153846 0.007211538461538462
0 0.04807692307692308 0.9134615384615384 0.010817307692307692 0.010817307692307692
0 0.9375 0.6129807692307693 0.013221153846153846 0.013221153846153846
0 0.7860576923076923 0.9555288461538461 0.018028846153846152 0.018028846153846152
0 0.18870192307692307 0.8485576923076923 0.02283653846153846 0.02283653846153846
0 0.6586538461538461 0.8834134615384616 0.028846153846153848 0.028846153846153848