0 0.9819711538461539 0.5168269230769231 0.018028846153846152 0.015625
0 0.9194711538461539 0.48197115384615385 0.020432692307692308 0.018028846153846152
0 0.9483173076923077 0.3401442307692308 0.026442307692307692 0.013221153846153846
0 0.9639423076923077 0.31971153846153844 0.026442307692307692 0.018028846153846152
0 0.9867788461538461 0.375 0.018028846153846152 0.015625
0 0.9038461538461539 0.5420673076923077 0.015625 0.015625
0 0.8894230769230769 0.5564903846153846 0.013221153846153846 0.013221153846153846
0 0.8629807692307693 0.5552884615384616 0.018028846153846152 0.015625
0 0.9194711538461539 0.6670673076923077 0.013221153846153846 0.018028846153846152
0 0.9471153846153846 0.6862980769230769 0.015625 0.015625
0 0.9747596153846154 0.6983173076923077 0.013221153846153846 0.013221153846153846
0 0.9435096153846154 0.7043269230769231 0.018028846153846152 0.015625
0 0.9567307692307693 0.6646634615384616 0.018028846153846152 0.018028846153846152
0 0.9759615384615384 0.6514423076923077 0.015625 0.013221153846153846
0 0.9795673076923077 0.6634615384615384 0.013221153846153846 0.010817307692307692
0 0.9603365384615384 0.5877403846153846 0.015625 0.018028846153846152
0 0.9663461538461539 0.5444711538461539 0.013221153846153846 0.015625
0 0.9579326923076923 0.5600961538461539 0.010817307692307692 0.010817307692307692
0 0.9194711538461539 0.5564903846153846 0.010817307692307692 0.013221153846153846
0 0.9435096153846154 0.5072115384615384 0.018028846153846152 0.013221153846153846
0 0.7992788461538461 0.026442307692307692 0.008413461538461538 0.013221153846153846
0 0.9903846153846154 0.0625 0.010817307692307692 0.015625
0 0.9735576923076923 0.1045673076923077 0.026442307692307692 0.015625
0 0.96875 0.07091346153846154 0.026442307692307692 0.015625
0 0.9735576923076923 0.08653846153846154 0.018028846153846152 0.015625
0 0.9170673076923077 0.10096153846153846 0.013221153846153846 0.013221153846153846
0 0.9278846153846154 0.09495192307692307 0.013221153846153846 0.018028846153846152
0 0.9495192307692307 0.21153846153846154 0.015625 0.018028846153846152
0 0.953125 0.7740384615384616 0.008413461538461538 0.010817307692307692
0 0.6430288461538461 0.2668269230769231 0.015625 0.015625
0 0.46274038461538464 0.2704326923076923 0.015625 0.013221153846153846
0 0.6189903846153846 0.1971153846153846 0.018028846153846152 0.015625
0 0.5264423076923077 0.27283653846153844 0.010817307692307692 0.013221153846153846
0 0.4987980769230769 0.25961538461538464 0.025240384615384616 0.03365384615384615
0 0.7475961538461539 0.2620192307692308 0.018028846153846152 0.010817307692307692
0 0.7632211538461539 0.23918269230769232 0.013221153846153846 0.013221153846153846
0 0.7788461538461539 0.22235576923076922 0.013221153846153846 0.010817307692307692
0 0.7980769230769231 0.2091346153846154 0.015625 0.013221153846153846
0 0.828125 0.36778846153846156 0.015625 0.015625
0 0.21153846153846154 0.019230769230769232 0.013221153846153846 0.015625
0 0.4170673076923077 0.02283653846153846 0.018028846153846152 0.018028846153846152
0 0.3954326923076923 0.04447115384615385 0.020432692307692308 0.013221153846153846
0 0.328125 0.08173076923076923 0.010817307692307692 0.010817307692307692
0 0.49038461538461536 0.17307692307692307 0.015625 0.018028846153846152
0 0.4098557692307692 0.28966346153846156 0.013221153846153846 0.015625
0 0.5516826923076923 0.25721153846153844 0.013221153846153846 0.013221153846153846
0 0.4963942307692308 0.30288461538461536 0.015625 0.015625
0 0.40384615384615385 0.2283653846153846 0.020432692307692308 0.015625
0 0.2764423076923077 0.6394230769230769 0.018028846153846152 0.018028846153846152
0 0.2608173076923077 0.6622596153846154 0.018028846153846152 0.018028846153846152
0 0.16466346153846154 0.6971153846153846 0.02283653846153846 0.010817307692307692
0 0.2620192307692308 0.49759615384615385 0.015625 0.013221153846153846
0 0.45552884615384615 0.3088942307692308 0.013221153846153846 0.013221153846153846
0 0.41947115384615385 0.34134615384615385 0.013221153846153846 0.015625
0 0.5997596153846154 0.3894230769230769 0.010817307692307692 0.013221153846153846
0 0.36658653846153844 0.24639423076923078 0.03125 0.025240384615384616
0 0.359375 0.27163461538461536 0.020432692307692308 0.015625
0 0.3293269230769231 0.29086538461538464 0.02283653846153846 0.018028846153846152