0 0.8028846153846154 0.9483173076923077 0.015625 0.018028846153846152
0 0.7608173076923077 0.8774038461538461 0.013221153846153846 0.015625
0 0.7668269230769231 0.8173076923076923 0.020432692307692308 0.02283653846153846
0 0.8401442307692307 0.8329326923076923 0.018028846153846152 0.013221153846153846
0 0.6514423076923077 0.7584134615384616 0.018028846153846152 0.018028846153846152
0 0.6574519230769231 0.5432692307692307 0.018028846153846152 0.018028846153846152
0 0.9242788461538461 0.9290865384615384 0.020432692307692308 0.020432692307692308
0 0.7247596153846154 0.8245192307692307 0.018028846153846152 0.02283653846153846
0 0.984375 0.3125 0.02283653846153846 0.028846153846153848
0 0.8413461538461539 0.34975961538461536 0.025240384615384616 0.025240384615384616
0 0.0829326923076923 0.8353365384615384 0.018028846153846152 0.026442307692307692
0 0.0985576923076923 0.8882211538461539 0.008413461538461538 0.015625
0 0.109375 0.9170673076923077 0.015625 0.013221153846153846
0 0.12620192307692307 0.9783653846153846 0.013221153846153846 0.010817307692307692
0 0.1201923076923077 0.9663461538461539 0.015625 0.008413461538461538
0 0.9266826923076923 0.6237980769230769 0.010817307692307692 0.013221153846153846
0 0.26322115384615385 0.8173076923076923 0.02283653846153846 0.018028846153846152
0 0.24158653846153846 0.8245192307692307 0.02283653846153846 0.013221153846153846
0 0.21995192307692307 0.828125 0.020432692307692308 0.010817307692307692
0 0.18870192307692307 0.8449519230769231 0.02283653846153846 0.02283653846153846
0 0.17908653846153846 0.8774038461538461 0.015625 0.015625
0 0.15504807692307693 0.9086538461538461 0.026442307692307692 0.028846153846153848
0 0.1622596153846154 0.9495192307692307 0.026442307692307692 0.020432692307692308
0 0.16466346153846154 0.9699519230769231 0.018028846153846152 0.015625