0 0.9399038461538461 0.028846153846153848 0.010817307692307692 0.013221153846153846
0 0.9375 0.0625 0.013221153846153846 0.018028846153846152
0 0.9459134615384616 0.12379807692307693 0.013221153846153846 0.013221153846153846
0 0.9795673076923077 0.20552884615384615 0.018028846153846152 0.015625
0 0.953125 0.2548076923076923 0.008413461538461538 0.013221153846153846
0 0.8954326923076923 0.11899038461538461 0.010817307692307692 0.013221153846153846
0 0.8052884615384616 0.04447115384615385 0.010817307692307692 0.010817307692307692
0 0.23076923076923078 0.015625 0.010817307692307692 0.008413461538461538
0 0.23076923076923078 0.027644230769230768 0.010817307692307692 0.010817307692307692
0 0.23317307692307693 0.051682692307692304 0.020432692307692308 0.013221153846153846
0 0.23197115384615385 0.0673076923076923 0.008413461538461538 0.013221153846153846
0 0.23076923076923078 0.07932692307692307 0.010817307692307692 0.008413461538461538
0 0.22956730769230768 0.0889423076923077 0.013221153846153846 0.010817307692307692
0 0.22956730769230768 0.10216346153846154 0.013221153846153846 0.010817307692307692
0 0.23557692307692307 0.125 0.015625 0.015625
0 0.23317307692307693 0.13942307692307693 0.010817307692307692 0.013221153846153846
0 0.23197115384615385 0.15144230769230768 0.013221153846153846 0.010817307692307692
0 0.234375 0.16947115384615385 0.018028846153846152 0.018028846153846152
0 0.23557692307692307 0.19230769230769232 0.015625 0.015625
0 0.23557692307692307 0.20552884615384615 0.015625 0.008413461538461538
0 0.23557692307692307 0.21514423076923078 0.010817307692307692 0.010817307692307692
0 0.234375 0.22956730769230768 0.013221153846153846 0.008413461538461538
0 0.23557692307692307 0.25240384615384615 0.020432692307692308 0.013221153846153846
0 0.28725961538461536 0.016826923076923076 0.010817307692307692 0.010817307692307692
0 0.2920673076923077 0.030048076923076924 0.010817307692307692 0.010817307692307692
0 0.28966346153846156 0.04326923076923077 0.015625 0.008413461538461538
0 0.28846153846153844 0.055288461538461536 0.013221153846153846 0.010817307692307692
0 0.28966346153846156 0.06610576923076923 0.015625 0.010817307692307692
0 0.28966346153846156 0.08052884615384616 0.015625 0.010817307692307692
0 0.28966346153846156 0.09254807692307693 0.015625 0.013221153846153846
0 0.28846153846153844 0.10817307692307693 0.013221153846153846 0.013221153846153846
0 0.29447115384615385 0.12259615384615384 0.010817307692307692 0.010817307692307692
0 0.28846153846153844 0.13341346153846154 0.013221153846153846 0.013221153846153846
0 0.29086538461538464 0.1466346153846154 0.008413461538461538 0.013221153846153846
0 0.28966346153846156 0.15865384615384615 0.020432692307692308 0.010817307692307692
0 0.2932692307692308 0.16947115384615385 0.013221153846153846 0.010817307692307692
0 0.2920673076923077 0.18509615384615385 0.025240384615384616 0.018028846153846152
0 0.29447115384615385 0.20552884615384615 0.020432692307692308 0.015625
0 0.29447115384615385 0.22235576923076922 0.018028846153846152 0.015625
0 0.33052884615384615 0.23918269230769232 0.015625 0.013221153846153846
0 0.3473557692307692 0.24879807692307693 0.008413461538461538 0.015625
0 0.3581730769230769 0.24879807692307693 0.013221153846153846 0.010817307692307692
0 0.2920673076923077 0.24639423076923078 0.015625 0.010817307692307692
0 0.3161057692307692 0.2548076923076923 0.010817307692307692 0.013221153846153846
0 0.23677884615384615 0.2860576923076923 0.02283653846153846 0.018028846153846152
0 0.23557692307692307 0.3088942307692308 0.025240384615384616 0.02283653846153846
0 0.23557692307692307 0.33052884615384615 0.015625 0.013221153846153846
0 0.24158653846153846 0.3449519230769231 0.015625 0.013221153846153846
0 0.23798076923076922 0.36177884615384615 0.025240384615384616 0.025240384615384616
0 0.23677884615384615 0.38341346153846156 0.018028846153846152 0.013221153846153846
0 0.2403846153846154 0.39783653846153844 0.010817307692307692 0.015625
0 0.296875 0.27163461538461536 0.026442307692307692 0.020432692307692308
0 0.29447115384615385 0.29927884615384615 0.02283653846153846 0.02283653846153846
0 0.296875 0.3269230769230769 0.02283653846153846 0.02283653846153846
0 0.296875 0.3485576923076923 0.013221153846153846 0.013221153846153846
0 0.296875 0.40024038461538464 0.013221153846153846 0.015625
0 0.296875 0.4266826923076923 0.008413461538461538 0.010817307692307692
0 0.29447115384615385 0.4543269230769231 0.018028846153846152 0.015625
0 0.29447115384615385 0.47836538461538464 0.015625 0.010817307692307692
0 0.296875 0.49158653846153844 0.008413461538461538 0.010817307692307692
0 0.296875 0.5036057692307693 0.013221153846153846 0.010817307692307692
0 0.23798076923076922 0.4375 0.020432692307692308 0.026442307692307692
0 0.23798076923076922 0.4639423076923077 0.025240384615384616 0.018028846153846152
0 0.2403846153846154 0.4879807692307692 0.015625 0.010817307692307692
0 0.23798076923076922 0.5048076923076923 0.020432692307692308 0.018028846153846152
0 0.17427884615384615 0.2860576923076923 0.020432692307692308 0.013221153846153846
0 0.2932692307692308 0.5300480769230769 0.013221153846153846 0.015625
0 0.2932692307692308 0.5576923076923077 0.018028846153846152 0.010817307692307692
0 0.29447115384615385 0.5841346153846154 0.015625 0.015625
0 0.2403846153846154 0.5805288461538461 0.010817307692307692 0.020432692307692308
0 0.23798076923076922 0.6081730769230769 0.015625 0.013221153846153846
0 0.23677884615384615 0.6201923076923077 0.008413461538461538 0.010817307692307692
0 0.2403846153846154 0.65625 0.010817307692307692 0.010817307692307692
0 0.23918269230769232 0.6730769230769231 0.013221153846153846 0.018028846153846152
0 0.21153846153846154 0.6766826923076923 0.02283653846153846 0.025240384615384616
0 0.12860576923076922 0.5096153846153846 0.013221153846153846 0.015625
0 0.039663461538461536 0.6274038461538461 0.020432692307692308 0.020432692307692308
0 0.29447115384615385 0.609375 0.013221153846153846 0.010817307692307692
0 0.29447115384615385 0.6334134615384616 0.007211538461538462 0.008413461538461538
0 0.29447115384615385 0.703125 0.010817307692307692 0.013221153846153846
0 0.2403846153846154 0.7223557692307693 0.010817307692307692 0.015625
0 0.29447115384615385 0.7512019230769231 0.010817307692307692 0.010817307692307692
0 0.29447115384615385 0.7391826923076923 0.007211538461538462 0.013221153846153846
0 0.23918269230769232 0.5288461538461539 0.008413461538461538 0.013221153846153846
0 0.2403846153846154 0.5432692307692307 0.010817307692307692 0.013221153846153846
0 0.23918269230769232 0.7475961538461539 0.008413461538461538 0.008413461538461538
0 0.23677884615384615 0.7764423076923077 0.013221153846153846 0.015625
0 0.23918269230769232 0.7896634615384616 0.013221153846153846 0.010817307692307692
0 0.29447115384615385 0.8028846153846154 0.010817307692307692 0.010817307692307692
0 0.2403846153846154 0.8137019230769231 0.010817307692307692 0.010817307692307692
0 0.2403846153846154 0.828125 0.010817307692307692 0.010817307692307692
0 0.23918269230769232 0.8401442307692307 0.008413461538461538 0.008413461538461538
0 0.29447115384615385 0.8293269230769231 0.008413461538461538 0.008413461538461538
0 0.29447115384615385 0.8401442307692307 0.008413461538461538 0.008413461538461538
0 0.23798076923076922 0.8665865384615384 0.010817307692307692 0.010817307692307692
0 0.2403846153846154 0.8930288461538461 0.010817307692307692 0.010817307692307692
0 0.23798076923076922 0.90625 0.010817307692307692 0.010817307692307692
0 0.23798076923076922 0.9182692307692307 0.010817307692307692 0.010817307692307692
0 0.23798076923076922 0.9302884615384616 0.007211538461538462 0.008413461538461538
0 0.29447115384615385 0.8665865384615384 0.008413461538461538 0.008413461538461538
0 0.2932692307692308 0.8918269230769231 0.008413461538461538 0.008413461538461538
0 0.2956730769230769 0.9050480769230769 0.010817307692307692 0.008413461538461538
0 0.296875 0.9194711538461539 0.013221153846153846 0.010817307692307692
0 0.23798076923076922 0.9711538461538461 0.015625 0.013221153846153846
0 0.2980769230769231 0.9711538461538461 0.010817307692307692 0.008413461538461538
0 0.296875 0.984375 0.008413461538461538 0.008413461538461538
0 0.0889423076923077 0.8641826923076923 0.010817307692307692 0.010817307692307692
0 0.08173076923076923 0.9338942307692307 0.020432692307692308 0.010817307692307692
0 0.3269230769230769 0.9795673076923077 0.013221153846153846 0.013221153846153846
0 0.9663461538461539 0.9447115384615384 0.026442307692307692 0.025240384615384616
0 0.9615384615384616 0.9879807692307693 0.013221153846153846 0.015625
0 0.9375 0.9831730769230769 0.010817307692307692 0.020432692307692308
0 0.9759615384615384 0.984375 0.010817307692307692 0.013221153846153846
0 0.09615384615384616 0.39783653846153844 0.020432692307692308 0.020432692307692308
0 0.04447115384615385 0.3581730769230769 0.015625 0.013221153846153846
0 0.06370192307692307 0.3485576923076923 0.015625 0.020432692307692308
0 0.008413461538461538 0.4230769230769231 0.013221153846153846 0.013221153846153846
0 0.9471153846153846 0.9002403846153846 0.025240384615384616 0.020432692307692308
0 0.18509615384615385 0.375 0.013221153846153846 0.010817307692307692
0 0.171875 0.4014423076923077 0.010817307692307692 0.015625
0 0.13581730769230768 0.3737980769230769 0.015625 0.013221153846153846
0 0.8834134615384616 0.9230769230769231 0.004807692307692308 0.008413461538461538
0 0.8918269230769231 0.9759615384615384 0.013221153846153846 0.007211538461538462
0 0.9338942307692307 0.9567307692307693 0.010817307692307692 0.013221153846153846
0 0.9170673076923077 0.9699519230769231 0.004807692307692308 0.007211538461538462
0 0.9182692307692307 0.9567307692307693 0.007211538461538462 0.004807692307692308
0 0.8978365384615384 0.9555288461538461 0.007211538461538462 0.007211538461538462
0 0.8954326923076923 0.9435096153846154 0.007211538461538462 0.008413461538461538
0 0.8966346153846154 0.9194711538461539 0.004807692307692308 0.007211538461538462