0 0.2920673076923077 0.020432692307692308 0.010817307692307692 0.008413461538461538
0 0.8149038461538461 0.09375 0.018028846153846152 0.010817307692307692
0 0.8713942307692307 0.15985576923076922 0.018028846153846152 0.02283653846153846
0 0.8870192307692307 0.16105769230769232 0.013221153846153846 0.020432692307692308
0 0.9495192307692307 0.020432692307692308 0.020432692307692308 0.018028846153846152
0 0.6370192307692307 0.03245192307692308 0.013221153846153846 0.015625
0 0.6490384615384616 0.03485576923076923 0.008413461538461538 0.020432692307692308
0 0.6646634615384616 0.03245192307692308 0.018028846153846152 0.010817307692307692
0 0.6442307692307693 0.056490384615384616 0.018028846153846152 0.018028846153846152
0 0.640625 0.07451923076923077 0.020432692307692308 0.013221153846153846
0 0.6322115384615384 0.17548076923076922 0.010817307692307692 0.008413461538461538
0 0.6394230769230769 0.1875 0.018028846153846152 0.015625
0 0.6153846153846154 0.03125 0.013221153846153846 0.018028846153846152
0 0.6466346153846154 0.007211538461538462 0.013221153846153846 0.013221153846153846
0 0.6730769230769231 0.014423076923076924 0.013221153846153846 0.020432692307692308
0 0.6081730769230769 0.375 0.013221153846153846 0.020432692307692308
0 0.9459134615384616 0.1971153846153846 0.013221153846153846 0.010817307692307692
0 0.9591346153846154 0.21153846153846154 0.018028846153846152 0.013221153846153846
0 0.9867788461538461 0.06971153846153846 0.008413461538461538 0.013221153846153846
0 0.96875 0.04447115384615385 0.013221153846153846 0.013221153846153846
0 0.9699519230769231 0.08653846153846154 0.010817307692307692 0.007211538461538462
0 0.9026442307692307 0.546875 0.018028846153846152 0.013221153846153846
0 0.9447115384615384 0.8894230769230769 0.010817307692307692 0.018028846153846152
0 0.9399038461538461 0.9206730769230769 0.010817307692307692 0.013221153846153846
0 0.9375 0.9555288461538461 0.013221153846153846 0.018028846153846152
0 0.875 0.8786057692307693 0.020432692307692308 0.018028846153846152
0 0.8052884615384616 0.9362980769230769 0.010817307692307692 0.010817307692307692
0 0.5769230769230769 0.5733173076923077 0.018028846153846152 0.015625
0 0.6346153846153846 0.5625 0.018028846153846152 0.015625
0 0.6262019230769231 0.609375 0.013221153846153846 0.015625
0 0.6382211538461539 0.609375 0.010817307692307692 0.015625
0 0.6334134615384616 0.5072115384615384 0.010817307692307692 0.013221153846153846
0 0.6538461538461539 0.5048076923076923 0.015625 0.013221153846153846
0 0.6646634615384616 0.46875 0.013221153846153846 0.013221153846153846
0 0.640625 0.4387019230769231 0.015625 0.018028846153846152
0 0.29447115384615385 0.04567307692307692 0.010817307692307692 0.010817307692307692
0 0.29447115384615385 0.06129807692307692 0.010817307692307692 0.013221153846153846
0 0.29086538461538464 0.07451923076923077 0.008413461538461538 0.008413461538461538
0 0.29447115384615385 0.0829326923076923 0.010817307692307692 0.008413461538461538
0 0.29447115384615385 0.09735576923076923 0.010817307692307692 0.013221153846153846
0 0.29086538461538464 0.12379807692307693 0.013221153846153846 0.013221153846153846
0 0.2920673076923077 0.15144230769230768 0.010817307692307692 0.013221153846153846
0 0.2956730769230769 0.20072115384615385 0.010817307692307692 0.008413461538461538
0 0.2956730769230769 0.17427884615384615 0.010817307692307692 0.010817307692307692
0 0.29447115384615385 0.22355769230769232 0.010817307692307692 0.013221153846153846
0 0.29447115384615385 0.2548076923076923 0.013221153846153846 0.018028846153846152
0 0.29447115384615385 0.27884615384615385 0.015625 0.013221153846153846
0 0.23798076923076922 0.2644230769230769 0.015625 0.015625
0 0.3293269230769231 0.23798076923076922 0.013221153846153846 0.010817307692307692
0 0.33653846153846156 0.2283653846153846 0.010817307692307692 0.010817307692307692
0 0.2932692307692308 0.33052884615384615 0.013221153846153846 0.013221153846153846
0 0.2956730769230769 0.3425480769230769 0.010817307692307692 0.008413461538461538
0 0.2932692307692308 0.35336538461538464 0.008413461538461538 0.008413461538461538
0 0.29447115384615385 0.36658653846153844 0.010817307692307692 0.010817307692307692
0 0.31971153846153844 0.1971153846153846 0.013221153846153846 0.010817307692307692
0 0.3125 0.2127403846153846 0.008413461538461538 0.015625
0 0.3076923076923077 0.22355769230769232 0.010817307692307692 0.018028846153846152
0 0.3557692307692308 0.15985576923076922 0.013221153846153846 0.013221153846153846
0 0.36538461538461536 0.15625 0.013221153846153846 0.015625
0 0.2920673076923077 0.3798076923076923 0.015625 0.010817307692307692
0 0.2932692307692308 0.4050480769230769 0.013221153846153846 0.008413461538461538
0 0.2932692307692308 0.4326923076923077 0.013221153846153846 0.013221153846153846
0 0.2932692307692308 0.46875 0.008413461538461538 0.008413461538461538
0 0.2932692307692308 0.48197115384615385 0.013221153846153846 0.013221153846153846
0 0.2920673076923077 0.5084134615384616 0.015625 0.013221153846153846
0 0.2920673076923077 0.5216346153846154 0.007211538461538462 0.010817307692307692
0 0.29086538461538464 0.5348557692307693 0.013221153846153846 0.010817307692307692
0 0.2920673076923077 0.5612980769230769 0.010817307692307692 0.008413461538461538
0 0.2932692307692308 0.5865384615384616 0.008413461538461538 0.010817307692307692
0 0.2932692307692308 0.5985576923076923 0.008413461538461538 0.008413461538461538
0 0.28966346153846156 0.609375 0.015625 0.010817307692307692
0 0.2932692307692308 0.6237980769230769 0.008413461538461538 0.008413461538461538
0 0.28966346153846156 0.6370192307692307 0.020432692307692308 0.013221153846153846
0 0.29086538461538464 0.6514423076923077 0.013221153846153846 0.008413461538461538
0 0.28966346153846156 0.6646634615384616 0.010817307692307692 0.008413461538461538
0 0.2920673076923077 0.6754807692307693 0.007211538461538462 0.008413461538461538
0 0.29086538461538464 0.6899038461538461 0.008413461538461538 0.010817307692307692
0 0.2920673076923077 0.7055288461538461 0.007211538461538462 0.010817307692307692
0 0.28725961538461536 0.7175480769230769 0.010817307692307692 0.010817307692307692
0 0.2860576923076923 0.7295673076923077 0.008413461538461538 0.008413461538461538
0 0.28966346153846156 0.7451923076923077 0.010817307692307692 0.008413461538461538
0 0.28846153846153844 0.7572115384615384 0.013221153846153846 0.008413461538461538
0 0.28725961538461536 0.7704326923076923 0.010817307692307692 0.008413461538461538
0 0.29086538461538464 0.7824519230769231 0.008413461538461538 0.010817307692307692
0 0.28966346153846156 0.7944711538461539 0.010817307692307692 0.008413461538461538
0 0.29086538461538464 0.8064903846153846 0.013221153846153846 0.008413461538461538
0 0.21754807692307693 0.5264423076923077 0.010817307692307692 0.010817307692307692
0 0.22716346153846154 0.5396634615384616 0.008413461538461538 0.010817307692307692
0 0.2247596153846154 0.5492788461538461 0.004807692307692308 0.008413461538461538
0 0.2247596153846154 0.5612980769230769 0.008413461538461538 0.013221153846153846
0 0.22355769230769232 0.5769230769230769 0.007211538461538462 0.013221153846153846
0 0.22596153846153846 0.59375 0.010817307692307692 0.010817307692307692
0 0.23557692307692307 0.6129807692307693 0.015625 0.013221153846153846
0 0.23317307692307693 0.6310096153846154 0.010817307692307692 0.008413461538461538
0 0.234375 0.6490384615384616 0.013221153846153846 0.008413461538461538
0 0.23317307692307693 0.6646634615384616 0.015625 0.013221153846153846
0 0.23317307692307693 0.6887019230769231 0.010817307692307692 0.008413461538461538
0 0.234375 0.7139423076923077 0.008413461538461538 0.013221153846153846
0 0.23317307692307693 0.7379807692307693 0.015625 0.010817307692307692
0 0.23557692307692307 0.7560096153846154 0.010817307692307692 0.010817307692307692
0 0.23197115384615385 0.765625 0.008413461538461538 0.008413461538461538
0 0.23197115384615385 0.7788461538461539 0.008413461538461538 0.008413461538461538
0 0.23557692307692307 0.7944711538461539 0.015625 0.013221153846153846
0 0.23317307692307693 0.8185096153846154 0.010817307692307692 0.010817307692307692
0 0.23317307692307693 0.8305288461538461 0.010817307692307692 0.008413461538461538
0 0.28846153846153844 0.8485576923076923 0.018028846153846152 0.010817307692307692
0 0.28966346153846156 0.8617788461538461 0.015625 0.007211538461538462
0 0.23677884615384615 0.009615384615384616 0.008413461538461538 0.010817307692307692
0 0.23798076923076922 0.109375 0.010817307692307692 0.010817307692307692
0 0.23317307692307693 0.8701923076923077 0.010817307692307692 0.015625
0 0.23076923076923078 0.9074519230769231 0.010817307692307692 0.008413461538461538
0 0.23076923076923078 0.9194711538461539 0.010817307692307692 0.010817307692307692
0 0.23317307692307693 0.9435096153846154 0.020432692307692308 0.013221153846153846
0 0.23197115384615385 0.9591346153846154 0.008413461538461538 0.013221153846153846
0 0.23076923076923078 0.9711538461538461 0.010817307692307692 0.008413461538461538
0 0.22956730769230768 0.9807692307692307 0.013221153846153846 0.010817307692307692
0 0.28846153846153844 0.8737980769230769 0.013221153846153846 0.013221153846153846
0 0.28966346153846156 0.8846153846153846 0.010817307692307692 0.008413461538461538
0 0.28725961538461536 0.9086538461538461 0.010817307692307692 0.010817307692307692
0 0.2920673076923077 0.921875 0.010817307692307692 0.010817307692307692
0 0.28966346153846156 0.9350961538461539 0.015625 0.008413461538461538
0 0.28846153846153844 0.9471153846153846 0.013221153846153846 0.010817307692307692
0 0.28966346153846156 0.9579326923076923 0.015625 0.010817307692307692
0 0.28966346153846156 0.9723557692307693 0.015625 0.010817307692307692
0 0.28966346153846156 0.984375 0.015625 0.013221153846153846