0 0.5793269230769231 0.6622596153846154 0.013221153846153846 0.02283653846153846
0 0.025240384615384616 0.9771634615384616 0.013221153846153846 0.013221153846153846
0 0.5060096153846154 0.9759615384615384 0.015625 0.010817307692307692
0 0.7860576923076923 0.9519230769230769 0.013221153846153846 0.010817307692307692
0 0.2956730769230769 0.8197115384615384 0.010817307692307692 0.008413461538461538
0 0.3125 0.796875 0.013221153846153846 0.008413461538461538
0 0.2980769230769231 0.7884615384615384 0.010817307692307692 0.013221153846153846
0 0.28966346153846156 0.78125 0.010817307692307692 0.013221153846153846
0 0.026442307692307692 0.8990384615384616 0.008413461538461538 0.008413461538461538
0 0.015625 0.8858173076923077 0.008413461538461538 0.007211538461538462
0 0.025240384615384616 0.8725961538461539 0.008413461538461538 0.007211538461538462
0 0.515625 0.8305288461538461 0.008413461538461538 0.013221153846153846
0 0.025240384615384616 0.7992788461538461 0.008413461538461538 0.008413461538461538
0 0.19591346153846154 0.9867788461538461 0.013221153846153846 0.013221153846153846
0 0.17307692307692307 0.9771634615384616 0.013221153846153846 0.008413461538461538
0 0.025240384615384616 0.8353365384615384 0.013221153846153846 0.008413461538461538
0 0.026442307692307692 0.8233173076923077 0.010817307692307692 0.007211538461538462
0 0.025240384615384616 0.8125 0.008413461538461538 0.007211538461538462
0 0.03125 0.7836538461538461 0.008413461538461538 0.008413461538461538
0 0.021634615384615384 0.7728365384615384 0.010817307692307692 0.008413461538461538
0 0.02403846153846154 0.7620192307692307 0.007211538461538462 0.007211538461538462
0 0.02403846153846154 0.75 0.010817307692307692 0.008413461538461538
0 0.41346153846153844 0.9050480769230769 0.010817307692307692 0.013221153846153846
0 0.3798076923076923 0.9050480769230769 0.010817307692307692 0.018028846153846152
0 0.9110576923076923 0.6538461538461539 0.020432692307692308 0.025240384615384616
0 0.8918269230769231 0.640625 0.02283653846153846 0.020432692307692308
0 0.09735576923076923 0.8894230769230769 0.02283653846153846 0.013221153846153846
0 0.5456730769230769 0.7572115384615384 0.028846153846153848 0.018028846153846152
0 0.828125 0.9182692307692307 0.020432692307692308 0.028846153846153848
0 0.6766826923076923 0.7235576923076923 0.020432692307692308 0.02283653846153846
0 0.7283653846153846 0.8125 0.015625 0.020432692307692308