0 0.013221153846153846 0.6514423076923077 0.008413461538461538 0.010817307692307692
0 0.003605769230769231 0.6382211538461539 0.007211538461538462 0.010817307692307692
0 0.06610576923076923 0.6430288461538461 0.007211538461538462 0.007211538461538462
0 0.06129807692307692 0.6334134615384616 0.008413461538461538 0.008413461538461538
0 0.051682692307692304 0.6766826923076923 0.008413461538461538 0.010817307692307692
0 0.04567307692307692 0.6574519230769231 0.007211538461538462 0.008413461538461538
0 0.040865384615384616 0.6478365384615384 0.008413461538461538 0.010817307692307692
0 0.04567307692307692 0.6394230769230769 0.007211538461538462 0.008413461538461538
0 0.0985576923076923 0.6754807692307693 0.007211538461538462 0.008413461538461538
0 0.04567307692307692 0.7151442307692307 0.010817307692307692 0.010817307692307692
0 0.01201923076923077 0.7475961538461539 0.007211538461538462 0.008413461538461538
0 0.16466346153846154 0.6598557692307693 0.008413461538461538 0.008413461538461538
0 0.15144230769230768 0.6694711538461539 0.007211538461538462 0.007211538461538462
0 0.14783653846153846 0.6586538461538461 0.007211538461538462 0.010817307692307692
0 0.17908653846153846 0.6466346153846154 0.007211538461538462 0.008413461538461538
0 0.1658653846153846 0.640625 0.007211538461538462 0.007211538461538462
0 0.17427884615384615 0.6310096153846154 0.007211538461538462 0.008413461538461538
0 0.1935096153846154 0.6189903846153846 0.004807692307692308 0.008413461538461538
0 0.2091346153846154 0.6286057692307693 0.008413461538461538 0.008413461538461538
0 0.203125 0.6141826923076923 0.008413461538461538 0.007211538461538462
0 0.19591346153846154 0.6334134615384616 0.004807692307692308 0.007211538461538462
0 0.009615384615384616 0.6009615384615384 0.010817307692307692 0.013221153846153846
0 0.12860576923076922 0.6899038461538461 0.013221153846153846 0.010817307692307692
0 0.12139423076923077 0.6814903846153846 0.013221153846153846 0.010817307692307692
0 0.11177884615384616 0.6670673076923077 0.007211538461538462 0.008413461538461538
0 0.10576923076923077 0.6574519230769231 0.008413461538461538 0.008413461538461538
0 0.0985576923076923 0.6514423076923077 0.007211538461538462 0.008413461538461538
0 0.0889423076923077 0.6310096153846154 0.010817307692307692 0.013221153846153846
0 0.03245192307692308 0.5817307692307693 0.007211538461538462 0.010817307692307692
0 0.04567307692307692 0.5721153846153846 0.007211538461538462 0.008413461538461538
0 0.09735576923076923 0.546875 0.008413461538461538 0.008413461538461538
0 0.03485576923076923 0.6177884615384616 0.007211538461538462 0.007211538461538462
0 0.026442307692307692 0.625 0.007211538461538462 0.007211538461538462
0 0.013221153846153846 0.6310096153846154 0.008413461538461538 0.008413461538461538
0 0.027644230769230768 0.6574519230769231 0.007211538461538462 0.008413461538461538
0 0.03485576923076923 0.33052884615384615 0.010817307692307692 0.013221153846153846
0 0.06850961538461539 0.30288461538461536 0.015625 0.015625
0 0.17668269230769232 0.3581730769230769 0.010817307692307692 0.013221153846153846
0 0.1971153846153846 0.33052884615384615 0.020432692307692308 0.013221153846153846
0 0.22355769230769232 0.3004807692307692 0.015625 0.010817307692307692
0 0.24278846153846154 0.25721153846153844 0.013221153846153846 0.013221153846153846
0 0.21514423076923078 0.3701923076923077 0.007211538461538462 0.010817307692307692
0 0.24158653846153846 0.4074519230769231 0.010817307692307692 0.013221153846153846
0 0.2403846153846154 0.453125 0.010817307692307692 0.013221153846153846
0 0.22115384615384615 0.4639423076923077 0.008413461538461538 0.008413461538461538
0 0.19831730769230768 0.47716346153846156 0.008413461538461538 0.008413461538461538
0 0.25600961538461536 0.4483173076923077 0.007211538461538462 0.008413461538461538
0 0.24519230769230768 0.5420673076923077 0.008413461538461538 0.010817307692307692
0 0.24639423076923078 0.5889423076923077 0.007211538461538462 0.007211538461538462
0 0.06490384615384616 0.6021634615384616 0.008413461538461538 0.010817307692307692
0 0.0733173076923077 0.5600961538461539 0.010817307692307692 0.010817307692307692
0 0.01201923076923077 0.96875 0.007211538461538462 0.008413461538461538
0 0.020432692307692308 0.9807692307692307 0.008413461538461538 0.007211538461538462
0 0.025240384615384616 0.9699519230769231 0.008413461538461538 0.007211538461538462
0 0.007211538461538462 0.9519230769230769 0.008413461538461538 0.010817307692307692
0 0.03365384615384615 0.9447115384615384 0.008413461538461538 0.010817307692307692
0 0.01201923076923077 0.9302884615384616 0.010817307692307692 0.008413461538461538
0 0.09014423076923077 0.9411057692307693 0.008413461538461538 0.008413461538461538
0 0.06370192307692307 0.9206730769230769 0.010817307692307692 0.008413461538461538
0 0.0733173076923077 0.9110576923076923 0.007211538461538462 0.010817307692307692
0 0.07692307692307693 0.9266826923076923 0.008413461538461538 0.010817307692307692
0 0.008413461538461538 0.9110576923076923 0.010817307692307692 0.010817307692307692
0 0.11658653846153846 0.9591346153846154 0.008413461538461538 0.008413461538461538
0 0.10817307692307693 0.9423076923076923 0.008413461538461538 0.007211538461538462
0 0.09254807692307693 0.9783653846153846 0.008413461538461538 0.010817307692307692
0 0.0889423076923077 0.9675480769230769 0.007211538461538462 0.007211538461538462
0 0.025240384615384616 0.9074519230769231 0.008413461538461538 0.008413461538461538
0 0.030048076923076924 0.8990384615384616 0.007211538461538462 0.004807692307692308
0 0.040865384615384616 0.8942307692307693 0.008413461538461538 0.008413461538461538
0 0.046875 0.8834134615384616 0.008413461538461538 0.007211538461538462
0 0.09014423076923077 0.8822115384615384 0.008413461538461538 0.007211538461538462
0 0.06610576923076923 0.8894230769230769 0.007211538461538462 0.008413461538461538
0 0.052884615384615384 0.9086538461538461 0.007211538461538462 0.007211538461538462
0 0.15144230769230768 0.8966346153846154 0.007211538461538462 0.008413461538461538
0 0.15865384615384615 0.9122596153846154 0.010817307692307692 0.008413461538461538
0 0.16466346153846154 0.9242788461538461 0.008413461538461538 0.007211538461538462
0 0.16826923076923078 0.9350961538461539 0.007211538461538462 0.004807692307692308
0 0.16947115384615385 0.9459134615384616 0.007211538461538462 0.008413461538461538
0 0.17427884615384615 0.9627403846153846 0.007211538461538462 0.007211538461538462
0 0.18028846153846154 0.9735576923076923 0.008413461538461538 0.010817307692307692
0 0.18870192307692307 0.9915865384615384 0.008413461538461538 0.007211538461538462
0 0.11298076923076923 0.8569711538461539 0.008413461538461538 0.010817307692307692
0 0.1310096153846154 0.8737980769230769 0.004807692307692308 0.008413461538461538
0 0.13341346153846154 0.8954326923076923 0.007211538461538462 0.007211538461538462
0 0.13822115384615385 0.9158653846153846 0.007211538461538462 0.007211538461538462
0 0.12139423076923077 0.9086538461538461 0.008413461538461538 0.007211538461538462
0 0.1141826923076923 0.8954326923076923 0.007211538461538462 0.007211538461538462
0 0.08052884615384616 0.8701923076923077 0.008413461538461538 0.010817307692307692
0 0.046875 0.9639423076923077 0.008413461538461538 0.008413461538461538
0 0.20793269230769232 0.9903846153846154 0.007211538461538462 0.007211538461538462
0 0.20072115384615385 0.9771634615384616 0.008413461538461538 0.008413461538461538
0 0.19230769230769232 0.9507211538461539 0.010817307692307692 0.008413461538461538
0 0.1875 0.9362980769230769 0.008413461538461538 0.007211538461538462
0 0.17427884615384615 0.9002403846153846 0.007211538461538462 0.007211538461538462
0 0.16466346153846154 0.8834134615384616 0.008413461538461538 0.007211538461538462
0 0.14543269230769232 0.8774038461538461 0.007211538461538462 0.007211538461538462
0 0.08533653846153846 0.9134615384615384 0.008413461538461538 0.007211538461538462
0 0.056490384615384616 0.9411057692307693 0.008413461538461538 0.008413461538461538
0 0.0673076923076923 0.8617788461538461 0.008413461538461538 0.010817307692307692
0 0.078125 0.8509615384615384 0.007211538461538462 0.008413461538461538
0 0.09975961538461539 0.8341346153846154 0.007211538461538462 0.007211538461538462
0 0.1045673076923077 0.8245192307692307 0.010817307692307692 0.008413461538461538
0 0.14302884615384615 0.9362980769230769 0.007211538461538462 0.007211538461538462
0 0.13942307692307693 0.8605769230769231 0.004807692307692308 0.008413461538461538
0 0.1346153846153846 0.8401442307692307 0.004807692307692308 0.004807692307692308
0 0.12860576923076922 0.8269230769230769 0.004807692307692308 0.008413461538461538
0 0.1201923076923077 0.8100961538461539 0.007211538461538462 0.007211538461538462
0 0.13942307692307693 0.8076923076923077 0.008413461538461538 0.007211538461538462
0 0.14182692307692307 0.8173076923076923 0.004807692307692308 0.008413461538461538
0 0.1502403846153846 0.8305288461538461 0.007211538461538462 0.010817307692307692
0 0.15144230769230768 0.8449519230769231 0.007211538461538462 0.008413461538461538
0 0.13341346153846154 0.7944711538461539 0.008413461538461538 0.010817307692307692
0 0.12980769230769232 0.7800480769230769 0.010817307692307692 0.010817307692307692
0 0.10336538461538461 0.8774038461538461 0.008413461538461538 0.007211538461538462
0 0.10817307692307693 0.9278846153846154 0.008413461538461538 0.008413461538461538
0 0.25721153846153844 0.9735576923076923 0.008413461538461538 0.008413461538461538
0 0.24519230769230768 0.9459134615384616 0.008413461538461538 0.008413461538461538
0 0.23918269230769232 0.9206730769230769 0.008413461538461538 0.008413461538461538
0 0.2283653846153846 0.8954326923076923 0.007211538461538462 0.007211538461538462
0 0.2848557692307692 0.9819711538461539 0.010817307692307692 0.008413461538461538
0 0.27163461538461536 0.9651442307692307 0.007211538461538462 0.007211538461538462
0 0.25 0.8737980769230769 0.008413461538461538 0.008413461538461538
0 0.24278846153846154 0.8581730769230769 0.013221153846153846 0.013221153846153846
0 0.20673076923076922 0.7572115384615384 0.008413461538461538 0.008413461538461538
0 0.20072115384615385 0.7427884615384616 0.008413461538461538 0.008413461538461538
0 0.19110576923076922 0.7295673076923077 0.008413461538461538 0.004807692307692308
0 0.17067307692307693 0.734375 0.008413461538461538 0.008413461538461538
0 0.1875 0.7704326923076923 0.007211538461538462 0.008413461538461538
0 0.21033653846153846 0.7680288461538461 0.007211538461538462 0.008413461538461538
0 0.22716346153846154 0.7524038461538461 0.008413461538461538 0.008413461538461538
0 0.3401442307692308 0.7067307692307693 0.008413461538461538 0.008413461538461538
0 0.3581730769230769 0.7055288461538461 0.008413461538461538 0.008413461538461538
0 0.29447115384615385 0.7115384615384616 0.008413461538461538 0.008413461538461538
0 0.2764423076923077 0.71875 0.007211538461538462 0.008413461538461538
0 0.2620192307692308 0.7259615384615384 0.007211538461538462 0.007211538461538462
0 0.21995192307692307 0.7872596153846154 0.007211538461538462 0.007211538461538462
0 0.21754807692307693 0.7139423076923077 0.007211538461538462 0.008413461538461538
0 0.203125 0.7223557692307693 0.004807692307692308 0.007211538461538462
0 0.22956730769230768 0.7055288461538461 0.008413461538461538 0.004807692307692308
0 0.2439903846153846 0.6959134615384616 0.007211538461538462 0.008413461538461538
0 0.1935096153846154 0.7139423076923077 0.008413461538461538 0.008413461538461538
0 0.20552884615384615 0.7055288461538461 0.004807692307692308 0.007211538461538462
0 0.21514423076923078 0.6983173076923077 0.007211538461538462 0.008413461538461538
0 0.22596153846153846 0.6887019230769231 0.007211538461538462 0.008413461538461538
0 0.25721153846153844 0.6670673076923077 0.008413461538461538 0.008413461538461538
0 0.27403846153846156 0.6742788461538461 0.010817307692307692 0.007211538461538462
0 0.24879807692307693 0.7163461538461539 0.007211538461538462 0.008413461538461538
0 0.34134615384615385 0.6862980769230769 0.007211538461538462 0.010817307692307692
0 0.2860576923076923 0.6502403846153846 0.004807692307692308 0.007211538461538462
0 0.27283653846153844 0.65625 0.008413461538461538 0.007211538461538462
0 0.29447115384615385 0.6598557692307693 0.004807692307692308 0.008413461538461538
0 0.3088942307692308 0.6502403846153846 0.004807692307692308 0.007211538461538462
0 0.296875 0.6430288461538461 0.008413461538461538 0.010817307692307692
0 0.31850961538461536 0.640625 0.010817307692307692 0.010817307692307692
0 0.3329326923076923 0.6346153846153846 0.008413461538461538 0.008413461538461538
0 0.31971153846153844 0.6262019230769231 0.004807692307692308 0.008413461538461538
0 0.20552884615384615 0.8245192307692307 0.007211538461538462 0.008413461538461538
0 0.16706730769230768 0.4987980769230769 0.008413461538461538 0.010817307692307692
0 0.45913461538461536 0.8942307692307693 0.008413461538461538 0.008413461538461538
0 0.6057692307692307 0.9927884615384616 0.008413461538461538 0.008413461538461538
0 0.5901442307692307 0.8990384615384616 0.008413461538461538 0.008413461538461538
0 0.5709134615384616 0.8882211538461539 0.007211538461538462 0.010817307692307692
0 0.6995192307692307 0.9879807692307693 0.010817307692307692 0.010817307692307692
0 0.7223557692307693 0.9951923076923077 0.007211538461538462 0.004807692307692308
0 0.7259615384615384 0.9795673076923077 0.007211538461538462 0.004807692307692308
0 0.7415865384615384 0.9783653846153846 0.007211538461538462 0.007211538461538462
0 0.7584134615384616 0.984375 0.007211538461538462 0.008413461538461538
0 0.7764423076923077 0.9915865384615384 0.008413461538461538 0.007211538461538462
0 0.6995192307692307 0.8978365384615384 0.010817307692307692 0.015625
0 0.7271634615384616 0.8882211538461539 0.008413461538461538 0.010817307692307692
0 0.7403846153846154 0.8810096153846154 0.007211538461538462 0.008413461538461538
0 0.7536057692307693 0.8810096153846154 0.007211538461538462 0.008413461538461538
0 0.7764423076923077 0.859375 0.010817307692307692 0.010817307692307692
0 0.7596153846153846 0.9050480769230769 0.010817307692307692 0.008413461538461538
0 0.6935096153846154 0.8641826923076923 0.008413461538461538 0.010817307692307692
0 0.8497596153846154 0.8353365384615384 0.010817307692307692 0.008413461538461538
0 0.8509615384615384 0.8521634615384616 0.008413461538461538 0.010817307692307692
0 0.9182692307692307 0.9831730769230769 0.007211538461538462 0.010817307692307692
0 0.9170673076923077 0.08533653846153846 0.013221153846153846 0.013221153846153846
0 0.9194711538461539 0.007211538461538462 0.008413461538461538 0.008413461538461538
0 0.9290865384615384 0.14543269230769232 0.010817307692307692 0.010817307692307692
0 0.5108173076923077 0.020432692307692308 0.008413461538461538 0.013221153846153846
0 0.3954326923076923 0.039663461538461536 0.015625 0.015625
0 0.3485576923076923 0.06490384615384616 0.007211538461538462 0.008413461538461538
0 0.3317307692307692 0.0673076923076923 0.007211538461538462 0.008413461538461538
0 0.359375 0.06490384615384616 0.007211538461538462 0.013221153846153846
0 0.36899038461538464 0.06490384615384616 0.008413461538461538 0.013221153846153846
0 0.3858173076923077 0.0625 0.007211538461538462 0.008413461538461538
0 0.41346153846153844 0.057692307692307696 0.007211538461538462 0.007211538461538462
0 0.8112980769230769 0.4230769230769231 0.008413461538461538 0.008413461538461538
0 0.8125 0.40625 0.010817307692307692 0.007211538461538462
0 0.8125 0.3954326923076923 0.008413461538461538 0.010817307692307692
0 0.8125 0.3798076923076923 0.007211538461538462 0.010817307692307692
0 0.44711538461538464 0.34134615384615385 0.010817307692307692 0.010817307692307692
0 0.640625 0.31971153846153844 0.010817307692307692 0.008413461538461538
0 0.6634615384615384 0.3269230769230769 0.010817307692307692 0.013221153846153846
0 0.6430288461538461 0.33413461538461536 0.010817307692307692 0.010817307692307692
0 0.34615384615384615 0.42788461538461536 0.010817307692307692 0.013221153846153846
0 0.39663461538461536 0.59375 0.008413461538461538 0.010817307692307692
0 0.4206730769230769 0.5829326923076923 0.008413461538461538 0.008413461538461538
0 0.4338942307692308 0.5733173076923077 0.007211538461538462 0.010817307692307692
0 0.44711538461538464 0.5685096153846154 0.007211538461538462 0.010817307692307692
0 0.4567307692307692 0.5637019230769231 0.004807692307692308 0.010817307692307692
0 0.47115384615384615 0.5600961538461539 0.013221153846153846 0.010817307692307692
0 0.3125 0.47115384615384615 0.007211538461538462 0.008413461538461538
0 0.3161057692307692 0.4483173076923077 0.007211538461538462 0.008413461538461538
0 0.8149038461538461 0.49399038461538464 0.013221153846153846 0.010817307692307692
0 0.8137019230769231 0.515625 0.010817307692307692 0.013221153846153846
0 0.8161057692307693 0.5360576923076923 0.010817307692307692 0.013221153846153846
0 0.8173076923076923 0.5540865384615384 0.008413461538461538 0.008413461538461538
0 0.8209134615384616 0.5757211538461539 0.010817307692307692 0.010817307692307692
0 0.8197115384615384 0.5925480769230769 0.013221153846153846 0.008413461538461538
0 0.8197115384615384 0.609375 0.008413461538461538 0.010817307692307692
0 0.8185096153846154 0.6286057692307693 0.010817307692307692 0.008413461538461538
0 0.703125 0.5012019230769231 0.008413461538461538 0.010817307692307692
0 0.6838942307692307 0.5060096153846154 0.007211538461538462 0.007211538461538462
0 0.6550480769230769 0.5084134615384616 0.008413461538461538 0.008413461538461538
0 0.5985576923076923 0.5228365384615384 0.008413461538461538 0.013221153846153846
0 0.9206730769230769 0.5204326923076923 0.008413461538461538 0.008413461538461538
0 0.7199519230769231 0.41346153846153844 0.020432692307692308 0.015625
0 0.7079326923076923 0.3918269230769231 0.010817307692307692 0.008413461538461538
0 0.6862980769230769 0.3737980769230769 0.015625 0.008413461538461538
0 0.9807692307692307 0.41947115384615385 0.007211538461538462 0.008413461538461538
0 0.9663461538461539 0.4170673076923077 0.004807692307692308 0.008413461538461538
0 0.9543269230769231 0.4170673076923077 0.007211538461538462 0.008413461538461538
0 0.9375 0.4182692307692308 0.007211538461538462 0.007211538461538462
0 0.9519230769230769 0.890625 0.010817307692307692 0.010817307692307692
0 0.9555288461538461 0.8245192307692307 0.010817307692307692 0.013221153846153846
0 0.9459134615384616 0.7680288461538461 0.008413461538461538 0.013221153846153846
0 0.9110576923076923 0.7439903846153846 0.010817307692307692 0.010817307692307692
0 0.9387019230769231 0.734375 0.008413461538461538 0.008413461538461538
0 0.9735576923076923 0.6923076923076923 0.008413461538461538 0.010817307692307692
0 0.8774038461538461 0.5745192307692307 0.010817307692307692 0.008413461538461538
0 0.7836538461538461 0.7211538461538461 0.008413461538461538 0.008413461538461538
0 0.7764423076923077 0.6983173076923077 0.007211538461538462 0.008413461538461538
0 0.8269230769230769 0.7848557692307693 0.013221153846153846 0.010817307692307692
0 0.8185096153846154 0.7644230769230769 0.007211538461538462 0.010817307692307692
0 0.8137019230769231 0.7463942307692307 0.015625 0.010817307692307692
0 0.8040865384615384 0.7271634615384616 0.008413461538461538 0.008413461538461538
0 0.8016826923076923 0.7091346153846154 0.008413461538461538 0.013221153846153846
0 0.7932692307692307 0.6887019230769231 0.008413461538461538 0.013221153846153846
0 0.9290865384615384 0.16346153846153846 0.010817307692307692 0.010817307692307692
0 0.9278846153846154 0.1814903846153846 0.008413461538461538 0.010817307692307692
0 0.9326923076923077 0.19110576923076922 0.013221153846153846 0.013221153846153846
0 0.2980769230769231 0.2536057692307692 0.010817307692307692 0.010817307692307692
0 0.24278846153846154 0.22355769230769232 0.013221153846153846 0.010817307692307692
0 0.24278846153846154 0.20793269230769232 0.008413461538461538 0.010817307692307692
0 0.4387019230769231 0.054086538461538464 0.008413461538461538 0.013221153846153846
0 0.4963942307692308 0.5516826923076923 0.010817307692307692 0.013221153846153846
0 0.5144230769230769 0.47716346153846156 0.015625 0.018028846153846152
0 0.9170673076923077 0.5504807692307693 0.018028846153846152 0.025240384615384616
0 0.7319711538461539 0.9471153846153846 0.008413461538461538 0.015625
0 0.3701923076923077 0.47596153846153844 0.010817307692307692 0.015625