0 0.8894230769230769 0.052884615384615384 0.013221153846153846 0.015625
0 0.8882211538461539 0.109375 0.015625 0.010817307692307692
0 0.8894230769230769 0.037259615384615384 0.013221153846153846 0.010817307692307692
0 0.8882211538461539 0.13581730769230768 0.010817307692307692 0.010817307692307692
0 0.8834134615384616 0.1502403846153846 0.007211538461538462 0.010817307692307692
0 0.8858173076923077 0.1658653846153846 0.010817307692307692 0.010817307692307692
0 0.8894230769230769 0.1778846153846154 0.008413461538461538 0.008413461538461538
0 0.8882211538461539 0.18990384615384615 0.010817307692307692 0.010817307692307692
0 0.8870192307692307 0.20673076923076922 0.013221153846153846 0.008413461538461538
0 0.890625 0.21995192307692307 0.010817307692307692 0.010817307692307692
0 0.8858173076923077 0.2620192307692308 0.010817307692307692 0.015625
0 0.9002403846153846 0.25600961538461536 0.010817307692307692 0.010817307692307692
0 0.9314903846153846 0.2692307692307692 0.010817307692307692 0.015625
0 0.9387019230769231 0.25841346153846156 0.008413461538461538 0.010817307692307692
0 0.9711538461538461 0.2644230769230769 0.013221153846153846 0.015625
0 0.8125 0.008413461538461538 0.008413461538461538 0.010817307692307692
0 0.8125 0.046875 0.008413461538461538 0.008413461538461538
0 0.8125 0.06129807692307692 0.008413461538461538 0.008413461538461538
0 0.8293269230769231 0.06971153846153846 0.008413461538461538 0.008413461538461538
0 0.8125 0.07692307692307693 0.013221153846153846 0.008413461538461538
0 0.8125 0.09014423076923077 0.013221153846153846 0.013221153846153846
0 0.8137019230769231 0.10336538461538461 0.010817307692307692 0.008413461538461538
0 0.8149038461538461 0.12259615384615384 0.008413461538461538 0.010817307692307692
0 0.8293269230769231 0.140625 0.013221153846153846 0.015625
0 0.8233173076923077 0.171875 0.015625 0.015625
0 0.8100961538461539 0.20192307692307693 0.010817307692307692 0.010817307692307692
0 0.8233173076923077 0.20552884615384615 0.010817307692307692 0.010817307692307692
0 0.7980769230769231 0.15384615384615385 0.010817307692307692 0.010817307692307692
0 0.7836538461538461 0.1466346153846154 0.008413461538461538 0.008413461538461538
0 0.78125 0.1814903846153846 0.004807692307692308 0.007211538461538462
0 0.7896634615384616 0.17668269230769232 0.007211538461538462 0.007211538461538462
0 0.7860576923076923 0.19230769230769232 0.008413461538461538 0.007211538461538462
0 0.7884615384615384 0.20432692307692307 0.013221153846153846 0.010817307692307692
0 0.7632211538461539 0.20432692307692307 0.018028846153846152 0.010817307692307692
0 0.7475961538461539 0.19471153846153846 0.008413461538461538 0.010817307692307692
0 0.7307692307692307 0.20552884615384615 0.010817307692307692 0.007211538461538462
0 0.71875 0.1935096153846154 0.008413461538461538 0.008413461538461538
0 0.7043269230769231 0.20432692307692307 0.010817307692307692 0.010817307692307692
0 0.6875 0.203125 0.008413461538461538 0.008413461538461538
0 0.671875 0.20432692307692307 0.010817307692307692 0.010817307692307692
0 0.671875 0.1935096153846154 0.010817307692307692 0.008413461538461538
0 0.6466346153846154 0.20432692307692307 0.013221153846153846 0.010817307692307692
0 0.6310096153846154 0.20192307692307693 0.008413461538461538 0.010817307692307692
0 0.6153846153846154 0.19831730769230768 0.013221153846153846 0.013221153846153846
0 0.5985576923076923 0.20072115384615385 0.008413461538461538 0.008413461538461538
0 0.6021634615384616 0.18990384615384615 0.007211538461538462 0.007211538461538462
0 0.5817307692307693 0.20192307692307693 0.010817307692307692 0.010817307692307692
0 0.5685096153846154 0.1971153846153846 0.010817307692307692 0.010817307692307692
0 0.5516826923076923 0.1971153846153846 0.008413461538461538 0.007211538461538462
0 0.5264423076923077 0.19951923076923078 0.008413461538461538 0.010817307692307692
0 0.5216346153846154 0.1875 0.010817307692307692 0.010817307692307692
0 0.5456730769230769 0.1778846153846154 0.010817307692307692 0.008413461538461538
0 0.5204326923076923 0.16826923076923078 0.013221153846153846 0.010817307692307692
0 0.5192307692307693 0.15264423076923078 0.010817307692307692 0.008413461538461538
0 0.5180288461538461 0.140625 0.013221153846153846 0.015625
0 0.5180288461538461 0.11899038461538461 0.018028846153846152 0.018028846153846152
0 0.5204326923076923 0.0829326923076923 0.008413461538461538 0.008413461538461538
0 0.5216346153846154 0.056490384615384616 0.007211538461538462 0.008413461538461538
0 0.5204326923076923 0.046875 0.008413461538461538 0.008413461538461538
0 0.49158653846153844 0.08413461538461539 0.010817307692307692 0.010817307692307692
0 0.49278846153846156 0.07211538461538461 0.008413461538461538 0.008413461538461538
0 0.4951923076923077 0.056490384615384616 0.008413461538461538 0.008413461538461538
0 0.49158653846153844 0.014423076923076924 0.008413461538461538 0.007211538461538462
0 0.4795673076923077 0.014423076923076924 0.008413461538461538 0.010817307692307692
0 0.4699519230769231 0.013221153846153846 0.007211538461538462 0.008413461538461538
0 0.4855769230769231 0.004807692307692308 0.007211538461538462 0.009615384615384616
0 0.4951923076923077 0.006009615384615385 0.008413461538461538 0.010817307692307692
0 0.49759615384615385 0.1346153846153846 0.008413461538461538 0.004807692307692308
0 0.4987980769230769 0.1466346153846154 0.007211538461538462 0.008413461538461538
0 0.375 0.2536057692307692 0.010817307692307692 0.010817307692307692
0 0.3918269230769231 0.2536057692307692 0.013221153846153846 0.010817307692307692
0 0.41346153846153844 0.2536057692307692 0.010817307692307692 0.010817307692307692
0 0.4266826923076923 0.25240384615384615 0.010817307692307692 0.013221153846153846
0 0.4375 0.25240384615384615 0.010817307692307692 0.013221153846153846
0 0.45552884615384615 0.2536057692307692 0.013221153846153846 0.010817307692307692
0 0.4735576923076923 0.2548076923076923 0.013221153846153846 0.008413461538461538
0 0.48677884615384615 0.2548076923076923 0.008413461538461538 0.013221153846153846
0 0.5024038461538461 0.2548076923076923 0.008413461538461538 0.013221153846153846
0 0.5180288461538461 0.25721153846153844 0.013221153846153846 0.013221153846153846
0 0.5336538461538461 0.2536057692307692 0.013221153846153846 0.015625
0 0.546875 0.25721153846153844 0.008413461538461538 0.013221153846153846
0 0.5661057692307693 0.25721153846153844 0.015625 0.013221153846153846
0 0.5925480769230769 0.25841346153846156 0.008413461538461538 0.015625
0 0.609375 0.25841346153846156 0.010817307692307692 0.018028846153846152
0 0.6430288461538461 0.25841346153846156 0.010817307692307692 0.020432692307692308
0 0.65625 0.25721153846153844 0.010817307692307692 0.018028846153846152
0 0.6730769230769231 0.2608173076923077 0.008413461538461538 0.008413461538461538
0 0.6875 0.25961538461538464 0.013221153846153846 0.010817307692307692
0 0.7019230769230769 0.2608173076923077 0.010817307692307692 0.008413461538461538
0 0.7163461538461539 0.2608173076923077 0.008413461538461538 0.013221153846153846
0 0.7259615384615384 0.2620192307692308 0.007211538461538462 0.010817307692307692
0 0.7355769230769231 0.2608173076923077 0.007211538461538462 0.008413461538461538
0 0.75 0.2608173076923077 0.013221153846153846 0.013221153846153846
0 0.7668269230769231 0.25961538461538464 0.010817307692307692 0.015625
0 0.7788461538461539 0.25841346153846156 0.008413461538461538 0.013221153846153846
0 0.7944711538461539 0.25721153846153844 0.013221153846153846 0.018028846153846152
0 0.8112980769230769 0.2608173076923077 0.008413461538461538 0.013221153846153846
0 0.8245192307692307 0.25841346153846156 0.008413461538461538 0.018028846153846152
0 0.9026442307692307 0.027644230769230768 0.008413461538461538 0.010817307692307692
0 0.9050480769230769 0.055288461538461536 0.008413461538461538 0.010817307692307692
0 0.9014423076923077 0.09254807692307693 0.007211538461538462 0.008413461538461538
0 0.9038461538461539 0.109375 0.010817307692307692 0.010817307692307692
0 0.9014423076923077 0.12259615384615384 0.007211538461538462 0.010817307692307692
0 0.9158653846153846 0.027644230769230768 0.010817307692307692 0.010817307692307692
0 0.9050480769230769 0.004807692307692308 0.008413461538461538 0.008413461538461538
0 0.3425480769230769 0.2536057692307692 0.008413461538461538 0.010817307692307692
0 0.3269230769230769 0.2536057692307692 0.008413461538461538 0.010817307692307692
0 0.3088942307692308 0.2512019230769231 0.008413461538461538 0.010817307692307692
0 0.2920673076923077 0.2536057692307692 0.007211538461538462 0.010817307692307692
0 0.296875 0.23677884615384615 0.008413461538461538 0.008413461538461538
0 0.3112980769230769 0.23677884615384615 0.008413461538461538 0.008413461538461538
0 0.3269230769230769 0.23798076923076922 0.008413461538461538 0.010817307692307692
0 0.3425480769230769 0.23798076923076922 0.008413461538461538 0.010817307692307692
0 0.49759615384615385 0.1875 0.013221153846153846 0.013221153846153846
0 0.4230769230769231 0.1778846153846154 0.013221153846153846 0.008413461538461538
0 0.3918269230769231 0.20673076923076922 0.008413461538461538 0.008413461538461538
0 0.4014423076923077 0.20793269230769232 0.007211538461538462 0.010817307692307692
0 0.29447115384615385 0.20793269230769232 0.020432692307692308 0.015625
0 0.3016826923076923 0.1875 0.02283653846153846 0.015625
0 0.29927884615384615 0.17307692307692307 0.013221153846153846 0.013221153846153846
0 0.328125 0.21634615384615385 0.010817307692307692 0.013221153846153846
0 0.34615384615384615 0.2127403846153846 0.010817307692307692 0.007211538461538462
0 0.3581730769230769 0.21634615384615385 0.004807692307692308 0.008413461538461538
0 0.3701923076923077 0.21514423076923078 0.010817307692307692 0.007211538461538462
0 0.3713942307692308 0.20072115384615385 0.008413461538461538 0.008413461538461538
0 0.39302884615384615 0.1971153846153846 0.007211538461538462 0.007211538461538462
0 0.4026442307692308 0.19831730769230768 0.008413461538461538 0.008413461538461538
0 0.40865384615384615 0.19831730769230768 0.007211538461538462 0.004807692307692308
0 0.24158653846153846 0.21875 0.02283653846153846 0.013221153846153846
0 0.2403846153846154 0.203125 0.015625 0.008413461538461538
0 0.24519230769230768 0.18990384615384615 0.013221153846153846 0.010817307692307692
0 0.24278846153846154 0.17307692307692307 0.018028846153846152 0.013221153846153846
0 0.4879807692307692 0.15144230769230768 0.007211538461538462 0.007211538461538462
0 0.23677884615384615 0.15504807692307693 0.013221153846153846 0.013221153846153846
0 0.23918269230769232 0.1346153846153846 0.013221153846153846 0.013221153846153846
0 0.23918269230769232 0.1141826923076923 0.008413461538461538 0.007211538461538462
0 0.24278846153846154 0.0985576923076923 0.013221153846153846 0.015625
0 0.24278846153846154 0.08052884615384616 0.008413461538461538 0.008413461538461538
0 0.23798076923076922 0.06129807692307692 0.010817307692307692 0.013221153846153846
0 0.23918269230769232 0.04447115384615385 0.008413461538461538 0.010817307692307692
0 0.25 0.04447115384615385 0.004807692307692308 0.008413461538461538
0 0.23798076923076922 0.030048076923076924 0.010817307692307692 0.010817307692307692
0 0.24879807692307693 0.030048076923076924 0.007211538461538462 0.007211538461538462
0 0.24158653846153846 0.01201923076923077 0.010817307692307692 0.010817307692307692
0 0.25240384615384615 0.015625 0.008413461538461538 0.008413461538461538
0 0.2512019230769231 0.002403846153846154 0.010817307692307692 0.004807692307692308
0 0.3329326923076923 0.02283653846153846 0.013221153846153846 0.013221153846153846
0 0.3125 0.013221153846153846 0.007211538461538462 0.008413461538461538
0 0.2980769230769231 0.007211538461538462 0.015625 0.013221153846153846
0 0.1502403846153846 0.25600961538461536 0.015625 0.015625
0 0.04567307692307692 0.21033653846153846 0.010817307692307692 0.015625
0 0.027644230769230768 0.21634615384615385 0.015625 0.013221153846153846
0 0.20192307692307693 0.25721153846153844 0.010817307692307692 0.013221153846153846
0 0.12379807692307693 0.1875 0.008413461538461538 0.010817307692307692
0 0.10817307692307693 0.19951923076923078 0.013221153846153846 0.010817307692307692
0 0.0829326923076923 0.20552884615384615 0.008413461538461538 0.010817307692307692
0 0.055288461538461536 0.25600961538461536 0.010817307692307692 0.015625
0 0.039663461538461536 0.25600961538461536 0.007211538461538462 0.007211538461538462
0 0.09615384615384616 0.25841346153846156 0.010817307692307692 0.010817307692307692
0 0.12980769230769232 0.25841346153846156 0.010817307692307692 0.008413461538461538