0 0.019230769230769232 0.921875 0.010817307692307692 0.010817307692307692
0 0.04927884615384615 0.90625 0.013221153846153846 0.010817307692307692
0 0.019230769230769232 0.9507211538461539 0.010817307692307692 0.008413461538461538
0 0.008413461538461538 0.9915865384615384 0.013221153846153846 0.010817307692307692
0 0.009615384615384616 0.7079326923076923 0.018028846153846152 0.015625
0 0.06850961538461539 0.6694711538461539 0.010817307692307692 0.010817307692307692
0 0.025240384615384616 0.5997596153846154 0.026442307692307692 0.028846153846153848
0 0.0673076923076923 0.5913461538461539 0.018028846153846152 0.020432692307692308
0 0.10216346153846154 0.8052884615384616 0.015625 0.020432692307692308
0 0.07692307692307693 0.7427884615384616 0.013221153846153846 0.018028846153846152
0 0.08533653846153846 0.8509615384615384 0.018028846153846152 0.018028846153846152
0 0.11177884615384616 0.8533653846153846 0.015625 0.018028846153846152