0 0.9651442307692307 0.5036057692307693 0.010817307692307692 0.010817307692307692
0 0.953125 0.5012019230769231 0.013221153846153846 0.010817307692307692
0 0.9375 0.5012019230769231 0.008413461538461538 0.010817307692307692
0 0.9206730769230769 0.5 0.013221153846153846 0.008413461538461538
0 0.8858173076923077 0.5108173076923077 0.010817307692307692 0.008413461538461538
0 0.8485576923076923 0.5949519230769231 0.008413461538461538 0.013221153846153846
0 0.4579326923076923 0.9603365384615384 0.015625 0.015625
0 0.5288461538461539 0.8966346153846154 0.013221153846153846 0.013221153846153846
0 0.12740384615384615 0.0625 0.015625 0.020432692307692308
0 0.03245192307692308 0.037259615384615384 0.020432692307692308 0.020432692307692308
0 0.019230769230769232 0.8665865384615384 0.010817307692307692 0.008413461538461538
0 0.08052884615384616 0.7199519230769231 0.015625 0.010817307692307692
0 0.07932692307692307 0.6598557692307693 0.018028846153846152 0.008413461538461538
0 0.13341346153846154 0.6081730769230769 0.010817307692307692 0.018028846153846152
0 0.0733173076923077 0.6899038461538461 0.015625 0.015625
0 0.1141826923076923 0.7079326923076923 0.007211538461538462 0.007211538461538462
0 0.12379807692307693 0.7151442307692307 0.008413461538461538 0.007211538461538462
0 0.17067307692307693 0.7079326923076923 0.013221153846153846 0.010817307692307692
0 0.06129807692307692 0.5504807692307693 0.018028846153846152 0.020432692307692308
0 0.9615384615384616 0.055288461538461536 0.013221153846153846 0.015625
0 0.9675480769230769 0.19230769230769232 0.015625 0.015625
0 0.9254807692307693 0.15144230769230768 0.013221153846153846 0.020432692307692308
0 0.96875 0.21514423076923078 0.013221153846153846 0.015625
0 0.9675480769230769 0.2620192307692308 0.010817307692307692 0.015625