0 0.009615384615384616 0.009615384615384616 0.013221153846153846 0.018028846153846152
0 0.07091346153846154 0.0733173076923077 0.010817307692307692 0.010817307692307692
0 0.0829326923076923 0.06490384615384616 0.008413461538461538 0.008413461538461538
0 0.09375 0.06009615384615385 0.010817307692307692 0.010817307692307692
0 0.11538461538461539 0.04326923076923077 0.008413461538461538 0.013221153846153846
0 0.12620192307692307 0.037259615384615384 0.008413461538461538 0.010817307692307692
0 0.13581730769230768 0.03245192307692308 0.010817307692307692 0.010817307692307692
0 0.140625 0.06129807692307692 0.007211538461538462 0.008413461538461538
0 0.16346153846153846 0.013221153846153846 0.007211538461538462 0.013221153846153846
0 0.17668269230769232 0.008413461538461538 0.010817307692307692 0.010817307692307692
0 0.16346153846153846 0.04447115384615385 0.007211538461538462 0.008413461538461538
0 0.17067307692307693 0.10817307692307693 0.013221153846153846 0.018028846153846152
0 0.21153846153846154 0.11658653846153846 0.008413461538461538 0.010817307692307692
0 0.12259615384615384 0.17427884615384615 0.010817307692307692 0.010817307692307692
0 0.13341346153846154 0.1658653846153846 0.013221153846153846 0.007211538461538462
0 0.07211538461538461 0.20432692307692307 0.008413461538461538 0.007211538461538462
0 0.09134615384615384 0.18870192307692307 0.007211538461538462 0.008413461538461538
0 0.9747596153846154 0.8353365384615384 0.018028846153846152 0.026442307692307692
0 0.6754807692307693 0.9891826923076923 0.013221153846153846 0.013221153846153846
0 0.9915865384615384 0.8882211538461539 0.008413461538461538 0.015625
0 0.2704326923076923 0.6778846153846154 0.02283653846153846 0.02283653846153846
0 0.18389423076923078 0.6466346153846154 0.025240384615384616 0.02283653846153846
0 0.5973557692307693 0.9399038461538461 0.018028846153846152 0.015625