0 0.019230769230769232 0.7944711538461539 0.007211538461538462 0.007211538461538462
0 0.036057692307692304 0.8305288461538461 0.008413461538461538 0.008413461538461538
0 0.028846153846153848 0.8617788461538461 0.004807692307692308 0.007211538461538462
0 0.040865384615384616 0.8822115384615384 0.013221153846153846 0.015625
0 0.02283653846153846 0.8894230769230769 0.018028846153846152 0.018028846153846152
0 0.008413461538461538 0.9002403846153846 0.013221153846153846 0.020432692307692308
0 0.08413461538461539 0.8485576923076923 0.010817307692307692 0.008413461538461538
0 0.0985576923076923 0.8425480769230769 0.018028846153846152 0.018028846153846152
0 0.109375 0.8293269230769231 0.010817307692307692 0.008413461538461538
0 0.12980769230769232 0.828125 0.010817307692307692 0.010817307692307692
0 0.16466346153846154 0.7980769230769231 0.008413461538461538 0.010817307692307692
0 0.17668269230769232 0.796875 0.007211538461538462 0.004807692307692308
0 0.2127403846153846 0.7764423076923077 0.010817307692307692 0.008413461538461538
0 0.25721153846153844 0.7427884615384616 0.013221153846153846 0.013221153846153846
0 0.2692307692307692 0.7391826923076923 0.010817307692307692 0.013221153846153846
0 0.07091346153846154 0.9651442307692307 0.010817307692307692 0.010817307692307692
0 0.0829326923076923 0.9567307692307693 0.008413461538461538 0.008413461538461538
0 0.09375 0.9519230769230769 0.010817307692307692 0.010817307692307692
0 0.11538461538461539 0.9350961538461539 0.008413461538461538 0.013221153846153846
0 0.12620192307692307 0.9290865384615384 0.008413461538461538 0.010817307692307692
0 0.13581730769230768 0.9242788461538461 0.010817307692307692 0.010817307692307692
0 0.140625 0.953125 0.007211538461538462 0.008413461538461538
0 0.16346153846153846 0.9050480769230769 0.007211538461538462 0.013221153846153846
0 0.17668269230769232 0.9002403846153846 0.010817307692307692 0.010817307692307692
0 0.18509615384615385 0.8930288461538461 0.008413461538461538 0.010817307692307692
0 0.20072115384615385 0.8846153846153846 0.008413461538461538 0.008413461538461538
0 0.20793269230769232 0.8774038461538461 0.007211538461538462 0.010817307692307692
0 0.16346153846153846 0.9375 0.007211538461538462 0.008413461538461538
0 0.06129807692307692 0.8605769230769231 0.02283653846153846 0.026442307692307692