0 0.004807692307692308 0.39783653846153844 0.009615384615384616 0.010817307692307692
0 0.04927884615384615 0.4050480769230769 0.008413461538461538 0.013221153846153846
0 0.09014423076923077 0.3798076923076923 0.013221153846153846 0.025240384615384616
0 0.10216346153846154 0.33052884615384615 0.025240384615384616 0.018028846153846152
0 0.08533653846153846 0.42788461538461536 0.013221153846153846 0.013221153846153846
0 0.09735576923076923 0.45072115384615385 0.008413461538461538 0.008413461538461538
0 0.046875 0.45552884615384615 0.008413461538461538 0.008413461538461538
0 0.08173076923076923 0.6213942307692307 0.010817307692307692 0.013221153846153846
0 0.08052884615384616 0.6478365384615384 0.013221153846153846 0.010817307692307692
0 0.0829326923076923 0.5612980769230769 0.008413461538461538 0.013221153846153846
0 0.08052884615384616 0.6754807692307693 0.018028846153846152 0.013221153846153846
0 0.0829326923076923 0.7079326923076923 0.013221153846153846 0.015625
0 0.08052884615384616 0.7572115384615384 0.013221153846153846 0.013221153846153846
0 0.17067307692307693 0.7764423076923077 0.013221153846153846 0.013221153846153846
0 0.17427884615384615 0.7992788461538461 0.007211538461538462 0.008413461538461538
0 0.18269230769230768 0.8317307692307693 0.008413461538461538 0.010817307692307692
0 0.078125 0.921875 0.007211538461538462 0.010817307692307692
0 0.09495192307692307 0.9423076923076923 0.013221153846153846 0.015625
0 0.09375 0.9603365384615384 0.010817307692307692 0.010817307692307692
0 0.10336538461538461 0.9783653846153846 0.018028846153846152 0.010817307692307692
0 0.08052884615384616 0.9795673076923077 0.015625 0.013221153846153846
0 0.08413461538461539 0.8725961538461539 0.010817307692307692 0.010817307692307692
0 0.08052884615384616 0.8209134615384616 0.010817307692307692 0.010817307692307692
0 0.09495192307692307 0.9110576923076923 0.008413461538461538 0.010817307692307692
0 0.7259615384615384 0.4519230769230769 0.020432692307692308 0.020432692307692308
0 0.6911057692307693 0.4254807692307692 0.018028846153846152 0.018028846153846152
0 0.6670673076923077 0.4579326923076923 0.018028846153846152 0.015625
0 0.6334134615384616 0.4567307692307692 0.010817307692307692 0.013221153846153846
0 0.17668269230769232 0.47475961538461536 0.010817307692307692 0.018028846153846152
0 0.41947115384615385 0.5252403846153846 0.018028846153846152 0.018028846153846152
0 0.3161057692307692 0.6165865384615384 0.015625 0.015625
0 0.203125 0.5072115384615384 0.018028846153846152 0.013221153846153846
0 0.2091346153846154 0.32572115384615385 0.013221153846153846 0.010817307692307692
0 0.11658653846153846 0.2620192307692308 0.015625 0.010817307692307692
0 0.23557692307692307 0.7403846153846154 0.015625 0.020432692307692308
0 0.23677884615384615 0.8064903846153846 0.013221153846153846 0.013221153846153846
0 0.5637019230769231 0.7247596153846154 0.010817307692307692 0.013221153846153846
0 0.5372596153846154 0.7295673076923077 0.010817307692307692 0.018028846153846152
0 0.53125 0.7764423076923077 0.013221153846153846 0.018028846153846152
0 0.5961538461538461 0.7632211538461539 0.015625 0.018028846153846152
0 0.3473557692307692 0.7199519230769231 0.013221153846153846 0.010817307692307692
0 0.21153846153846154 0.9002403846153846 0.013221153846153846 0.010817307692307692
0 0.359375 0.8521634615384616 0.007211538461538462 0.015625
0 0.3473557692307692 0.7620192307692307 0.013221153846153846 0.015625
0 0.2956730769230769 0.7872596153846154 0.015625 0.015625
0 0.2620192307692308 0.6466346153846154 0.010817307692307692 0.013221153846153846
0 0.6742788461538461 0.671875 0.015625 0.015625
0 0.7391826923076923 0.8341346153846154 0.013221153846153846 0.015625
0 0.6826923076923077 0.84375 0.018028846153846152 0.015625
0 0.47716346153846156 0.8137019230769231 0.018028846153846152 0.015625
0 0.4483173076923077 0.8221153846153846 0.013221153846153846 0.013221153846153846
0 0.41586538461538464 0.6021634615384616 0.010817307692307692 0.010817307692307692
0 0.38822115384615385 0.6262019230769231 0.010817307692307692 0.008413461538461538
0 0.3786057692307692 0.6141826923076923 0.008413461538461538 0.010817307692307692
0 0.3737980769230769 0.5492788461538461 0.008413461538461538 0.008413461538461538
0 0.3870192307692308 0.5444711538461539 0.008413461538461538 0.008413461538461538
0 0.3954326923076923 0.5396634615384616 0.010817307692307692 0.010817307692307692
0 0.3401442307692308 0.6574519230769231 0.013221153846153846 0.008413461538461538
0 0.3485576923076923 0.6694711538461539 0.013221153846153846 0.013221153846153846
0 0.6021634615384616 0.5588942307692307 0.015625 0.018028846153846152
0 0.6057692307692307 0.4831730769230769 0.013221153846153846 0.010817307692307692
0 0.19951923076923078 0.7524038461538461 0.010817307692307692 0.013221153846153846
0 0.6514423076923077 0.8161057692307693 0.013221153846153846 0.015625
0 0.7091346153846154 0.9146634615384616 0.013221153846153846 0.018028846153846152
0 0.42908653846153844 0.6899038461538461 0.010817307692307692 0.015625
0 0.6237980769230769 0.4362980769230769 0.004807692307692308 0.010817307692307692
0 0.5697115384615384 0.4879807692307692 0.013221153846153846 0.015625
0 0.5252403846153846 0.5060096153846154 0.013221153846153846 0.010817307692307692
0 0.4170673076923077 0.5625 0.013221153846153846 0.018028846153846152
0 0.28365384615384615 0.5228365384615384 0.008413461538461538 0.008413461538461538
0 0.5949519230769231 0.6153846153846154 0.02283653846153846 0.02283653846153846
0 0.21875 0.359375 0.013221153846153846 0.015625
0 0.22355769230769232 0.41947115384615385 0.025240384615384616 0.018028846153846152