0 0.6394230769230769 0.19230769230769232 0.008413461538461538 0.010817307692307692
0 0.640625 0.2247596153846154 0.010817307692307692 0.008413461538461538
0 0.6430288461538461 0.2439903846153846 0.010817307692307692 0.010817307692307692
0 0.6646634615384616 0.2800480769230769 0.013221153846153846 0.010817307692307692
0 0.6346153846153846 0.2620192307692308 0.013221153846153846 0.010817307692307692
0 0.640625 0.3112980769230769 0.007211538461538462 0.008413461538461538
0 0.7463942307692307 0.2247596153846154 0.010817307692307692 0.008413461538461538
0 0.7524038461538461 0.24759615384615385 0.008413461538461538 0.008413461538461538
0 0.9879807692307693 0.21514423076923078 0.010817307692307692 0.007211538461538462
0 0.9158653846153846 0.34615384615384615 0.015625 0.015625
0 0.8954326923076923 0.34975961538461536 0.015625 0.015625
0 0.9663461538461539 0.3894230769230769 0.018028846153846152 0.018028846153846152
0 0.984375 0.42908653846153844 0.004807692307692308 0.007211538461538462
0 0.9699519230769231 0.44471153846153844 0.007211538461538462 0.010817307692307692
0 0.9807692307692307 0.4639423076923077 0.007211538461538462 0.008413461538461538
0 0.8365384615384616 0.39302884615384615 0.007211538461538462 0.007211538461538462
0 0.8233173076923077 0.40024038461538464 0.007211538461538462 0.007211538461538462
0 0.8329326923076923 0.4098557692307692 0.008413461538461538 0.008413461538461538
0 0.8305288461538461 0.4182692307692308 0.008413461538461538 0.007211538461538462
0 0.8197115384615384 0.41947115384615385 0.008413461538461538 0.007211538461538462
0 0.8966346153846154 0.46274038461538464 0.013221153846153846 0.015625
0 0.9050480769230769 0.47596153846153844 0.013221153846153846 0.010817307692307692
0 0.9074519230769231 0.49038461538461536 0.008413461538461538 0.007211538461538462
0 0.9375 0.35697115384615385 0.008413461538461538 0.007211538461538462
0 0.7740384615384616 0.34975961538461536 0.007211538461538462 0.007211538461538462
0 0.7584134615384616 0.3557692307692308 0.008413461538461538 0.008413461538461538
0 0.796875 0.3954326923076923 0.013221153846153846 0.010817307692307692
0 0.7992788461538461 0.4170673076923077 0.013221153846153846 0.013221153846153846
0 0.7764423076923077 0.40024038461538464 0.010817307692307692 0.007211538461538462
0 0.7704326923076923 0.42908653846153844 0.008413461538461538 0.010817307692307692
0 0.7608173076923077 0.4110576923076923 0.008413461538461538 0.007211538461538462
0 0.9182692307692307 0.46875 0.007211538461538462 0.013221153846153846
0 0.7043269230769231 0.3942307692307692 0.007211538461538462 0.008413461538461538
0 0.6598557692307693 0.4254807692307692 0.013221153846153846 0.013221153846153846
0 0.6658653846153846 0.45552884615384615 0.015625 0.008413461538461538
0 0.6862980769230769 0.5288461538461539 0.015625 0.013221153846153846
0 0.6754807692307693 0.5048076923076923 0.008413461538461538 0.008413461538461538
0 0.96875 0.6237980769230769 0.008413461538461538 0.008413461538461538
0 0.9459134615384616 0.6394230769230769 0.008413461538461538 0.008413461538461538
0 0.7752403846153846 0.6899038461538461 0.008413461538461538 0.010817307692307692
0 0.7475961538461539 0.703125 0.008413461538461538 0.008413461538461538
0 0.9242788461538461 0.6165865384615384 0.007211538461538462 0.008413461538461538
0 0.9098557692307693 0.6322115384615384 0.008413461538461538 0.010817307692307692
0 0.7211538461538461 0.7115384615384616 0.008413461538461538 0.008413461538461538
0 0.9747596153846154 0.6502403846153846 0.008413461538461538 0.007211538461538462
0 0.3473557692307692 0.030048076923076924 0.02283653846153846 0.025240384615384616
0 0.03365384615384615 0.21394230769230768 0.02283653846153846 0.026442307692307692
0 0.375 0.1875 0.020432692307692308 0.018028846153846152
0 0.4014423076923077 0.22235576923076922 0.026442307692307692 0.028846153846153848
0 0.40865384615384615 0.25841346153846156 0.025240384615384616 0.02283653846153846
0 0.5625 0.07692307692307693 0.013221153846153846 0.018028846153846152
0 0.5745192307692307 0.8798076923076923 0.018028846153846152 0.015625
0 0.5612980769230769 0.8978365384615384 0.018028846153846152 0.015625
0 0.546875 0.9038461538461539 0.018028846153846152 0.015625
0 0.5360576923076923 0.921875 0.018028846153846152 0.015625
0 0.5240384615384616 0.9387019230769231 0.015625 0.013221153846153846
0 0.5084134615384616 0.9483173076923077 0.013221153846153846 0.013221153846153846
0 0.49278846153846156 0.9579326923076923 0.008413461538461538 0.010817307692307692
0 0.5264423076923077 0.9014423076923077 0.010817307692307692 0.013221153846153846
0 0.6225961538461539 0.8317307692307693 0.010817307692307692 0.015625
0 0.5913461538461539 0.6923076923076923 0.007211538461538462 0.010817307692307692
0 0.6550480769230769 0.8641826923076923 0.008413461538461538 0.015625
0 0.640625 0.8822115384615384 0.010817307692307692 0.010817307692307692
0 0.45072115384615385 0.734375 0.018028846153846152 0.02283653846153846
0 0.3233173076923077 0.8942307692307693 0.010817307692307692 0.018028846153846152
0 0.3233173076923077 0.9206730769230769 0.015625 0.018028846153846152
0 0.19951923076923078 0.75 0.010817307692307692 0.018028846153846152
0 0.18509615384615385 0.5829326923076923 0.018028846153846152 0.018028846153846152
0 0.13822115384615385 0.59375 0.010817307692307692 0.015625
0 0.10697115384615384 0.6069711538461539 0.015625 0.010817307692307692
0 0.2247596153846154 0.5432692307692307 0.02283653846153846 0.018028846153846152
0 0.20793269230769232 0.5913461538461539 0.015625 0.010817307692307692
0 0.23918269230769232 0.6237980769230769 0.013221153846153846 0.013221153846153846
0 0.3125 0.5444711538461539 0.020432692307692308 0.025240384615384616
0 0.3545673076923077 0.578125 0.010817307692307692 0.015625
0 0.4579326923076923 0.4579326923076923 0.010817307692307692 0.015625
0 0.46875 0.5324519230769231 0.013221153846153846 0.015625
0 0.35096153846153844 0.6694711538461539 0.018028846153846152 0.020432692307692308
0 0.6322115384615384 0.6430288461538461 0.015625 0.010817307692307692
0 0.5480769230769231 0.7560096153846154 0.010817307692307692 0.010817307692307692
0 0.6057692307692307 0.7704326923076923 0.013221153846153846 0.013221153846153846
0 0.4699519230769231 0.9867788461538461 0.010817307692307692 0.013221153846153846
0 0.5673076923076923 0.16466346153846154 0.008413461538461538 0.013221153846153846
0 0.5673076923076923 0.15144230769230768 0.008413461538461538 0.013221153846153846
0 0.22956730769230768 0.16706730769230768 0.008413461538461538 0.013221153846153846
0 0.5685096153846154 0.21394230769230768 0.007211538461538462 0.008413461538461538
0 0.5625 0.22956730769230768 0.013221153846153846 0.013221153846153846
0 0.007211538461538462 0.8377403846153846 0.013221153846153846 0.018028846153846152
0 0.052884615384615384 0.5973557692307693 0.015625 0.018028846153846152
0 0.23557692307692307 0.7956730769230769 0.010817307692307692 0.015625
0 0.3473557692307692 0.6370192307692307 0.008413461538461538 0.013221153846153846
0 0.3629807692307692 0.6370192307692307 0.008413461538461538 0.013221153846153846
0 0.11658653846153846 0.9278846153846154 0.010817307692307692 0.008413461538461538
0 0.109375 0.9519230769230769 0.015625 0.010817307692307692
0 0.296875 0.35697115384615385 0.02283653846153846 0.020432692307692308
0 0.42908653846153844 0.04447115384615385 0.020432692307692308 0.026442307692307692
0 0.24519230769230768 0.4050480769230769 0.02283653846153846 0.03125
0 0.6237980769230769 0.9050480769230769 0.013221153846153846 0.013221153846153846
0 0.6105769230769231 0.9194711538461539 0.013221153846153846 0.020432692307692308
0 0.5889423076923077 0.9447115384615384 0.015625 0.010817307692307692
0 0.5709134615384616 0.9639423076923077 0.020432692307692308 0.013221153846153846
0 0.6057692307692307 0.8112980769230769 0.013221153846153846 0.018028846153846152
0 0.6129807692307693 0.9831730769230769 0.018028846153846152 0.020432692307692308
0 0.6286057692307693 0.9651442307692307 0.026442307692307692 0.028846153846153848
0 0.6502403846153846 0.9447115384615384 0.020432692307692308 0.020432692307692308
0 0.7764423076923077 0.9831730769230769 0.008413461538461538 0.020432692307692308
0 0.7920673076923077 0.9735576923076923 0.020432692307692308 0.013221153846153846
0 0.7932692307692307 0.9891826923076923 0.013221153846153846 0.008413461538461538
0 0.7007211538461539 0.9699519230769231 0.013221153846153846 0.020432692307692308
0 0.8173076923076923 0.984375 0.013221153846153846 0.018028846153846152
0 0.5913461538461539 0.703125 0.010817307692307692 0.008413461538461538
0 0.6081730769230769 0.6887019230769231 0.013221153846153846 0.008413461538461538
0 0.53125 0.8341346153846154 0.013221153846153846 0.015625
0 0.5516826923076923 0.28365384615384615 0.008413461538461538 0.013221153846153846
0 0.5540865384615384 0.2620192307692308 0.013221153846153846 0.015625
0 0.5516826923076923 0.19110576923076922 0.013221153846153846 0.013221153846153846
0 0.9495192307692307 0.34975961538461536 0.010817307692307692 0.010817307692307692
0 0.5673076923076923 0.03365384615384615 0.02283653846153846 0.018028846153846152
0 0.5588942307692307 0.125 0.018028846153846152 0.015625
0 0.5564903846153846 0.16947115384615385 0.013221153846153846 0.010817307692307692
0 0.9387019230769231 0.27524038461538464 0.026442307692307692 0.026442307692307692