0 0.23076923076923078 0.2644230769230769 0.007211538461538462 0.007211538461538462
0 0.5072115384615384 0.01201923076923077 0.004807692307692308 0.007211538461538462
0 0.5144230769230769 0.021634615384615384 0.007211538461538462 0.007211538461538462
0 0.5240384615384616 0.03485576923076923 0.007211538461538462 0.007211538461538462
0 0.5276442307692307 0.04807692307692308 0.007211538461538462 0.007211538461538462
0 0.5516826923076923 0.056490384615384616 0.008413461538461538 0.008413461538461538
0 0.5564903846153846 0.08052884615384616 0.008413461538461538 0.008413461538461538
0 0.4543269230769231 0.006009615384615385 0.007211538461538462 0.007211538461538462
0 0.421875 0.006009615384615385 0.007211538461538462 0.007211538461538462
0 0.40024038461538464 0.026442307692307692 0.007211538461538462 0.007211538461538462
0 0.3918269230769231 0.03365384615384615 0.008413461538461538 0.008413461538461538
0 0.3954326923076923 0.042067307692307696 0.007211538461538462 0.007211538461538462
0 0.40865384615384615 0.055288461538461536 0.007211538461538462 0.007211538461538462
0 0.3701923076923077 0.04326923076923077 0.007211538461538462 0.004807692307692308
0 0.38822115384615385 0.055288461538461536 0.007211538461538462 0.007211538461538462
0 0.39302884615384615 0.06370192307692307 0.007211538461538462 0.007211538461538462
0 0.40384615384615385 0.078125 0.007211538461538462 0.007211538461538462
0 0.43509615384615385 0.09375 0.008413461538461538 0.007211538461538462
0 0.4375 0.10216346153846154 0.007211538461538462 0.007211538461538462
0 0.3858173076923077 0.0829326923076923 0.007211538461538462 0.004807692307692308
0 0.37259615384615385 0.0829326923076923 0.007211538461538462 0.004807692307692308
0 0.5180288461538461 0.12620192307692307 0.004807692307692308 0.008413461538461538
0 0.5420673076923077 0.15384615384615385 0.007211538461538462 0.007211538461538462
0 0.5252403846153846 0.13701923076923078 0.004807692307692308 0.004807692307692308
0 0.5444711538461539 0.16706730769230768 0.008413461538461538 0.008413461538461538
0 0.5588942307692307 0.1814903846153846 0.008413461538461538 0.010817307692307692
0 0.6153846153846154 0.140625 0.008413461538461538 0.007211538461538462
0 0.5925480769230769 0.14302884615384615 0.004807692307692308 0.007211538461538462
0 0.5733173076923077 0.10697115384615384 0.007211538461538462 0.007211538461538462
0 0.5625 0.09615384615384616 0.004807692307692308 0.007211538461538462
0 0.6225961538461539 0.15625 0.007211538461538462 0.007211538461538462
0 0.6310096153846154 0.171875 0.004807692307692308 0.007211538461538462
0 0.6490384615384616 0.1658653846153846 0.008413461538461538 0.007211538461538462
0 0.6586538461538461 0.15745192307692307 0.007211538461538462 0.008413461538461538
0 0.6646634615384616 0.15144230769230768 0.008413461538461538 0.008413461538461538
0 0.6550480769230769 0.13341346153846154 0.004807692307692308 0.004807692307692308
0 0.6802884615384616 0.14783653846153846 0.008413461538461538 0.007211538461538462
0 0.6875 0.13341346153846154 0.007211538461538462 0.013221153846153846
0 0.7115384615384616 0.12620192307692307 0.008413461538461538 0.008413461538461538
0 0.7235576923076923 0.11298076923076923 0.008413461538461538 0.008413461538461538
0 0.7055288461538461 0.10697115384615384 0.004807692307692308 0.007211538461538462
0 0.7439903846153846 0.10697115384615384 0.007211538461538462 0.007211538461538462
0 0.7584134615384616 0.0985576923076923 0.008413461538461538 0.008413461538461538
0 0.7355769230769231 0.08413461538461539 0.007211538461538462 0.007211538461538462
0 0.7596153846153846 0.06490384615384616 0.010817307692307692 0.013221153846153846
0 0.7668269230769231 0.08533653846153846 0.007211538461538462 0.008413461538461538
0 0.7836538461538461 0.07451923076923077 0.008413461538461538 0.008413461538461538
0 0.7944711538461539 0.04447115384615385 0.010817307692307692 0.008413461538461538
0 0.7956730769230769 0.06490384615384616 0.007211538461538462 0.008413461538461538
0 0.8125 0.055288461538461536 0.007211538461538462 0.007211538461538462
0 0.8185096153846154 0.052884615384615384 0.007211538461538462 0.010817307692307692
0 0.8353365384615384 0.046875 0.008413461538461538 0.008413461538461538
0 0.84375 0.037259615384615384 0.007211538461538462 0.010817307692307692
0 0.8245192307692307 0.026442307692307692 0.008413461538461538 0.007211538461538462
0 0.8641826923076923 0.027644230769230768 0.010817307692307692 0.010817307692307692
0 0.8545673076923077 0.006009615384615385 0.007211538461538462 0.010817307692307692
0 0.8834134615384616 0.021634615384615384 0.008413461538461538 0.010817307692307692
0 0.9014423076923077 0.009615384615384616 0.013221153846153846 0.018028846153846152
0 0.11778846153846154 0.016826923076923076 0.010817307692307692 0.007211538461538462
0 0.13341346153846154 0.03365384615384615 0.010817307692307692 0.008413461538461538
0 0.10817307692307693 0.03125 0.008413461538461538 0.008413461538461538
0 0.11658653846153846 0.04447115384615385 0.007211538461538462 0.007211538461538462
0 0.11899038461538461 0.057692307692307696 0.004807692307692308 0.007211538461538462
0 0.14182692307692307 0.05048076923076923 0.008413461538461538 0.010817307692307692
0 0.12620192307692307 0.06850961538461539 0.004807692307692308 0.007211538461538462
0 0.15264423076923078 0.0673076923076923 0.008413461538461538 0.008413461538461538
0 0.1346153846153846 0.07932692307692307 0.008413461538461538 0.008413461538461538
0 0.14543269230769232 0.09495192307692307 0.007211538461538462 0.008413461538461538
0 0.16105769230769232 0.08052884615384616 0.010817307692307692 0.013221153846153846
0 0.1814903846153846 0.0829326923076923 0.010817307692307692 0.008413461538461538
0 0.17067307692307693 0.0985576923076923 0.008413461538461538 0.008413461538461538
0 0.14783653846153846 0.10817307692307693 0.007211538461538462 0.004807692307692308
0 0.12139423076923077 0.12379807692307693 0.008413461538461538 0.008413461538461538
0 0.11298076923076923 0.13221153846153846 0.004807692307692308 0.007211538461538462
0 0.09975961538461539 0.13701923076923078 0.007211538461538462 0.004807692307692308
0 0.09134615384615384 0.1466346153846154 0.007211538461538462 0.008413461538461538
0 0.08052884615384616 0.15384615384615385 0.007211538461538462 0.007211538461538462
0 0.0625 0.1622596153846154 0.008413461538461538 0.008413461538461538
0 0.055288461538461536 0.1658653846153846 0.007211538461538462 0.007211538461538462
0 0.056490384615384616 0.1201923076923077 0.008413461538461538 0.007211538461538462
0 0.0625 0.13581730769230768 0.010817307692307692 0.010817307692307692
0 0.04447115384615385 0.11658653846153846 0.004807692307692308 0.007211538461538462
0 0.026442307692307692 0.11057692307692307 0.007211538461538462 0.008413461538461538
0 0.05048076923076923 0.04447115384615385 0.007211538461538462 0.010817307692307692
0 0.22956730769230768 0.057692307692307696 0.008413461538461538 0.010817307692307692
0 0.21875 0.0673076923076923 0.008413461538461538 0.008413461538461538
0 0.19831730769230768 0.078125 0.004807692307692308 0.007211538461538462
0 0.24879807692307693 0.04326923076923077 0.007211538461538462 0.008413461538461538
0 0.2644230769230769 0.03365384615384615 0.010817307692307692 0.008413461538461538
0 0.27524038461538464 0.030048076923076924 0.008413461538461538 0.015625
0 0.3088942307692308 0.006009615384615385 0.008413461538461538 0.007211538461538462
0 0.21033653846153846 0.04567307692307692 0.007211538461538462 0.010817307692307692
0 0.007211538461538462 0.19591346153846154 0.008413461538461538 0.008413461538461538
0 0.019230769230769232 0.18870192307692307 0.007211538461538462 0.008413461538461538
0 0.3641826923076923 0.052884615384615384 0.007211538461538462 0.007211538461538462
0 0.3485576923076923 0.06129807692307692 0.013221153846153846 0.004807692307692308
0 0.33653846153846156 0.06610576923076923 0.007211538461538462 0.007211538461538462
0 0.3473557692307692 0.08052884615384616 0.008413461538461538 0.010817307692307692
0 0.32211538461538464 0.07091346153846154 0.008413461538461538 0.007211538461538462
0 0.2692307692307692 0.11177884615384616 0.007211538461538462 0.007211538461538462
0 0.28125 0.13221153846153846 0.008413461538461538 0.007211538461538462
0 0.3112980769230769 0.18389423076923078 0.008413461538461538 0.007211538461538462
0 0.21754807692307693 0.13341346153846154 0.010817307692307692 0.010817307692307692
0 0.25240384615384615 0.15985576923076922 0.004807692307692308 0.008413461538461538
0 0.25841346153846156 0.17067307692307693 0.007211538461538462 0.008413461538461538
0 0.2620192307692308 0.21153846153846154 0.007211538461538462 0.008413461538461538
0 0.2536057692307692 0.19831730769230768 0.007211538461538462 0.008413461538461538
0 0.2127403846153846 0.15384615384615385 0.007211538461538462 0.007211538461538462
0 0.21754807692307693 0.16826923076923078 0.010817307692307692 0.007211538461538462
0 0.22956730769230768 0.19230769230769232 0.008413461538461538 0.007211538461538462
0 0.2439903846153846 0.21634615384615385 0.007211538461538462 0.008413461538461538
0 0.25 0.22596153846153846 0.008413461538461538 0.007211538461538462
0 0.2608173076923077 0.23798076923076922 0.008413461538461538 0.007211538461538462
0 0.29447115384615385 0.2283653846153846 0.010817307692307692 0.007211538461538462
0 0.2932692307692308 0.24879807692307693 0.008413461538461538 0.007211538461538462
0 0.30288461538461536 0.25 0.007211538461538462 0.004807692307692308
0 0.3112980769230769 0.25961538461538464 0.004807692307692308 0.007211538461538462
0 0.3016826923076923 0.2608173076923077 0.004807692307692308 0.004807692307692308
0 0.31490384615384615 0.2692307692307692 0.004807692307692308 0.007211538461538462
0 0.3137019230769231 0.27884615384615385 0.007211538461538462 0.004807692307692308
0 0.3293269230769231 0.28846153846153844 0.004807692307692308 0.004807692307692308
0 0.5889423076923077 0.13221153846153846 0.007211538461538462 0.007211538461538462
0 0.5504807692307693 0.20793269230769232 0.007211538461538462 0.007211538461538462
0 0.8413461538461539 0.11658653846153846 0.007211538461538462 0.010817307692307692
0 0.8173076923076923 0.13341346153846154 0.008413461538461538 0.008413461538461538
0 0.7920673076923077 0.14543269230769232 0.007211538461538462 0.007211538461538462
0 0.7463942307692307 0.17307692307692307 0.007211538461538462 0.004807692307692308
0 0.8689903846153846 0.1310096153846154 0.008413461538461538 0.008413461538461538
0 0.8401442307692307 0.14903846153846154 0.008413461538461538 0.008413461538461538
0 0.8197115384615384 0.16346153846153846 0.008413461538461538 0.007211538461538462
0 0.796875 0.17427884615384615 0.008413461538461538 0.007211538461538462
0 0.7776442307692307 0.1875 0.007211538461538462 0.008413461538461538
0 0.7872596153846154 0.18028846153846154 0.007211538461538462 0.008413461538461538
0 0.7716346153846154 0.18990384615384615 0.007211538461538462 0.007211538461538462
0 0.8990384615384616 0.11177884615384616 0.004807692307692308 0.007211538461538462
0 0.8858173076923077 0.09134615384615384 0.007211538461538462 0.007211538461538462
0 0.9122596153846154 0.0733173076923077 0.004807692307692308 0.007211538461538462
0 0.9375 0.11658653846153846 0.008413461538461538 0.008413461538461538
0 0.9122596153846154 0.13341346153846154 0.008413461538461538 0.008413461538461538
0 0.8870192307692307 0.14783653846153846 0.008413461538461538 0.007211538461538462
0 0.8653846153846154 0.16346153846153846 0.008413461538461538 0.010817307692307692
0 0.8413461538461539 0.17427884615384615 0.007211538461538462 0.007211538461538462
0 0.8197115384615384 0.19110576923076922 0.008413461538461538 0.008413461538461538
0 0.9627403846153846 0.0733173076923077 0.010817307692307692 0.010817307692307692
0 0.9747596153846154 0.06490384615384616 0.008413461538461538 0.008413461538461538
0 0.9855769230769231 0.06009615384615385 0.010817307692307692 0.010817307692307692
0 0.9591346153846154 0.04567307692307692 0.008413461538461538 0.007211538461538462
0 0.9411057692307693 0.056490384615384616 0.008413461538461538 0.008413461538461538
0 0.9675480769230769 0.0985576923076923 0.007211538461538462 0.010817307692307692
0 0.9807692307692307 0.09014423076923077 0.010817307692307692 0.008413461538461538
0 0.6899038461538461 0.3425480769230769 0.007211538461538462 0.008413461538461538
0 0.7055288461538461 0.3329326923076923 0.008413461538461538 0.008413461538461538
0 0.7199519230769231 0.3233173076923077 0.007211538461538462 0.010817307692307692
0 0.7379807692307693 0.3112980769230769 0.007211538461538462 0.004807692307692308
0 0.7548076923076923 0.30408653846153844 0.008413461538461538 0.008413461538461538
0 0.7668269230769231 0.29447115384615385 0.007211538461538462 0.007211538461538462
0 0.828125 0.25721153846153844 0.007211538461538462 0.008413461538461538
0 0.8762019230769231 0.22355769230769232 0.013221153846153846 0.010817307692307692
0 0.8858173076923077 0.2127403846153846 0.007211538461538462 0.007211538461538462
0 0.8930288461538461 0.2091346153846154 0.007211538461538462 0.008413461538461538
0 0.8834134615384616 0.2548076923076923 0.007211538461538462 0.008413461538461538
0 0.8725961538461539 0.2608173076923077 0.007211538461538462 0.008413461538461538
0 0.8762019230769231 0.27163461538461536 0.008413461538461538 0.010817307692307692
0 0.890625 0.2644230769230769 0.007211538461538462 0.010817307692307692
0 0.8858173076923077 0.28125 0.007211538461538462 0.008413461538461538
0 0.8978365384615384 0.27403846153846156 0.007211538461538462 0.010817307692307692
0 0.9086538461538461 0.2824519230769231 0.010817307692307692 0.007211538461538462
0 0.8978365384615384 0.28846153846153844 0.007211538461538462 0.008413461538461538
0 0.9050480769230769 0.29447115384615385 0.008413461538461538 0.008413461538461538
0 0.8834134615384616 0.3088942307692308 0.010817307692307692 0.008413461538461538
0 0.8629807692307693 0.3125 0.008413461538461538 0.008413461538461538
0 0.8485576923076923 0.3245192307692308 0.013221153846153846 0.013221153846153846
0 0.6646634615384616 0.3641826923076923 0.013221153846153846 0.010817307692307692
0 0.6514423076923077 0.36899038461538464 0.010817307692307692 0.008413461538461538
0 0.3545673076923077 0.16346153846153846 0.010817307692307692 0.010817307692307692
0 0.34134615384615385 0.16947115384615385 0.007211538461538462 0.008413461538461538
0 0.3942307692307692 0.33052884615384615 0.008413461538461538 0.008413461538461538
0 0.3798076923076923 0.33653846153846156 0.007211538461538462 0.007211538461538462
0 0.359375 0.34975961538461536 0.007211538461538462 0.010817307692307692
0 0.16706730769230768 0.19230769230769232 0.008413461538461538 0.010817307692307692
0 0.17908653846153846 0.20793269230769232 0.007211538461538462 0.007211538461538462
0 0.18509615384615385 0.21875 0.004807692307692308 0.008413461538461538
0 0.13942307692307693 0.18870192307692307 0.008413461538461538 0.008413461538461538
0 0.11899038461538461 0.20192307692307693 0.013221153846153846 0.010817307692307692
0 0.14543269230769232 0.20432692307692307 0.010817307692307692 0.010817307692307692
0 0.13822115384615385 0.22115384615384615 0.007211538461538462 0.008413461538461538
0 0.15504807692307693 0.22355769230769232 0.008413461538461538 0.008413461538461538
0 0.14543269230769232 0.23317307692307693 0.010817307692307692 0.010817307692307692
0 0.15384615384615385 0.24879807692307693 0.010817307692307692 0.010817307692307692
0 0.14903846153846154 0.26322115384615385 0.008413461538461538 0.013221153846153846
0 0.18028846153846154 0.2668269230769231 0.013221153846153846 0.010817307692307692
0 0.17908653846153846 0.2800480769230769 0.010817307692307692 0.010817307692307692
0 0.24158653846153846 0.2764423076923077 0.004807692307692308 0.007211538461538462
0 0.2920673076923077 0.28725961538461536 0.010817307692307692 0.010817307692307692
0 0.16105769230769232 0.35336538461538464 0.015625 0.013221153846153846
0 0.11057692307692307 0.3329326923076923 0.013221153846153846 0.013221153846153846
0 0.09615384615384616 0.21514423076923078 0.010817307692307692 0.007211538461538462
0 0.11658653846153846 0.25841346153846156 0.010817307692307692 0.010817307692307692
0 0.0733173076923077 0.22956730769230768 0.010817307692307692 0.008413461538461538
0 0.06129807692307692 0.23798076923076922 0.008413461538461538 0.007211538461538462
0 0.04567307692307692 0.24639423076923078 0.007211538461538462 0.007211538461538462
0 0.3641826923076923 0.2776442307692308 0.015625 0.010817307692307692
0 0.21394230769230768 0.3161057692307692 0.013221153846153846 0.010817307692307692
0 0.19951923076923078 0.3173076923076923 0.010817307692307692 0.008413461538461538
0 0.08774038461538461 0.25600961538461536 0.008413461538461538 0.007211538461538462
0 0.010817307692307692 0.2668269230769231 0.013221153846153846 0.010817307692307692
0 0.03365384615384615 0.2764423076923077 0.008413461538461538 0.008413461538461538
0 0.04326923076923077 0.265625 0.004807692307692308 0.004807692307692308
0 0.052884615384615384 0.2800480769230769 0.010817307692307692 0.010817307692307692
0 0.09134615384615384 0.29447115384615385 0.007211538461538462 0.007211538461538462
0 0.16105769230769232 0.3737980769230769 0.007211538461538462 0.008413461538461538
0 0.15985576923076922 0.38341346153846156 0.008413461538461538 0.008413461538461538
0 0.16947115384615385 0.38100961538461536 0.010817307692307692 0.008413461538461538
0 0.13341346153846154 0.41346153846153844 0.015625 0.010817307692307692
0 0.17908653846153846 0.3125 0.007211538461538462 0.004807692307692308
0 0.02403846153846154 0.34615384615384615 0.015625 0.015625
0 0.13581730769230768 0.3701923076923077 0.010817307692307692 0.015625
0 0.13341346153846154 0.45552884615384615 0.015625 0.018028846153846152
0 0.07451923076923077 0.3894230769230769 0.018028846153846152 0.018028846153846152
0 0.028846153846153848 0.3233173076923077 0 0.010817307692307692
0 0.1875 0.453125 0.010817307692307692 0.013221153846153846
0 0.20552884615384615 0.4423076923076923 0.008413461538461538 0.010817307692307692
0 0.21995192307692307 0.43149038461538464 0.007211538461538462 0.007211538461538462
0 0.23677884615384615 0.421875 0.008413461538461538 0.010817307692307692
0 0.10576923076923077 0.4182692307692308 0.013221153846153846 0.010817307692307692
0 0.09254807692307693 0.42908653846153844 0.004807692307692308 0.007211538461538462
0 0.09975961538461539 0.44350961538461536 0.007211538461538462 0.004807692307692308
0 0.078125 0.44471153846153844 0.007211538461538462 0.010817307692307692
0 0.0889423076923077 0.4639423076923077 0.007211538461538462 0.008413461538461538
0 0.125 0.48677884615384615 0.010817307692307692 0.013221153846153846
0 0.14182692307692307 0.4807692307692308 0.008413461538461538 0.010817307692307692
0 0.15625 0.47115384615384615 0.010817307692307692 0.013221153846153846
0 0.17067307692307693 0.45913461538461536 0.008413461538461538 0.008413461538461538
0 0.006009615384615385 0.46274038461538464 0.010817307692307692 0.015625
0 0.013221153846153846 0.47596153846153844 0.013221153846153846 0.010817307692307692
0 0.015625 0.49038461538461536 0.008413461538461538 0.007211538461538462
0 0.109375 0.4987980769230769 0.010817307692307692 0.010817307692307692
0 0.09495192307692307 0.5096153846153846 0.008413461538461538 0.010817307692307692
0 0.078125 0.5168269230769231 0.010817307692307692 0.015625
0 0.0625 0.5264423076923077 0.013221153846153846 0.018028846153846152
0 0.04927884615384615 0.5408653846153846 0.013221153846153846 0.013221153846153846
0 0.030048076923076924 0.546875 0.010817307692307692 0.013221153846153846
0 0.04447115384615385 0.35697115384615385 0.008413461538461538 0.007211538461538462
0 0.046875 0.44471153846153844 0.008413461538461538 0.010817307692307692
0 0.026442307692307692 0.46875 0.007211538461538462 0.013221153846153846
0 0.2692307692307692 0.41586538461538464 0.007211538461538462 0.007211538461538462
0 0.22355769230769232 0.33774038461538464 0.008413461538461538 0.013221153846153846
0 0.08173076923076923 0.3233173076923077 0.007211538461538462 0.007211538461538462
0 0.10336538461538461 0.5769230769230769 0.013221153846153846 0.013221153846153846
0 0.07932692307692307 0.5877403846153846 0.008413461538461538 0.008413461538461538
0 0.17307692307692307 0.5661057692307693 0.013221153846153846 0.010817307692307692
0 0.19471153846153846 0.5504807692307693 0.010817307692307692 0.010817307692307692
0 0.14903846153846154 0.5805288461538461 0.008413461538461538 0.007211538461538462
0 0.12620192307692307 0.5961538461538461 0.008413461538461538 0.007211538461538462
0 0.13221153846153846 0.2776442307692308 0.007211538461538462 0.007211538461538462
0 0.07692307692307693 0.6237980769230769 0.008413461538461538 0.008413461538461538
0 0.054086538461538464 0.6394230769230769 0.008413461538461538 0.008413461538461538
0 0.054086538461538464 0.7415865384615384 0.008413461538461538 0.010817307692307692
0 0.0625 0.7560096153846154 0.008413461538461538 0.010817307692307692
0 0.03245192307692308 0.6165865384615384 0.007211538461538462 0.008413461538461538
0 0.018028846153846152 0.6322115384615384 0.008413461538461538 0.010817307692307692
0 0.6310096153846154 0.3858173076923077 0.008413461538461538 0.007211538461538462
0 0.4338942307692308 0.5012019230769231 0.007211538461538462 0.007211538461538462
0 0.4579326923076923 0.48197115384615385 0.007211538461538462 0.008413461538461538
0 0.4723557692307692 0.4879807692307692 0.007211538461538462 0.007211538461538462
0 0.4735576923076923 0.4807692307692308 0.007211538461538462 0.007211538461538462
0 0.4963942307692308 0.4723557692307692 0.007211538461538462 0.007211538461538462
0 0.4807692307692308 0.4723557692307692 0.007211538461538462 0.007211538461538462
0 0.390625 0.5348557692307693 0.007211538461538462 0.007211538461538462
0 0.33653846153846156 0.5673076923076923 0.007211538461538462 0.008413461538461538
0 0.3317307692307692 0.5588942307692307 0.007211538461538462 0.008413461538461538
0 0.32211538461538464 0.5745192307692307 0.004807692307692308 0.008413461538461538
0 0.3125 0.5829326923076923 0.007211538461538462 0.008413461538461538
0 0.5697115384615384 0.4170673076923077 0.008413461538461538 0.008413461538461538
0 0.5540865384615384 0.4326923076923077 0.008413461538461538 0.008413461538461538
0 0.6177884615384616 0.3954326923076923 0.007211538461538462 0.007211538461538462
0 0.2548076923076923 0.6802884615384616 0.008413461538461538 0.008413461538461538
0 0.2403846153846154 0.6875 0.010817307692307692 0.008413461538461538
0 0.055288461538461536 0.7932692307692307 0.007211538461538462 0.008413461538461538
0 0.006009615384615385 0.6971153846153846 0.010817307692307692 0.010817307692307692
0 0.10697115384615384 0.7055288461538461 0.010817307692307692 0.013221153846153846
0 0.09254807692307693 0.7127403846153846 0.004807692307692308 0.007211538461538462
0 0.17067307692307693 0.6622596153846154 0.008413461538461538 0.008413461538461538
0 0.0889423076923077 0.7836538461538461 0.010817307692307692 0.013221153846153846
0 0.040865384615384616 0.7728365384615384 0.008413461538461538 0.008413461538461538
0 0.030048076923076924 0.7860576923076923 0.007211538461538462 0.008413461538461538
0 0.037259615384615384 0.796875 0.007211538461538462 0.008413461538461538
0 0.027644230769230768 0.8004807692307693 0.007211538461538462 0.010817307692307692
0 0.020432692307692308 0.7944711538461539 0.008413461538461538 0.007211538461538462
0 0.01201923076923077 0.8329326923076923 0.007211538461538462 0.008413461538461538
0 0.020432692307692308 0.8209134615384616 0.008413461538461538 0.007211538461538462
0 0.025240384615384616 0.8317307692307693 0.008413461538461538 0.007211538461538462
0 0.007211538461538462 0.8497596153846154 0.008413461538461538 0.010817307692307692
0 0.11658653846153846 0.7692307692307693 0.007211538461538462 0.010817307692307692
0 0.11658653846153846 0.7824519230769231 0.007211538461538462 0.007211538461538462
0 0.125 0.796875 0.007211538461538462 0.008413461538461538
0 0.03365384615384615 0.8569711538461539 0.008413461538461538 0.010817307692307692
0 0.01201923076923077 0.8713942307692307 0.010817307692307692 0.008413461538461538
0 0.09014423076923077 0.8605769230769231 0.008413461538461538 0.008413461538461538
0 0.06370192307692307 0.8810096153846154 0.010817307692307692 0.008413461538461538
0 0.0733173076923077 0.890625 0.007211538461538462 0.010817307692307692
0 0.07692307692307693 0.875 0.008413461538461538 0.010817307692307692
0 0.008413461538461538 0.890625 0.010817307692307692 0.010817307692307692
0 0.06610576923076923 0.8076923076923077 0.010817307692307692 0.010817307692307692
0 0.13942307692307693 0.7127403846153846 0.013221153846153846 0.010817307692307692
0 0.17668269230769232 0.7764423076923077 0.007211538461538462 0.007211538461538462
0 0.14903846153846154 0.7836538461538461 0.008413461538461538 0.008413461538461538
0 0.11658653846153846 0.8425480769230769 0.008413461538461538 0.008413461538461538
0 0.10817307692307693 0.859375 0.008413461538461538 0.007211538461538462
0 0.09254807692307693 0.8233173076923077 0.008413461538461538 0.010817307692307692
0 0.0889423076923077 0.8341346153846154 0.007211538461538462 0.007211538461538462
0 0.025240384615384616 0.8942307692307693 0.008413461538461538 0.008413461538461538
0 0.030048076923076924 0.9026442307692307 0.007211538461538462 0.004807692307692308
0 0.040865384615384616 0.9074519230769231 0.008413461538461538 0.008413461538461538
0 0.046875 0.9182692307692307 0.008413461538461538 0.007211538461538462
0 0.09014423076923077 0.9194711538461539 0.008413461538461538 0.007211538461538462
0 0.06610576923076923 0.9122596153846154 0.007211538461538462 0.008413461538461538
0 0.052884615384615384 0.8930288461538461 0.007211538461538462 0.007211538461538462
0 0.15144230769230768 0.9050480769230769 0.007211538461538462 0.008413461538461538
0 0.15865384615384615 0.8894230769230769 0.010817307692307692 0.008413461538461538
0 0.16466346153846154 0.8774038461538461 0.008413461538461538 0.007211538461538462
0 0.16826923076923078 0.8665865384615384 0.007211538461538462 0.004807692307692308
0 0.16947115384615385 0.8557692307692307 0.007211538461538462 0.008413461538461538
0 0.17427884615384615 0.8389423076923077 0.007211538461538462 0.007211538461538462
0 0.18028846153846154 0.828125 0.008413461538461538 0.010817307692307692
0 0.18870192307692307 0.8100961538461539 0.008413461538461538 0.007211538461538462
0 0.18389423076923078 0.7860576923076923 0.010817307692307692 0.008413461538461538
0 0.11298076923076923 0.9447115384615384 0.008413461538461538 0.010817307692307692
0 0.1310096153846154 0.9278846153846154 0.004807692307692308 0.008413461538461538
0 0.13341346153846154 0.90625 0.007211538461538462 0.007211538461538462
0 0.13822115384615385 0.8858173076923077 0.007211538461538462 0.007211538461538462
0 0.12139423076923077 0.8930288461538461 0.008413461538461538 0.007211538461538462
0 0.1141826923076923 0.90625 0.007211538461538462 0.007211538461538462
0 0.08052884615384616 0.9314903846153846 0.008413461538461538 0.010817307692307692
0 0.046875 0.8377403846153846 0.008413461538461538 0.008413461538461538
0 0.23197115384615385 0.7608173076923077 0.008413461538461538 0.008413461538461538
0 0.24759615384615385 0.7403846153846154 0.008413461538461538 0.010817307692307692
0 0.25961538461538464 0.7283653846153846 0.007211538461538462 0.007211538461538462
0 0.2704326923076923 0.7223557692307693 0.008413461538461538 0.007211538461538462
0 0.2932692307692308 0.7091346153846154 0.008413461538461538 0.008413461538461538
0 0.29447115384615385 0.6610576923076923 0.007211538461538462 0.007211538461538462
0 0.23677884615384615 0.6237980769230769 0.008413461538461538 0.008413461538461538
0 0.203125 0.6430288461538461 0.008413461538461538 0.007211538461538462
0 0.0829326923076923 0.6502403846153846 0.008413461538461538 0.007211538461538462
0 0.055288461538461536 0.6658653846153846 0.007211538461538462 0.007211538461538462
0 0.03245192307692308 0.6814903846153846 0.007211538461538462 0.007211538461538462
0 0.12860576923076922 0.6213942307692307 0.008413461538461538 0.008413461538461538
0 0.11177884615384616 0.6021634615384616 0.007211538461538462 0.007211538461538462
0 0.030048076923076924 0.6526442307692307 0.010817307692307692 0.008413461538461538
0 0.22235576923076922 0.7079326923076923 0.007211538461538462 0.007211538461538462
0 0.22355769230769232 0.7800480769230769 0.008413461538461538 0.010817307692307692
0 0.19951923076923078 0.7860576923076923 0.007211538461538462 0.004807692307692308
0 0.20793269230769232 0.8125 0.007211538461538462 0.007211538461538462
0 0.20072115384615385 0.8245192307692307 0.008413461538461538 0.008413461538461538
0 0.19230769230769232 0.8509615384615384 0.010817307692307692 0.008413461538461538
0 0.1875 0.8665865384615384 0.008413461538461538 0.007211538461538462
0 0.17427884615384615 0.9014423076923077 0.007211538461538462 0.007211538461538462
0 0.16466346153846154 0.9182692307692307 0.008413461538461538 0.007211538461538462
0 0.14543269230769232 0.9242788461538461 0.007211538461538462 0.007211538461538462
0 0.08533653846153846 0.8882211538461539 0.008413461538461538 0.007211538461538462
0 0.056490384615384616 0.8605769230769231 0.008413461538461538 0.008413461538461538
0 0.016826923076923076 0.7644230769230769 0.007211538461538462 0.007211538461538462
0 0.01201923076923077 0.7776442307692307 0.007211538461538462 0.007211538461538462
0 0.0673076923076923 0.9399038461538461 0.008413461538461538 0.010817307692307692
0 0.078125 0.9507211538461539 0.007211538461538462 0.008413461538461538
0 0.09975961538461539 0.9675480769230769 0.007211538461538462 0.007211538461538462
0 0.1045673076923077 0.9771634615384616 0.010817307692307692 0.008413461538461538
0 0.07091346153846154 0.7223557692307693 0.007211538461538462 0.007211538461538462
0 0.14182692307692307 0.6838942307692307 0.004807692307692308 0.007211538461538462
0 0.23076923076923078 0.6514423076923077 0.007211538461538462 0.007211538461538462
0 0.13341346153846154 0.7632211538461539 0.010817307692307692 0.008413461538461538
0 0.14302884615384615 0.8665865384615384 0.007211538461538462 0.007211538461538462
0 0.13942307692307693 0.9411057692307693 0.004807692307692308 0.008413461538461538
0 0.1346153846153846 0.9615384615384616 0.004807692307692308 0.004807692307692308
0 0.12860576923076922 0.9747596153846154 0.004807692307692308 0.008413461538461538
0 0.1201923076923077 0.9915865384615384 0.007211538461538462 0.007211538461538462
0 0.13942307692307693 0.9939903846153846 0.008413461538461538 0.007211538461538462
0 0.14182692307692307 0.984375 0.004807692307692308 0.008413461538461538
0 0.1502403846153846 0.9723557692307693 0.007211538461538462 0.010817307692307692
0 0.15144230769230768 0.9567307692307693 0.007211538461538462 0.008413461538461538
0 0.10336538461538461 0.9242788461538461 0.008413461538461538 0.007211538461538462
0 0.10817307692307693 0.8737980769230769 0.008413461538461538 0.008413461538461538
0 0.2644230769230769 0.8004807692307693 0.007211538461538462 0.007211538461538462
0 0.25721153846153844 0.8293269230769231 0.008413461538461538 0.008413461538461538
0 0.24519230769230768 0.8557692307692307 0.008413461538461538 0.008413461538461538
0 0.23918269230769232 0.8810096153846154 0.008413461538461538 0.008413461538461538
0 0.2283653846153846 0.90625 0.007211538461538462 0.007211538461538462
0 0.30649038461538464 0.7608173076923077 0.008413461538461538 0.008413461538461538
0 0.30408653846153844 0.7728365384615384 0.008413461538461538 0.008413461538461538
0 0.29086538461538464 0.8004807692307693 0.008413461538461538 0.010817307692307692
0 0.2848557692307692 0.8197115384615384 0.010817307692307692 0.008413461538461538
0 0.27163461538461536 0.8365384615384616 0.007211538461538462 0.007211538461538462
0 0.25 0.9278846153846154 0.008413461538461538 0.008413461538461538
0 0.24278846153846154 0.9435096153846154 0.013221153846153846 0.013221153846153846
0 0.36899038461538464 0.7776442307692307 0.008413461538461538 0.010817307692307692
0 0.20552884615384615 0.9771634615384616 0.007211538461538462 0.008413461538461538
0 0.45913461538461536 0.9074519230769231 0.008413461538461538 0.008413461538461538
0 0.6057692307692307 0.8088942307692307 0.008413461538461538 0.008413461538461538
0 0.5901442307692307 0.9026442307692307 0.008413461538461538 0.008413461538461538
0 0.5709134615384616 0.9134615384615384 0.007211538461538462 0.010817307692307692
0 0.9182692307692307 0.20432692307692307 0.010817307692307692 0.015625
0 0.6286057692307693 0.7103365384615384 0.018028846153846152 0.015625
0 0.7487980769230769 0.7668269230769231 0.010817307692307692 0.010817307692307692
0 0.8040865384615384 0.6850961538461539 0.013221153846153846 0.008413461538461538
0 0.8040865384615384 0.7163461538461539 0.008413461538461538 0.008413461538461538
0 0.7884615384615384 0.7379807692307693 0.008413461538461538 0.007211538461538462
0 0.7668269230769231 0.7788461538461539 0.010817307692307692 0.008413461538461538
0 0.7560096153846154 0.7920673076923077 0.010817307692307692 0.010817307692307692
0 0.8125 0.6322115384615384 0.007211538461538462 0.007211538461538462
0 0.8569711538461539 0.6826923076923077 0.025240384615384616 0.026442307692307692
0 0.8473557692307693 0.7115384615384616 0.013221153846153846 0.013221153846153846
0 0.8305288461538461 0.7331730769230769 0.015625 0.015625
0 0.6995192307692307 0.8137019230769231 0.010817307692307692 0.010817307692307692
0 0.7091346153846154 0.8052884615384616 0.004807692307692308 0.007211538461538462
0 0.7223557692307693 0.8064903846153846 0.007211538461538462 0.004807692307692308
0 0.7259615384615384 0.8221153846153846 0.007211538461538462 0.004807692307692308
0 0.7379807692307693 0.8052884615384616 0.007211538461538462 0.007211538461538462
0 0.7415865384615384 0.8233173076923077 0.007211538461538462 0.007211538461538462
0 0.7584134615384616 0.8173076923076923 0.007211538461538462 0.008413461538461538
0 0.7764423076923077 0.8100961538461539 0.008413461538461538 0.007211538461538462
0 0.8112980769230769 0.7524038461538461 0.008413461538461538 0.008413461538461538
0 0.7896634615384616 0.7680288461538461 0.007211538461538462 0.004807692307692308
0 0.8016826923076923 0.7776442307692307 0.008413461538461538 0.007211538461538462
0 0.7920673076923077 0.7944711538461539 0.010817307692307692 0.007211538461538462
0 0.6201923076923077 0.8028846153846154 0.010817307692307692 0.010817307692307692
0 0.6995192307692307 0.9038461538461539 0.010817307692307692 0.015625
0 0.7271634615384616 0.9134615384615384 0.008413461538461538 0.010817307692307692
0 0.7403846153846154 0.9206730769230769 0.007211538461538462 0.008413461538461538
0 0.7536057692307693 0.9206730769230769 0.007211538461538462 0.008413461538461538
0 0.7764423076923077 0.9423076923076923 0.010817307692307692 0.010817307692307692
0 0.7596153846153846 0.8966346153846154 0.010817307692307692 0.008413461538461538
0 0.6935096153846154 0.9375 0.008413461538461538 0.010817307692307692
0 0.8497596153846154 0.9663461538461539 0.010817307692307692 0.008413461538461538
0 0.8509615384615384 0.9495192307692307 0.008413461538461538 0.010817307692307692
0 0.9182692307692307 0.8185096153846154 0.007211538461538462 0.010817307692307692
0 0.9266826923076923 0.8052884615384616 0.007211538461538462 0.007211538461538462
0 0.9639423076923077 0.20432692307692307 0.008413461538461538 0.007211538461538462
0 0.9831730769230769 0.18870192307692307 0.007211538461538462 0.008413461538461538
0 0.9122596153846154 0.3293269230769231 0.008413461538461538 0.008413461538461538
0 0.9086538461538461 0.34375 0.007211538461538462 0.007211538461538462
0 0.8990384615384616 0.3329326923076923 0.004807692307692308 0.004807692307692308
0 0.8990384615384616 0.35096153846153844 0.004807692307692308 0.004807692307692308
0 0.9483173076923077 0.7596153846153846 0.008413461538461538 0.007211538461538462
0 0.9519230769230769 0.9110576923076923 0.010817307692307692 0.010817307692307692
0 0.9555288461538461 0.9771634615384616 0.010817307692307692 0.013221153846153846