0 0.9290865384615384 0.796875 0.015625 0.018028846153846152
0 0.6706730769230769 0.5120192307692307 0.018028846153846152 0.020432692307692308
0 0.953125 0.8689903846153846 0.013221153846153846 0.013221153846153846
0 0.9855769230769231 0.8689903846153846 0.015625 0.018028846153846152
0 0.8485576923076923 0.16947115384615385 0.015625 0.018028846153846152
0 0.8173076923076923 0.17427884615384615 0.008413461538461538 0.010817307692307692
0 0.8064903846153846 0.2247596153846154 0.013221153846153846 0.02283653846153846
0 0.9471153846153846 0.8317307692307693 0.015625 0.015625
0 0.6358173076923077 0.6971153846153846 0.028846153846153848 0.03365384615384615
0 0.21634615384615385 0.7692307692307693 0.03125 0.038461538461538464
0 0.12980769230769232 0.4987980769230769 0.015625 0.015625
0 0.9375 0.984375 0.020432692307692308 0.02283653846153846
0 0.8954326923076923 0.9771634615384616 0.015625 0.018028846153846152
0 0.9074519230769231 0.9495192307692307 0.02283653846153846 0.025240384615384616
0 0.9723557692307693 0.16466346153846154 0.025240384615384616 0.02283653846153846
0 0.9603365384615384 0.19951923076923078 0.015625 0.015625