0 0.8810096153846154 0.5961538461538461 0.008413461538461538 0.010817307692307692
0 0.8822115384615384 0.6225961538461539 0.010817307692307692 0.010817307692307692
0 0.8810096153846154 0.6514423076923077 0.008413461538461538 0.010817307692307692
0 0.8858173076923077 0.6394230769230769 0.007211538461538462 0.008413461538461538
0 0.8822115384615384 0.6766826923076923 0.007211538461538462 0.007211538461538462
0 0.8822115384615384 0.5649038461538461 0.010817307692307692 0.013221153846153846
0 0.8870192307692307 0.004807692307692308 0.009615384615384616 0.009615384615384616
0 0.9699519230769231 0.030048076923076924 0.007211538461538462 0.010817307692307692
0 0.9867788461538461 0.05048076923076923 0.013221153846153846 0.015625
0 0.9855769230769231 0.06850961538461539 0.010817307692307692 0.010817307692307692
0 0.8894230769230769 0.06129807692307692 0.013221153846153846 0.013221153846153846
0 0.8834134615384616 0.16947115384615385 0.010817307692307692 0.010817307692307692
0 0.8882211538461539 0.2283653846153846 0.015625 0.010817307692307692
0 0.8858173076923077 0.2824519230769231 0.015625 0.015625
0 0.9723557692307693 0.34615384615384615 0.015625 0.010817307692307692
0 0.96875 0.42788461538461536 0.008413461538461538 0.008413461538461538
0 0.9651442307692307 0.4567307692307692 0.010817307692307692 0.018028846153846152
0 0.9723557692307693 0.48677884615384615 0.015625 0.013221153846153846
0 0.9747596153846154 0.5168269230769231 0.02283653846153846 0.025240384615384616
0 0.9759615384615384 0.5456730769230769 0.015625 0.020432692307692308
0 0.9747596153846154 0.5745192307692307 0.02283653846153846 0.018028846153846152
0 0.9747596153846154 0.6045673076923077 0.018028846153846152 0.020432692307692308
0 0.9735576923076923 0.6225961538461539 0.020432692307692308 0.020432692307692308
0 0.9807692307692307 0.9759615384615384 0.020432692307692308 0.010817307692307692
0 0.17668269230769232 0.9879807692307693 0.015625 0.020432692307692308
0 0.9783653846153846 0.32091346153846156 0.020432692307692308 0.020432692307692308
0 0.9807692307692307 0.28725961538461536 0.015625 0.015625
0 0.9819711538461539 0.26322115384615385 0.018028846153846152 0.018028846153846152
0 0.9819711538461539 0.24519230769230768 0.008413461538461538 0.013221153846153846
0 0.9807692307692307 0.14783653846153846 0.010817307692307692 0.015625
0 0.9783653846153846 0.09254807692307693 0.010817307692307692 0.013221153846153846
0 0.8918269230769231 0.14903846153846154 0.013221153846153846 0.018028846153846152
0 0.890625 0.11658653846153846 0.010817307692307692 0.018028846153846152
0 0.9362980769230769 0.25961538461538464 0.010817307692307692 0.010817307692307692
0 0.9819711538461539 0.3798076923076923 0.013221153846153846 0.010817307692307692
0 0.9771634615384616 0.4050480769230769 0.018028846153846152 0.018028846153846152
0 0.9759615384615384 0.1778846153846154 0.007211538461538462 0.008413461538461538
0 0.9795673076923077 0.20432692307692307 0.008413461538461538 0.007211538461538462
0 0.9771634615384616 0.21754807692307693 0.004807692307692308 0.007211538461538462
0 0.8882211538461539 0.20432692307692307 0.010817307692307692 0.010817307692307692
0 0.96875 0.8762019230769231 0.03125 0.018028846153846152
0 0.9711538461538461 0.8329326923076923 0.018028846153846152 0.02283653846153846
0 0.9302884615384616 0.8125 0.018028846153846152 0.010817307692307692
0 0.9302884615384616 0.8569711538461539 0.013221153846153846 0.010817307692307692
0 0.9290865384615384 0.8834134615384616 0.007211538461538462 0.015625
0 0.9711538461538461 0.7415865384615384 0.013221153846153846 0.015625
0 0.8834134615384616 0.734375 0.013221153846153846 0.018028846153846152
0 0.8846153846153846 0.7055288461538461 0.013221153846153846 0.020432692307692308
0 0.8858173076923077 0.7608173076923077 0.020432692307692308 0.018028846153846152