0 0.29086538461538464 0.9879807692307693 0.013221153846153846 0.015625
0 0.29086538461538464 0.96875 0.013221153846153846 0.013221153846153846
0 0.28846153846153844 0.953125 0.013221153846153846 0.018028846153846152
0 0.2956730769230769 0.8846153846153846 0.015625 0.008413461538461538
0 0.29447115384615385 0.8966346153846154 0.015625 0.008413461538461538
0 0.2956730769230769 0.9086538461538461 0.015625 0.010817307692307692
0 0.28966346153846156 0.9254807692307693 0.010817307692307692 0.018028846153846152
0 0.1346153846153846 0.9879807692307693 0.008413461538461538 0.010817307692307692
0 0.12620192307692307 0.9194711538461539 0.008413461538461538 0.015625
0 0.13341346153846154 0.9362980769230769 0.015625 0.010817307692307692
0 0.18870192307692307 0.953125 0.008413461538461538 0.013221153846153846
0 0.18389423076923078 0.9194711538461539 0.007211538461538462 0.013221153846153846
0 0.23557692307692307 0.9663461538461539 0.010817307692307692 0.013221153846153846
0 0.23557692307692307 0.9435096153846154 0.010817307692307692 0.013221153846153846
0 0.23557692307692307 0.921875 0.010817307692307692 0.010817307692307692
0 0.17307692307692307 0.9915865384615384 0.013221153846153846 0.010817307692307692
0 0.21634615384615385 0.8786057692307693 0.008413461538461538 0.013221153846153846
0 0.15144230769230768 0.9459134615384616 0.010817307692307692 0.013221153846153846
0 0.10336538461538461 0.8990384615384616 0.02283653846153846 0.013221153846153846
0 0.10336538461538461 0.9182692307692307 0.018028846153846152 0.015625
0 0.10576923076923077 0.9471153846153846 0.018028846153846152 0.020432692307692308
0 0.10336538461538461 0.9663461538461539 0.018028846153846152 0.018028846153846152
0 0.21875 0.8966346153846154 0.013221153846153846 0.008413461538461538
0 0.21754807692307693 0.9122596153846154 0.010817307692307692 0.013221153846153846
0 0.008413461538461538 0.8305288461538461 0.010817307692307692 0.015625
0 0.026442307692307692 0.8293269230769231 0.008413461538461538 0.013221153846153846
0 0.04807692307692308 0.8329326923076923 0.015625 0.008413461538461538
0 0.06490384615384616 0.8269230769230769 0.013221153846153846 0.013221153846153846
0 0.10336538461538461 0.8269230769230769 0.008413461538461538 0.008413461538461538
0 0.1875 0.8269230769230769 0.010817307692307692 0.013221153846153846
0 0.1935096153846154 0.7247596153846154 0.018028846153846152 0.02283653846153846
0 0.06610576923076923 0.6790865384615384 0.015625 0.010817307692307692
0 0.05048076923076923 0.6923076923076923 0.010817307692307692 0.010817307692307692
0 0.18870192307692307 0.8774038461538461 0.013221153846153846 0.015625
0 0.1935096153846154 0.8930288461538461 0.013221153846153846 0.010817307692307692
0 0.09254807692307693 0.453125 0.02283653846153846 0.02283653846153846
0 0.20793269230769232 0.20552884615384615 0.020432692307692308 0.02283653846153846
0 0.22235576923076922 0.17427884615384615 0.020432692307692308 0.025240384615384616
0 0.18990384615384615 0.23197115384615385 0.015625 0.02283653846153846
0 0.41947115384615385 0.1875 0.020432692307692308 0.02283653846153846
0 0.390625 0.26322115384615385 0.015625 0.02283653846153846
0 0.36899038461538464 0.2704326923076923 0.013221153846153846 0.02283653846153846
0 0.31490384615384615 0.2548076923076923 0.02283653846153846 0.02283653846153846
0 0.44350961538461536 0.25961538461538464 0.013221153846153846 0.015625
0 0.43990384615384615 0.2932692307692308 0.020432692307692308 0.02283653846153846
0 0.5168269230769231 0.2776442307692308 0.020432692307692308 0.020432692307692308
0 0.48197115384615385 0.3485576923076923 0.018028846153846152 0.018028846153846152
0 0.453125 0.35216346153846156 0.018028846153846152 0.025240384615384616
0 0.5228365384615384 0.38341346153846156 0.018028846153846152 0.018028846153846152
0 0.5180288461538461 0.35216346153846156 0.013221153846153846 0.020432692307692308
0 0.6346153846153846 0.11298076923076923 0.018028846153846152 0.02283653846153846
0 0.6778846153846154 0.08052884615384616 0.02283653846153846 0.018028846153846152
0 0.8810096153846154 0.04326923076923077 0.018028846153846152 0.018028846153846152
0 0.8076923076923077 0.06490384615384616 0.015625 0.018028846153846152
0 0.3641826923076923 0.6634615384615384 0.010817307692307692 0.010817307692307692
0 0.3329326923076923 0.6622596153846154 0.013221153846153846 0.008413461538461538