0 0.3161057692307692 0.6622596153846154 0.015625 0.013221153846153846
0 0.25600961538461536 0.6646634615384616 0.010817307692307692 0.013221153846153846
0 0.18028846153846154 0.6694711538461539 0.013221153846153846 0.020432692307692308
0 0.21033653846153846 0.6658653846153846 0.010817307692307692 0.010817307692307692
0 0.5264423076923077 0.09134615384615384 0.015625 0.025240384615384616
0 0.0889423076923077 0.08413461538461539 0.020432692307692308 0.010817307692307692
0 0.08413461538461539 0.13341346153846154 0.015625 0.018028846153846152
0 0.08533653846153846 0.15865384615384615 0.013221153846153846 0.015625
0 0.08052884615384616 0.18629807692307693 0.007211538461538462 0.015625
0 0.078125 0.21394230769230768 0.015625 0.02283653846153846
0 0.08173076923076923 0.24158653846153846 0.015625 0.015625
0 0.07572115384615384 0.27283653846153844 0.025240384615384616 0.018028846153846152
0 0.03125 0.2932692307692308 0.018028846153846152 0.018028846153846152
0 0.037259615384615384 0.5024038461538461 0.010817307692307692 0.008413461538461538
0 0.07572115384615384 0.10697115384615384 0.015625 0.010817307692307692
0 0.036057692307692304 0.13822115384615385 0.008413461538461538 0.007211538461538462
0 0.036057692307692304 0.19591346153846154 0.008413461538461538 0.013221153846153846
0 0.03365384615384615 0.1778846153846154 0.008413461538461538 0.008413461538461538
0 0.03245192307692308 0.4567307692307692 0.015625 0.008413461538461538
0 0.028846153846153848 0.4110576923076923 0.018028846153846152 0.015625
0 0.030048076923076924 0.35096153846153844 0.010817307692307692 0.013221153846153846