0 0.6069711538461539 0.96875 0.020432692307692308 0.026442307692307692
0 0.5817307692307693 0.9747596153846154 0.010817307692307692 0.02283653846153846
0 0.9290865384615384 0.11298076923076923 0.015625 0.018028846153846152
0 0.6706730769230769 0.39783653846153844 0.018028846153846152 0.020432692307692308
0 0.953125 0.040865384615384616 0.013221153846153846 0.013221153846153846
0 0.9855769230769231 0.040865384615384616 0.015625 0.018028846153846152
0 0.8665865384615384 0.9699519230769231 0.010817307692307692 0.015625
0 0.8485576923076923 0.7415865384615384 0.015625 0.018028846153846152
0 0.8173076923076923 0.7355769230769231 0.008413461538461538 0.010817307692307692
0 0.8064903846153846 0.6850961538461539 0.013221153846153846 0.02283653846153846
0 0.9471153846153846 0.078125 0.015625 0.015625
0 0.6706730769230769 0.9867788461538461 0.013221153846153846 0.018028846153846152
0 0.7127403846153846 0.9627403846153846 0.015625 0.025240384615384616
0 0.6358173076923077 0.2127403846153846 0.028846153846153848 0.03365384615384615
0 0.21634615384615385 0.140625 0.03125 0.038461538461538464
0 0.12980769230769232 0.4110576923076923 0.015625 0.015625
0 0.9723557692307693 0.7451923076923077 0.025240384615384616 0.02283653846153846
0 0.9603365384615384 0.7103365384615384 0.015625 0.015625
0 0.5985576923076923 0.9014423076923077 0.020432692307692308 0.026442307692307692