0 0.5228365384615384 0.7644230769230769 0.008413461538461538 0.007211538461538462
0 0.5132211538461539 0.8064903846153846 0.008413461538461538 0.008413461538461538
0 0.8004807692307693 0.20432692307692307 0.015625 0.015625
0 0.9915865384615384 0.5084134615384616 0.013221153846153846 0.018028846153846152
0 0.9759615384615384 0.5276442307692307 0.020432692307692308 0.020432692307692308
0 0.9471153846153846 0.5576923076923077 0.015625 0.015625
0 0.37259615384615385 0.9014423076923077 0.015625 0.020432692307692308
0 0.9879807692307693 0.6598557692307693 0.010817307692307692 0.008413461538461538
0 0.9759615384615384 0.6706730769230769 0.007211538461538462 0.008413461538461538
0 0.9735576923076923 0.6009615384615384 0.010817307692307692 0.008413461538461538
0 0.9615384615384616 0.7235576923076923 0.018028846153846152 0.010817307692307692
0 0.9387019230769231 0.7415865384615384 0.008413461538461538 0.007211538461538462
0 0.8942307692307693 0.7944711538461539 0.008413461538461538 0.010817307692307692
0 0.8834134615384616 0.8064903846153846 0.008413461538461538 0.008413461538461538
0 0.9831730769230769 0.7007211538461539 0.007211538461538462 0.008413461538461538
0 0.9723557692307693 0.7103365384615384 0.007211538461538462 0.007211538461538462
0 0.8798076923076923 0.7776442307692307 0.010817307692307692 0.007211538461538462
0 0.7175480769230769 0.3545673076923077 0.010817307692307692 0.010817307692307692
0 0.7740384615384616 0.3701923076923077 0.015625 0.010817307692307692
0 0.8413461538461539 0.25841346153846156 0.010817307692307692 0.008413461538461538
0 0.9014423076923077 0.25240384615384615 0.010817307692307692 0.008413461538461538
0 0.8557692307692307 0.30649038461538464 0.013221153846153846 0.013221153846153846
0 0.8834134615384616 0.33052884615384615 0.013221153846153846 0.010817307692307692
0 0.8774038461538461 0.3449519230769231 0.010817307692307692 0.008413461538461538
0 0.6911057692307693 0.31971153846153844 0.013221153846153846 0.008413461538461538
0 0.7644230769230769 0.3004807692307692 0.010817307692307692 0.010817307692307692
0 0.8028846153846154 0.265625 0.010817307692307692 0.004807692307692308
0 0.8377403846153846 0.019230769230769232 0.008413461538461538 0.010817307692307692
0 0.8605769230769231 0.03365384615384615 0.008413461538461538 0.008413461538461538
0 0.8473557692307693 0.04447115384615385 0.013221153846153846 0.008413461538461538
0 0.7596153846153846 0.39302884615384615 0.010817307692307692 0.010817307692307692
0 0.7439903846153846 0.3449519230769231 0.010817307692307692 0.008413461538461538
0 0.8257211538461539 0.35336538461538464 0.010817307692307692 0.013221153846153846
0 0.7680288461538461 0.6694711538461539 0.013221153846153846 0.010817307692307692
0 0.7572115384615384 0.6322115384615384 0.004807692307692308 0.007211538461538462
0 0.8545673076923077 0.5588942307692307 0.010817307692307692 0.008413461538461538
0 0.8774038461538461 0.4387019230769231 0.010817307692307692 0.008413461538461538
0 0.8846153846153846 0.39663461538461536 0.008413461538461538 0.008413461538461538
0 0.890625 0.5144230769230769 0.010817307692307692 0.007211538461538462
0 0.8221153846153846 0.6057692307692307 0.013221153846153846 0.008413461538461538
0 0.578125 0.8533653846153846 0.010817307692307692 0.008413461538461538
0 0.4951923076923077 0.9326923076923077 0.013221153846153846 0.013221153846153846
0 0.5264423076923077 0.9182692307692307 0.010817307692307692 0.010817307692307692
0 0.5096153846153846 0.9711538461538461 0.010817307692307692 0.008413461538461538
0 0.5252403846153846 0.9447115384615384 0.008413461538461538 0.010817307692307692
0 0.5204326923076923 0.9915865384615384 0.008413461538461538 0.008413461538461538
0 0.4014423076923077 0.890625 0.013221153846153846 0.010817307692307692
0 0.40024038461538464 0.9302884615384616 0.007211538461538462 0.008413461538461538
0 0.3629807692307692 0.7572115384615384 0.008413461538461538 0.018028846153846152
0 0.3701923076923077 0.7788461538461539 0.007211538461538462 0.008413461538461538
0 0.5300480769230769 0.6790865384615384 0.010817307692307692 0.010817307692307692
0 0.5492788461538461 0.6935096153846154 0.013221153846153846 0.008413461538461538
0 0.5084134615384616 0.7055288461538461 0.008413461538461538 0.008413461538461538
0 0.5504807692307693 0.5697115384615384 0.007211538461538462 0.013221153846153846
0 0.703125 0.3737980769230769 0.008413461538461538 0.008413461538461538
0 0.7283653846153846 0.3858173076923077 0.010817307692307692 0.010817307692307692
0 0.7884615384615384 0.23076923076923078 0.008413461538461538 0.010817307692307692
0 0.8257211538461539 0.2824519230769231 0.010817307692307692 0.015625
0 0.5853365384615384 0.38100961538461536 0.008413461538461538 0.018028846153846152
0 0.6490384615384616 0.36538461538461536 0.008413461538461538 0.008413461538461538
0 0.6694711538461539 0.42427884615384615 0.010817307692307692 0.010817307692307692
0 0.5 0.7776442307692307 0.013221153846153846 0.010817307692307692
0 0.18269230769230768 0.9879807692307693 0.013221153846153846 0.015625
0 0.33533653846153844 0.8858173076923077 0.013221153846153846 0.010817307692307692
0 0.6610576923076923 0.6887019230769231 0.010817307692307692 0.008413461538461538
0 0.5012019230769231 0.8413461538461539 0.020432692307692308 0.015625
0 0.1310096153846154 0.9915865384615384 0.013221153846153846 0.013221153846153846
0 0.9038461538461539 0.7427884615384616 0.020432692307692308 0.02283653846153846
0 0.9194711538461539 0.7139423076923077 0.020432692307692308 0.02283653846153846
0 0.9350961538461539 0.7043269230769231 0.02283653846153846 0.020432692307692308
0 0.9507211538461539 0.6850961538461539 0.013221153846153846 0.018028846153846152
0 0.36658653846153844 0.8052884615384616 0.03125 0.020432692307692308