0 0.9747596153846154 0.7944711538461539 0.008413461538461538 0.010817307692307692
0 0.9507211538461539 0.7764423076923077 0.008413461538461538 0.010817307692307692
0 0.7548076923076923 0.7740384615384616 0.008413461538461538 0.010817307692307692
0 0.9098557692307693 0.5949519230769231 0.008413461538461538 0.008413461538461538
0 0.8221153846153846 0.8016826923076923 0.008413461538461538 0.008413461538461538
0 0.8245192307692307 0.8173076923076923 0.008413461538461538 0.008413461538461538
0 0.8257211538461539 0.8305288461538461 0.007211538461538462 0.007211538461538462
0 0.8329326923076923 0.8377403846153846 0.008413461538461538 0.008413461538461538
0 0.8076923076923077 0.8954326923076923 0.010817307692307692 0.015625
0 0.7992788461538461 0.8689903846153846 0.008413461538461538 0.008413461538461538
0 0.8293269230769231 0.8605769230769231 0.008413461538461538 0.013221153846153846
0 0.7572115384615384 0.7151442307692307 0.008413461538461538 0.010817307692307692
0 0.7704326923076923 0.765625 0.008413461538461538 0.008413461538461538
0 0.7668269230769231 0.7463942307692307 0.010817307692307692 0.010817307692307692
0 0.7776442307692307 0.7932692307692307 0.007211538461538462 0.008413461538461538
0 0.5841346153846154 0.7980769230769231 0.010817307692307692 0.010817307692307692
0 0.6165865384615384 0.8149038461538461 0.013221153846153846 0.013221153846153846
0 0.9194711538461539 0.875 0.008413461538461538 0.010817307692307692
0 0.4579326923076923 0.8413461538461539 0.015625 0.015625
0 0.4182692307692308 0.7836538461538461 0.010817307692307692 0.013221153846153846
0 0.5288461538461539 0.9050480769230769 0.013221153846153846 0.013221153846153846
0 0.5396634615384616 0.7548076923076923 0.010817307692307692 0.013221153846153846
0 0.9206730769230769 0.9278846153846154 0.008413461538461538 0.008413461538461538
0 0.9423076923076923 0.9230769230769231 0.007211538461538462 0.008413461538461538
0 0.9387019230769231 0.90625 0.008413461538461538 0.007211538461538462
0 0.9375 0.8882211538461539 0.007211538461538462 0.007211538461538462
0 0.9375 0.8677884615384616 0.008413461538461538 0.007211538461538462
0 0.9567307692307693 0.8689903846153846 0.008413461538461538 0.008413461538461538
0 0.9591346153846154 0.8870192307692307 0.008413461538461538 0.008413461538461538
0 0.9579326923076923 0.90625 0.007211538461538462 0.007211538461538462
0 0.9759615384615384 0.9050480769230769 0.007211538461538462 0.008413461538461538
0 0.9375 0.8485576923076923 0.013221153846153846 0.008413461538461538
0 0.9387019230769231 0.8305288461538461 0.004807692307692308 0.008413461538461538
0 0.9194711538461539 0.9086538461538461 0.007211538461538462 0.010817307692307692
0 0.9170673076923077 0.7956730769230769 0.013221153846153846 0.010817307692307692
0 0.9555288461538461 0.8137019230769231 0.008413461538461538 0.007211538461538462
0 0.9747596153846154 0.8125 0.008413461538461538 0.008413461538461538
0 0.9543269230769231 0.7944711538461539 0.007211538461538462 0.007211538461538462
0 0.9915865384615384 0.7740384615384616 0.007211538461538462 0.007211538461538462
0 0.9927884615384616 0.7560096153846154 0.008413461538461538 0.007211538461538462
0 0.9891826923076923 0.7367788461538461 0.008413461538461538 0.008413461538461538
0 0.9194711538461539 0.8329326923076923 0.008413461538461538 0.008413461538461538
0 0.9194711538461539 0.8137019230769231 0.008413461538461538 0.010817307692307692
0 0.16947115384615385 0.6538461538461539 0.013221153846153846 0.015625
0 0.15625 0.6442307692307693 0.015625 0.018028846153846152
0 0.09615384615384616 0.6490384615384616 0.010817307692307692 0.008413461538461538
0 0.10576923076923077 0.6358173076923077 0.013221153846153846 0.010817307692307692
0 0.07932692307692307 0.6322115384615384 0.013221153846153846 0.010817307692307692
0 0.027644230769230768 0.6346153846153846 0.020432692307692308 0.018028846153846152
0 0.08052884615384616 0.6658653846153846 0.015625 0.015625
0 0.030048076923076924 0.7884615384615384 0.010817307692307692 0.013221153846153846
0 0.019230769230769232 0.9350961538461539 0.010817307692307692 0.008413461538461538
0 0.054086538461538464 0.7980769230769231 0.008413461538461538 0.010817307692307692