0 0.2824519230769231 0.8149038461538461 0.015625 0.018028846153846152
0 0.36658653846153844 0.6694711538461539 0.008413461538461538 0.013221153846153846
0 0.5841346153846154 0.7415865384615384 0.010817307692307692 0.010817307692307692
0 0.6442307692307693 0.8653846153846154 0.013221153846153846 0.018028846153846152
0 0.296875 0.9146634615384616 0.008413461538461538 0.008413461538461538
0 0.4795673076923077 0.6586538461538461 0.018028846153846152 0.015625
0 0.45072115384615385 0.6478365384615384 0.013221153846153846 0.015625
0 0.40865384615384615 0.6706730769230769 0.010817307692307692 0.008413461538461538
0 0.5769230769230769 0.6526442307692307 0.013221153846153846 0.013221153846153846
0 0.6081730769230769 0.6394230769230769 0.018028846153846152 0.013221153846153846
0 0.6490384615384616 0.6706730769230769 0.013221153846153846 0.018028846153846152
0 0.27163461538461536 0.6778846153846154 0.010817307692307692 0.013221153846153846
0 0.18389423076923078 0.6598557692307693 0.010817307692307692 0.013221153846153846
0 0.9879807692307693 0.6490384615384616 0.010817307692307692 0.008413461538461538
0 0.9711538461538461 0.6322115384615384 0.013221153846153846 0.010817307692307692
0 0.9194711538461539 0.6346153846153846 0.020432692307692308 0.018028846153846152
0 0.9723557692307693 0.6658653846153846 0.015625 0.015625
0 0.921875 0.7884615384615384 0.010817307692307692 0.013221153846153846
0 0.8149038461538461 0.9362980769230769 0.013221153846153846 0.015625
0 0.7235576923076923 0.9375 0.013221153846153846 0.013221153846153846
0 0.8834134615384616 0.9362980769230769 0.020432692307692308 0.015625
0 0.9110576923076923 0.9350961538461539 0.010817307692307692 0.008413461538461538
0 0.8341346153846154 0.859375 0.010817307692307692 0.010817307692307692
0 0.8894230769230769 0.7944711538461539 0.013221153846153846 0.015625
0 0.6682692307692307 0.9098557692307693 0.015625 0.008413461538461538
0 0.8545673076923077 0.6346153846153846 0.010817307692307692 0.013221153846153846
0 0.8305288461538461 0.6334134615384616 0.013221153846153846 0.013221153846153846
0 0.9459134615384616 0.7980769230769231 0.008413461538461538 0.010817307692307692
0 0.7331730769230769 0.7367788461538461 0.010817307692307692 0.013221153846153846