0 0.30649038461538464 0.6165865384615384 0.013221153846153846 0.015625
0 0.25721153846153844 0.6274038461538461 0.008413461538461538 0.010817307692307692
0 0.27163461538461536 0.6310096153846154 0.007211538461538462 0.013221153846153846
0 0.24278846153846154 0.6225961538461539 0.004807692307692308 0.007211538461538462
0 0.25721153846153844 0.6418269230769231 0.008413461538461538 0.008413461538461538
0 0.24278846153846154 0.6334134615384616 0.008413461538461538 0.004807692307692308
0 0.2439903846153846 0.6418269230769231 0.007211538461538462 0.008413461538461538
0 0.24639423076923078 0.6586538461538461 0.010817307692307692 0.007211538461538462
0 0.24759615384615385 0.671875 0.008413461538461538 0.007211538461538462
0 0.23197115384615385 0.6658653846153846 0.008413461538461538 0.010817307692307692
0 0.22235576923076922 0.6490384615384616 0.010817307692307692 0.008413461538461538
0 0.23076923076923078 0.6286057692307693 0.007211538461538462 0.008413461538461538
0 0.22115384615384615 0.6286057692307693 0.008413461538461538 0.008413461538461538
0 0.2091346153846154 0.6370192307692307 0.008413461538461538 0.008413461538461538
0 0.3125 0.5985576923076923 0.007211538461538462 0.007211538461538462
0 0.27403846153846156 0.6598557692307693 0.007211538461538462 0.008413461538461538
0 0.2776442307692308 0.6790865384615384 0.007211538461538462 0.010817307692307692
0 0.2644230769230769 0.6838942307692307 0.007211538461538462 0.007211538461538462
0 0.25240384615384615 0.6935096153846154 0.008413461538461538 0.008413461538461538
0 0.30408653846153844 0.6730769230769231 0.008413461538461538 0.008413461538461538
0 0.28966346153846156 0.6778846153846154 0.007211538461538462 0.008413461538461538
0 0.2644230769230769 0.6995192307692307 0.007211538461538462 0.007211538461538462
0 0.25240384615384615 0.7079326923076923 0.008413461538461538 0.010817307692307692
0 0.26802884615384615 0.7091346153846154 0.004807692307692308 0.004807692307692308
0 0.2932692307692308 0.6875 0.004807692307692308 0.007211538461538462
0 0.2824519230769231 0.6923076923076923 0.007211538461538462 0.007211538461538462
0 0.3137019230769231 0.6875 0.010817307692307692 0.010817307692307692
0 0.30288461538461536 0.6947115384615384 0.007211538461538462 0.007211538461538462
0 0.2920673076923077 0.6995192307692307 0.007211538461538462 0.007211538461538462
0 0.29447115384615385 0.7103365384615384 0.007211538461538462 0.007211538461538462
0 0.2800480769230769 0.7283653846153846 0.010817307692307692 0.010817307692307692
0 0.27163461538461536 0.7211538461538461 0.007211538461538462 0.008413461538461538
0 0.2980769230769231 0.7235576923076923 0.010817307692307692 0.013221153846153846
0 0.3125 0.71875 0.008413461538461538 0.008413461538461538
0 0.3173076923076923 0.7079326923076923 0.008413461538461538 0.007211538461538462
0 0.33774038461538464 0.7175480769230769 0.008413461538461538 0.010817307692307692
0 0.3581730769230769 0.7019230769230769 0.008413461538461538 0.007211538461538462
0 0.37740384615384615 0.7295673076923077 0.010817307692307692 0.013221153846153846
0 0.3701923076923077 0.7439903846153846 0.010817307692307692 0.010817307692307692
0 0.3894230769230769 0.7415865384615384 0.008413461538461538 0.008413461538461538
0 0.4014423076923077 0.7307692307692307 0.008413461538461538 0.007211538461538462
0 0.38341346153846156 0.6574519230769231 0.008413461538461538 0.008413461538461538
0 0.38461538461538464 0.6706730769230769 0.008413461538461538 0.008413461538461538
0 0.41586538461538464 0.6802884615384616 0.007211538461538462 0.008413461538461538
0 0.42788461538461536 0.6790865384615384 0.008413461538461538 0.010817307692307692
0 0.4026442307692308 0.703125 0.008413461538461538 0.008413461538461538
0 0.42788461538461536 0.7259615384615384 0.013221153846153846 0.010817307692307692
0 0.4423076923076923 0.7055288461538461 0.007211538461538462 0.008413461538461538
0 0.45913461538461536 0.6899038461538461 0.013221153846153846 0.010817307692307692
0 0.28725961538461536 0.7596153846153846 0.007211538461538462 0.007211538461538462
0 0.2548076923076923 0.7872596153846154 0.018028846153846152 0.015625
0 0.21754807692307693 0.7367788461538461 0.010817307692307692 0.008413461538461538
0 0.21033653846153846 0.7235576923076923 0.010817307692307692 0.008413461538461538
0 0.20552884615384615 0.7115384615384616 0.008413461538461538 0.008413461538461538
0 0.1971153846153846 0.7055288461538461 0.007211538461538462 0.004807692307692308
0 0.18629807692307693 0.6802884615384616 0.007211538461538462 0.008413461538461538
0 0.15625 0.6346153846153846 0.010817307692307692 0.008413461538461538
0 0.3942307692307692 0.6069711538461539 0.008413461538461538 0.007211538461538462
0 0.3942307692307692 0.6189903846153846 0.013221153846153846 0.013221153846153846
0 0.3557692307692308 0.5889423076923077 0.013221153846153846 0.010817307692307692
0 0.3485576923076923 0.7367788461538461 0.007211538461538462 0.008413461538461538
0 0.27403846153846156 0.8197115384615384 0.010817307692307692 0.013221153846153846
0 0.4699519230769231 0.6646634615384616 0.015625 0.013221153846153846
0 0.16706730769230768 0.7584134615384616 0.008413461538461538 0.008413461538461538
0 0.18629807692307693 0.7920673076923077 0.010817307692307692 0.010817307692307692
0 0.19591346153846154 0.8088942307692307 0.013221153846153846 0.008413461538461538
0 0.20552884615384615 0.8233173076923077 0.008413461538461538 0.010817307692307692
0 0.21754807692307693 0.8377403846153846 0.015625 0.013221153846153846
0 0.22596153846153846 0.8545673076923077 0.015625 0.010817307692307692
0 0.23317307692307693 0.8677884615384616 0.015625 0.010817307692307692
0 0.2848557692307692 0.8353365384615384 0.010817307692307692 0.008413461538461538
0 0.2848557692307692 0.8473557692307693 0.007211538461538462 0.004807692307692308
0 0.2956730769230769 0.8521634615384616 0.007211538461538462 0.007211538461538462
0 0.30288461538461536 0.8665865384615384 0.007211538461538462 0.010817307692307692
0 0.3125 0.8810096153846154 0.008413461538461538 0.008413461538461538
0 0.33774038461538464 0.8617788461538461 0.008413461538461538 0.007211538461538462
0 0.33653846153846156 0.8762019230769231 0.010817307692307692 0.008413461538461538
0 0.3581730769230769 0.8485576923076923 0.008413461538461538 0.008413461538461538
0 0.3701923076923077 0.8425480769230769 0.007211538461538462 0.008413461538461538
0 0.38341346153846156 0.8341346153846154 0.013221153846153846 0.010817307692307692
0 0.25 0.7752403846153846 0.008413461538461538 0.008413461538461538
0 0.3401442307692308 0.8197115384615384 0.008413461538461538 0.013221153846153846
0 0.3713942307692308 0.8581730769230769 0.013221153846153846 0.008413461538461538
0 0.35096153846153844 0.890625 0.013221153846153846 0.010817307692307692
0 0.36658653846153844 0.8774038461538461 0.013221153846153846 0.010817307692307692
0 0.3870192307692308 0.8677884615384616 0.008413461538461538 0.010817307692307692
0 0.41225961538461536 0.8545673076923077 0.013221153846153846 0.010817307692307692
0 0.3918269230769231 0.8449519230769231 0.013221153846153846 0.008413461538461538
0 0.41947115384615385 0.8137019230769231 0.010817307692307692 0.010817307692307692
0 0.41947115384615385 0.8341346153846154 0.013221153846153846 0.010817307692307692
0 0.42788461538461536 0.8497596153846154 0.008413461538461538 0.010817307692307692
0 0.4326923076923077 0.8064903846153846 0.008413461538461538 0.008413461538461538
0 0.4567307692307692 0.7944711538461539 0.008413461538461538 0.007211538461538462
0 0.4699519230769231 0.8076923076923077 0.010817307692307692 0.010817307692307692
0 0.46033653846153844 0.828125 0.010817307692307692 0.010817307692307692
0 0.4855769230769231 0.7824519230769231 0.007211538461538462 0.007211538461538462
0 0.5168269230769231 0.8052884615384616 0.010817307692307692 0.010817307692307692
0 0.5096153846153846 0.7692307692307693 0.010817307692307692 0.010817307692307692
0 0.5336538461538461 0.7584134615384616 0.008413461538461538 0.010817307692307692
0 0.5829326923076923 0.7379807692307693 0.013221153846153846 0.010817307692307692
0 0.4831730769230769 0.7115384615384616 0.007211538461538462 0.004807692307692308
0 0.4879807692307692 0.7043269230769231 0.010817307692307692 0.007211538461538462
0 0.46033653846153844 0.7139423076923077 0.007211538461538462 0.008413461538461538
0 0.4699519230769231 0.6995192307692307 0.007211538461538462 0.010817307692307692
0 0.5444711538461539 0.7956730769230769 0.010817307692307692 0.010817307692307692
0 0.5204326923076923 0.7824519230769231 0.008413461538461538 0.010817307692307692
0 0.5649038461538461 0.7836538461538461 0.013221153846153846 0.013221153846153846
0 0.5721153846153846 0.7596153846153846 0.013221153846153846 0.010817307692307692
0 0.5625 0.7536057692307693 0.010817307692307692 0.010817307692307692
0 0.5637019230769231 0.7355769230769231 0.007211538461538462 0.007211538461538462
0 0.5492788461538461 0.7415865384615384 0.008413461538461538 0.008413461538461538
0 0.6105769230769231 0.7271634615384616 0.008413461538461538 0.008413461538461538
0 0.625 0.7415865384615384 0.010817307692307692 0.010817307692307692
0 0.6117788461538461 0.7608173076923077 0.010817307692307692 0.008413461538461538
0 0.6646634615384616 0.7451923076923077 0.008413461538461538 0.008413461538461538
0 0.6502403846153846 0.7536057692307693 0.010817307692307692 0.007211538461538462
0 0.6394230769230769 0.7584134615384616 0.008413461538461538 0.010817307692307692
0 0.6454326923076923 0.7295673076923077 0.010817307692307692 0.008413461538461538
0 0.6526442307692307 0.7175480769230769 0.008413461538461538 0.007211538461538462
0 0.6658653846153846 0.7091346153846154 0.007211538461538462 0.008413461538461538
0 0.6923076923076923 0.7043269230769231 0.007211538461538462 0.010817307692307692
0 0.6899038461538461 0.7163461538461539 0.010817307692307692 0.008413461538461538
0 0.6790865384615384 0.7235576923076923 0.007211538461538462 0.008413461538461538
0 0.6899038461538461 0.7319711538461539 0.010817307692307692 0.008413461538461538
0 0.4987980769230769 0.8149038461538461 0.007211538461538462 0.004807692307692308
0 0.49038461538461536 0.8197115384615384 0.007211538461538462 0.004807692307692308
0 0.47836538461538464 0.8233173076923077 0.007211538461538462 0.007211538461538462
0 0.4362980769230769 0.7896634615384616 0.007211538461538462 0.007211538461538462
0 0.8329326923076923 0.7836538461538461 0.013221153846153846 0.013221153846153846
0 0.8233173076923077 0.7956730769230769 0.010817307692307692 0.010817307692307692
0 0.8076923076923077 0.8040865384615384 0.015625 0.013221153846153846
0 0.7944711538461539 0.8137019230769231 0.010817307692307692 0.010817307692307692
0 0.7776442307692307 0.8221153846153846 0.010817307692307692 0.013221153846153846
0 0.7680288461538461 0.8353365384615384 0.013221153846153846 0.008413461538461538
0 0.7560096153846154 0.8137019230769231 0.010817307692307692 0.010817307692307692
0 0.7391826923076923 0.828125 0.013221153846153846 0.010817307692307692
0 0.75 0.8425480769230769 0.008413461538461538 0.008413461538461538
0 0.7199519230769231 0.8389423076923077 0.015625 0.010817307692307692
0 0.6935096153846154 0.8341346153846154 0.008413461538461538 0.010817307692307692
0 0.6983173076923077 0.8485576923076923 0.008413461538461538 0.010817307692307692
0 0.6850961538461539 0.8557692307692307 0.008413461538461538 0.008413461538461538
0 0.6694711538461539 0.8533653846153846 0.008413461538461538 0.008413461538461538
0 0.6430288461538461 0.8689903846153846 0.010817307692307692 0.008413461538461538
0 0.6201923076923077 0.8786057692307693 0.010817307692307692 0.013221153846153846
0 0.6021634615384616 0.8798076923076923 0.010817307692307692 0.010817307692307692
0 0.5817307692307693 0.8930288461538461 0.010817307692307692 0.010817307692307692
0 0.5685096153846154 0.8990384615384616 0.007211538461538462 0.008413461538461538
0 0.5877403846153846 0.8509615384615384 0.008413461538461538 0.018028846153846152
0 0.5985576923076923 0.8557692307692307 0.008413461538461538 0.013221153846153846
0 0.5372596153846154 0.8786057692307693 0.007211538461538462 0.008413461538461538
0 0.7103365384615384 0.8737980769230769 0.010817307692307692 0.008413461538461538
0 0.6995192307692307 0.8834134615384616 0.010817307692307692 0.008413461538461538
0 0.6923076923076923 0.8870192307692307 0.010817307692307692 0.013221153846153846
0 0.6802884615384616 0.890625 0.008413461538461538 0.010817307692307692
0 0.6658653846153846 0.9002403846153846 0.010817307692307692 0.015625
0 0.6526442307692307 0.9038461538461539 0.008413461538461538 0.010817307692307692
0 0.6442307692307693 0.9122596153846154 0.008413461538461538 0.013221153846153846
0 0.6334134615384616 0.9158653846153846 0.007211538461538462 0.010817307692307692
0 0.6274038461538461 0.9230769230769231 0.010817307692307692 0.013221153846153846
0 0.6153846153846154 0.9266826923076923 0.008413461538461538 0.010817307692307692
0 0.6430288461538461 0.8557692307692307 0.010817307692307692 0.008413461538461538
0 0.5444711538461539 0.9050480769230769 0.010817307692307692 0.013221153846153846
0 0.5204326923076923 0.9194711538461539 0.008413461538461538 0.008413461538461538
0 0.49278846153846156 0.9278846153846154 0.018028846153846152 0.008413461538461538
0 0.49399038461538464 0.9435096153846154 0.010817307692307692 0.008413461538461538
0 0.5228365384615384 0.9423076923076923 0.008413461538461538 0.007211538461538462
0 0.5036057692307693 0.9591346153846154 0.010817307692307692 0.004807692307692308
0 0.5336538461538461 0.9567307692307693 0.008413461538461538 0.008413461538461538
0 0.5252403846153846 0.9675480769230769 0.008413461538461538 0.007211538461538462
0 0.515625 0.9795673076923077 0.008413461538461538 0.004807692307692308
0 0.5576923076923077 0.9507211538461539 0.015625 0.008413461538461538
0 0.546875 0.96875 0.013221153846153846 0.008413461538461538
0 0.44350961538461536 0.9519230769230769 0.008413461538461538 0.010817307692307692
0 0.41947115384615385 0.9747596153846154 0.008413461538461538 0.008413461538461538
0 0.4423076923076923 0.9915865384615384 0.015625 0.010817307692307692
0 0.36538461538461536 0.9735576923076923 0.008413461538461538 0.007211538461538462
0 0.48677884615384615 0.9879807692307693 0.013221153846153846 0.010817307692307692
0 0.5973557692307693 0.9411057692307693 0.008413461538461538 0.008413461538461538
0 0.5913461538461539 0.9471153846153846 0.010817307692307692 0.010817307692307692
0 0.5745192307692307 0.9675480769230769 0.008413461538461538 0.010817307692307692
0 0.5757211538461539 0.9795673076923077 0.010817307692307692 0.008413461538461538
0 0.39663461538461536 0.9795673076923077 0.008413461538461538 0.008413461538461538
0 0.24639423076923078 0.9459134615384616 0.015625 0.018028846153846152
0 0.2247596153846154 0.9483173076923077 0.013221153846153846 0.013221153846153846
0 0.20432692307692307 0.9579326923076923 0.010817307692307692 0.007211538461538462
0 0.19831730769230768 0.96875 0.008413461538461538 0.008413461538461538
0 0.18269230769230768 0.9795673076923077 0.013221153846153846 0.013221153846153846
0 0.23918269230769232 0.9086538461538461 0.008413461538461538 0.010817307692307692
0 0.27163461538461536 0.9074519230769231 0.007211538461538462 0.008413461538461538
0 0.22355769230769232 0.9302884615384616 0.010817307692307692 0.013221153846153846
0 0.20192307692307693 0.9375 0.007211538461538462 0.007211538461538462
0 0.1875 0.9447115384615384 0.007211538461538462 0.007211538461538462
0 0.15985576923076922 0.9735576923076923 0.013221153846153846 0.015625
0 0.9567307692307693 0.8485576923076923 0.008413461538461538 0.008413461538461538
0 0.9471153846153846 0.8389423076923077 0.007211538461538462 0.007211538461538462
0 0.9375 0.8293269230769231 0.008413461538461538 0.008413461538461538
0 0.9338942307692307 0.8064903846153846 0.010817307692307692 0.008413461538461538
0 0.5396634615384616 0.6610576923076923 0.007211538461538462 0.007211538461538462
0 0.5432692307692307 0.6742788461538461 0.008413461538461538 0.007211538461538462
0 0.5576923076923077 0.6646634615384616 0.010817307692307692 0.008413461538461538
0 0.5661057692307693 0.65625 0.007211538461538462 0.007211538461538462
0 0.5793269230769231 0.6694711538461539 0.008413461538461538 0.008413461538461538
0 0.49158653846153844 0.6117788461538461 0.004807692307692308 0.007211538461538462
0 0.49399038461538464 0.6310096153846154 0.010817307692307692 0.008413461538461538
0 0.45913461538461536 0.6081730769230769 0.008413461538461538 0.008413461538461538
0 0.4675480769230769 0.6298076923076923 0.007211538461538462 0.015625
0 0.4495192307692308 0.6334134615384616 0.010817307692307692 0.008413461538461538
0 0.4951923076923077 0.6514423076923077 0.008413461538461538 0.008413461538461538
0 0.4891826923076923 0.5637019230769231 0.008413461538461538 0.010817307692307692
0 0.4723557692307692 0.5673076923076923 0.007211538461538462 0.008413461538461538
0 0.4723557692307692 0.5528846153846154 0.007211538461538462 0.007211538461538462
0 0.4699519230769231 0.5288461538461539 0.007211538461538462 0.004807692307692308
0 0.45552884615384615 0.5324519230769231 0.007211538461538462 0.007211538461538462
0 0.45552884615384615 0.5637019230769231 0.007211538461538462 0.007211538461538462
0 0.46153846153846156 0.5841346153846154 0.008413461538461538 0.007211538461538462
0 0.4338942307692308 0.5865384615384616 0.007211538461538462 0.007211538461538462
0 0.4483173076923077 0.59375 0.008413461538461538 0.007211538461538462
0 0.6370192307692307 0.5901442307692307 0.008413461538461538 0.008413461538461538
0 0.546875 0.6298076923076923 0.008413461538461538 0.007211538461538462
0 0.5120192307692307 0.6021634615384616 0.007211538461538462 0.007211538461538462
0 0.5096153846153846 0.6165865384615384 0.007211538461538462 0.008413461538461538
0 0.4362980769230769 0.6165865384615384 0.002403846153846154 0.002403846153846154
0 0.4423076923076923 0.6574519230769231 0.007211538461538462 0.008413461538461538
0 0.44350961538461536 0.6706730769230769 0.004807692307692308 0.004807692307692308
0 0.4519230769230769 0.671875 0.007211538461538462 0.007211538461538462
0 0.39783653846153844 0.6430288461538461 0.007211538461538462 0.007211538461538462
0 0.5985576923076923 0.65625 0.007211538461538462 0.007211538461538462
0 0.9915865384615384 0.6009615384615384 0.013221153846153846 0.013221153846153846