0 0.9915865384615384 0.19951923076923078 0.013221153846153846 0.010817307692307692
0 0.9891826923076923 0.21153846153846154 0.013221153846153846 0.013221153846153846
0 0.9867788461538461 0.24759615384615385 0.008413461538461538 0.008413461538461538
0 0.9891826923076923 0.25841346153846156 0.013221153846153846 0.018028846153846152
0 0.8197115384615384 0.051682692307692304 0.013221153846153846 0.013221153846153846
0 0.8245192307692307 0.02403846153846154 0.008413461538461538 0.010817307692307692
0 0.8233173076923077 0.03365384615384615 0.010817307692307692 0.008413461538461538
0 0.8269230769230769 0.0985576923076923 0.008413461538461538 0.010817307692307692
0 0.8425480769230769 0.21634615384615385 0.008413461538461538 0.013221153846153846
0 0.7980769230769231 0.001201923076923077 0.009615384615384616 0.002403846153846154
0 0.78125 0.003605769230769231 0.008413461538461538 0.007211538461538462
0 0.7860576923076923 0.015625 0.013221153846153846 0.013221153846153846
0 0.4855769230769231 0.0889423076923077 0.015625 0.010817307692307692
0 0.021634615384615384 0.2608173076923077 0.015625 0.018028846153846152
0 0.12259615384615384 0.53125 0.010817307692307692 0.013221153846153846
0 0.49399038461538464 0.18870192307692307 0.020432692307692308 0.02283653846153846
0 0.14423076923076922 0.8149038461538461 0.02283653846153846 0.026442307692307692
0 0.16706730769230768 0.7860576923076923 0.02283653846153846 0.02283653846153846
0 0.12980769230769232 0.8545673076923077 0.025240384615384616 0.028846153846153848
0 0.19110576923076922 0.7379807692307693 0.018028846153846152 0.020432692307692308
0 0.13942307692307693 0.90625 0.008413461538461538 0.010817307692307692
0 0.15625 0.921875 0.015625 0.015625
0 0.15144230769230768 0.9603365384615384 0.008413461538461538 0.020432692307692308