0 0.5685096153846154 0.007211538461538462 0.007211538461538462 0.008413461538461538
0 0.6334134615384616 0.02403846153846154 0.007211538461538462 0.010817307692307692
0 0.6274038461538461 0.03125 0.010817307692307692 0.013221153846153846
0 0.5444711538461539 0.013221153846153846 0.010817307692307692 0.013221153846153846
0 0.5204326923076923 0.026442307692307692 0.008413461538461538 0.008413461538461538
0 0.5228365384615384 0.05048076923076923 0.008413461538461538 0.007211538461538462
0 0.5036057692307693 0.0673076923076923 0.010817307692307692 0.004807692307692308
0 0.5336538461538461 0.06490384615384616 0.008413461538461538 0.008413461538461538
0 0.5252403846153846 0.07572115384615384 0.008413461538461538 0.007211538461538462
0 0.515625 0.08774038461538461 0.008413461538461538 0.004807692307692308
0 0.5576923076923077 0.05889423076923077 0.015625 0.008413461538461538
0 0.546875 0.07692307692307693 0.013221153846153846 0.008413461538461538
0 0.36538461538461536 0.08173076923076923 0.008413461538461538 0.007211538461538462
0 0.48677884615384615 0.09615384615384616 0.013221153846153846 0.010817307692307692
0 0.5973557692307693 0.04927884615384615 0.008413461538461538 0.008413461538461538
0 0.5913461538461539 0.055288461538461536 0.010817307692307692 0.010817307692307692
0 0.5745192307692307 0.07572115384615384 0.008413461538461538 0.010817307692307692
0 0.5757211538461539 0.08774038461538461 0.010817307692307692 0.008413461538461538
0 0.5733173076923077 0.11057692307692307 0.010817307692307692 0.013221153846153846
0 0.5757211538461539 0.12259615384615384 0.015625 0.007211538461538462
0 0.5769230769230769 0.1310096153846154 0.008413461538461538 0.008413461538461538
0 0.5805288461538461 0.14302884615384615 0.008413461538461538 0.007211538461538462
0 0.5853365384615384 0.15384615384615385 0.008413461538461538 0.007211538461538462
0 0.59375 0.16346153846153846 0.010817307692307692 0.007211538461538462
0 0.5985576923076923 0.17067307692307693 0.008413461538461538 0.008413461538461538
0 0.6057692307692307 0.18269230769230768 0.008413461538461538 0.008413461538461538
0 0.6153846153846154 0.19591346153846154 0.008413461538461538 0.008413461538461538
0 0.6213942307692307 0.2091346153846154 0.008413461538461538 0.008413461538461538
0 0.6129807692307693 0.24879807692307693 0.004807692307692308 0.007211538461538462
0 0.5793269230769231 0.1778846153846154 0.008413461538461538 0.008413461538461538
0 0.6262019230769231 0.26322115384615385 0.008413461538461538 0.008413461538461538
0 0.6237980769230769 0.33653846153846156 0.008413461538461538 0.010817307692307692
0 0.6502403846153846 0.3016826923076923 0.007211538461538462 0.008413461538461538
0 0.6502403846153846 0.3137019230769231 0.007211538461538462 0.010817307692307692
0 0.6490384615384616 0.3233173076923077 0.013221153846153846 0.010817307692307692
0 0.6622596153846154 0.3425480769230769 0.013221153846153846 0.008413461538461538
0 0.7103365384615384 0.28846153846153844 0.010817307692307692 0.013221153846153846
0 0.65625 0.23317307692307693 0.010817307692307692 0.010817307692307692
0 0.6430288461538461 0.21754807692307693 0.007211538461538462 0.010817307692307692
0 0.6298076923076923 0.2283653846153846 0.007211538461538462 0.007211538461538462
0 0.6334134615384616 0.23918269230769232 0.010817307692307692 0.008413461538461538
0 0.7836538461538461 0.9663461538461539 0.008413461538461538 0.008413461538461538
0 0.7956730769230769 0.9567307692307693 0.007211538461538462 0.008413461538461538
0 0.8125 0.9471153846153846 0.007211538461538462 0.007211538461538462
0 0.8185096153846154 0.9447115384615384 0.007211538461538462 0.010817307692307692
0 0.8353365384615384 0.9387019230769231 0.008413461538461538 0.008413461538461538
0 0.84375 0.9290865384615384 0.007211538461538462 0.010817307692307692
0 0.8641826923076923 0.9194711538461539 0.010817307692307692 0.010817307692307692
0 0.8834134615384616 0.9134615384615384 0.008413461538461538 0.010817307692307692
0 0.7668269230769231 0.6706730769230769 0.007211538461538462 0.004807692307692308
0 0.8040865384615384 0.6502403846153846 0.008413461538461538 0.007211538461538462
0 0.9110576923076923 0.7944711538461539 0.007211538461538462 0.007211538461538462
0 0.9278846153846154 0.8305288461538461 0.008413461538461538 0.008413461538461538
0 0.9206730769230769 0.8617788461538461 0.004807692307692308 0.007211538461538462
0 0.8858173076923077 0.8798076923076923 0.007211538461538462 0.007211538461538462
0 0.9326923076923077 0.8822115384615384 0.013221153846153846 0.015625
0 0.9146634615384616 0.8894230769230769 0.018028846153846152 0.018028846153846152
0 0.9014423076923077 0.9002403846153846 0.013221153846153846 0.020432692307692308
0 0.9759615384615384 0.8485576923076923 0.010817307692307692 0.008413461538461538
0 0.13341346153846154 0.12379807692307693 0.010817307692307692 0.008413461538461538
0 0.11538461538461539 0.14302884615384615 0.013221153846153846 0.015625
0 0.15625 0.13341346153846154 0.010817307692307692 0.008413461538461538
0 0.09495192307692307 0.15985576923076922 0.008413461538461538 0.013221153846153846
0 0.16105769230769232 0.9735576923076923 0.010817307692307692 0.013221153846153846
0 0.1814903846153846 0.9747596153846154 0.010817307692307692 0.008413461538461538
0 0.27524038461538464 0.921875 0.008413461538461538 0.015625
0 0.35216346153846156 0.8665865384615384 0.007211538461538462 0.008413461538461538
0 0.9627403846153846 0.9651442307692307 0.010817307692307692 0.010817307692307692
0 0.9747596153846154 0.9567307692307693 0.008413461538461538 0.008413461538461538
0 0.9855769230769231 0.9519230769230769 0.010817307692307692 0.010817307692307692
0 0.41225961538461536 0.9170673076923077 0.018028846153846152 0.026442307692307692
0 0.43990384615384615 0.8942307692307693 0.025240384615384616 0.018028846153846152
0 0.4891826923076923 0.8665865384615384 0.02283653846153846 0.02283653846153846
0 0.7740384615384616 0.9783653846153846 0.015625 0.015625
0 0.4891826923076923 0.03365384615384615 0.008413461538461538 0.008413461538461538
0 0.6454326923076923 0.203125 0.010817307692307692 0.008413461538461538
0 0.6658653846153846 0.06129807692307692 0.010817307692307692 0.008413461538461538
0 0.5012019230769231 0.890625 0.015625 0.010817307692307692
0 0.5252403846153846 0.8269230769230769 0.013221153846153846 0.018028846153846152
0 0.5384615384615384 0.8161057692307693 0.008413461538461538 0.010817307692307692
0 0.546875 0.8076923076923077 0.013221153846153846 0.015625
0 0.578125 0.7944711538461539 0.007211538461538462 0.007211538461538462
0 0.5661057692307693 0.8016826923076923 0.010817307692307692 0.008413461538461538
0 0.5120192307692307 0.9014423076923077 0.010817307692307692 0.008413461538461538
0 0.5204326923076923 0.9122596153846154 0.008413461538461538 0.013221153846153846
0 0.53125 0.9338942307692307 0.013221153846153846 0.015625
0 0.5516826923076923 0.9639423076923077 0.008413461538461538 0.013221153846153846
0 0.6658653846153846 0.7379807692307693 0.010817307692307692 0.015625
0 0.34615384615384615 0.11658653846153846 0.015625 0.020432692307692308
0 0.15384615384615385 0.2668269230769231 0.028846153846153848 0.020432692307692308
0 0.19471153846153846 0.23677884615384615 0.015625 0.018028846153846152
0 0.23317307692307693 0.19951923076923078 0.015625 0.025240384615384616
0 0.25841346153846156 0.1814903846153846 0.015625 0.015625
0 0.28365384615384615 0.16947115384615385 0.018028846153846152 0.018028846153846152
0 0.07211538461538461 0.17548076923076922 0.02283653846153846 0.018028846153846152
0 0.04927884615384615 0.203125 0.02283653846153846 0.013221153846153846
0 0.5060096153846154 0.21394230769230768 0.015625 0.02283653846153846
0 0.47836538461538464 0.3112980769230769 0.020432692307692308 0.018028846153846152
0 0.7884615384615384 0.6538461538461539 0.008413461538461538 0.010817307692307692
0 0.953125 0.8605769230769231 0.02283653846153846 0.026442307692307692
0 0.7055288461538461 0.7091346153846154 0.018028846153846152 0.008413461538461538
0 0.7199519230769231 0.7019230769230769 0.015625 0.010817307692307692
0 0.7319711538461539 0.6983173076923077 0.013221153846153846 0.018028846153846152