0 0.004807692307692308 0.39783653846153844 0.009615384615384616 0.010817307692307692
0 0.04927884615384615 0.4050480769230769 0.008413461538461538 0.013221153846153846
0 0.09014423076923077 0.3798076923076923 0.013221153846153846 0.025240384615384616
0 0.10216346153846154 0.33052884615384615 0.025240384615384616 0.018028846153846152
0 0.08533653846153846 0.42788461538461536 0.013221153846153846 0.013221153846153846
0 0.09735576923076923 0.45072115384615385 0.008413461538461538 0.008413461538461538
0 0.046875 0.45552884615384615 0.008413461538461538 0.008413461538461538
0 0.08173076923076923 0.6213942307692307 0.010817307692307692 0.013221153846153846
0 0.08052884615384616 0.6478365384615384 0.013221153846153846 0.010817307692307692
0 0.0829326923076923 0.5612980769230769 0.008413461538461538 0.013221153846153846
0 0.08052884615384616 0.6754807692307693 0.018028846153846152 0.013221153846153846
0 0.0829326923076923 0.7079326923076923 0.013221153846153846 0.015625
0 0.08052884615384616 0.7572115384615384 0.013221153846153846 0.013221153846153846
0 0.078125 0.921875 0.007211538461538462 0.010817307692307692
0 0.09495192307692307 0.9423076923076923 0.013221153846153846 0.015625
0 0.09375 0.9603365384615384 0.010817307692307692 0.010817307692307692
0 0.10336538461538461 0.9783653846153846 0.018028846153846152 0.010817307692307692
0 0.08413461538461539 0.8725961538461539 0.010817307692307692 0.010817307692307692
0 0.08052884615384616 0.8209134615384616 0.010817307692307692 0.010817307692307692
0 0.08653846153846154 0.984375 0.010817307692307692 0.013221153846153846
0 0.04807692307692308 0.8040865384615384 0.010817307692307692 0.008413461538461538
0 0.046875 0.828125 0.008413461538461538 0.010817307692307692
0 0.046875 0.8485576923076923 0.008413461538461538 0.008413461538461538
0 0.09134615384615384 0.8425480769230769 0.010817307692307692 0.013221153846153846
0 0.04807692307692308 0.6983173076923077 0.010817307692307692 0.008413461538461538
0 0.08774038461538461 0.5180288461538461 0.008413461538461538 0.013221153846153846
0 0.08653846153846154 0.5420673076923077 0.010817307692307692 0.010817307692307692
0 0.08653846153846154 0.46153846153846156 0.010817307692307692 0.013221153846153846
0 0.08052884615384616 0.7824519230769231 0.018028846153846152 0.015625
0 0.08052884615384616 0.734375 0.020432692307692308 0.018028846153846152
0 0.04567307692307692 0.6334134615384616 0.010817307692307692 0.018028846153846152
0 0.046875 0.5925480769230769 0.013221153846153846 0.018028846153846152
0 0.04447115384615385 0.6141826923076923 0.013221153846153846 0.015625
0 0.04447115384615385 0.5709134615384616 0.013221153846153846 0.010817307692307692
0 0.04447115384615385 0.5480769230769231 0.015625 0.025240384615384616
0 0.04447115384615385 0.4855769230769231 0.013221153846153846 0.020432692307692308
0 0.04567307692307692 0.31971153846153844 0.015625 0.018028846153846152
0 0.04567307692307692 0.35697115384615385 0.015625 0.015625
0 0.046875 0.4375 0.008413461538461538 0.015625
0 0.04807692307692308 0.7427884615384616 0.010817307692307692 0.018028846153846152