0 0.6875 0.9879807692307693 0.010817307692307692 0.007211538461538462
0 0.6682692307692307 0.9855769230769231 0.010817307692307692 0.007211538461538462
0 0.6814903846153846 0.9591346153846154 0.007211538461538462 0.008413461538461538
0 0.6826923076923077 0.9459134615384616 0.008413461538461538 0.008413461538461538
0 0.6682692307692307 0.9567307692307693 0.007211538461538462 0.013221153846153846
0 0.6646634615384616 0.9338942307692307 0.008413461538461538 0.007211538461538462
0 0.8533653846153846 0.9855769230769231 0.008413461538461538 0.007211538461538462
0 0.8665865384615384 0.9723557692307693 0.007211538461538462 0.007211538461538462
0 0.9302884615384616 0.9783653846153846 0.008413461538461538 0.010817307692307692
0 0.9615384615384616 0.9711538461538461 0.008413461538461538 0.008413461538461538
0 0.9807692307692307 0.9387019230769231 0.007211538461538462 0.008413461538461538
0 0.9939903846153846 0.9254807692307693 0.007211538461538462 0.008413461538461538
0 0.9555288461538461 0.9435096153846154 0.004807692307692308 0.008413461538461538
0 0.9627403846153846 0.9314903846153846 0.007211538461538462 0.007211538461538462
0 0.9735576923076923 0.9158653846153846 0.007211538461538462 0.007211538461538462
0 0.9915865384615384 0.7728365384615384 0.007211538461538462 0.004807692307692308
0 0.9831730769230769 0.7632211538461539 0.007211538461538462 0.008413461538461538
0 0.9723557692307693 0.7560096153846154 0.007211538461538462 0.007211538461538462
0 0.9555288461538461 0.7475961538461539 0.008413461538461538 0.008413461538461538
0 0.9471153846153846 0.7439903846153846 0.007211538461538462 0.007211538461538462
0 0.9483173076923077 0.7896634615384616 0.008413461538461538 0.007211538461538462
0 0.9543269230769231 0.7740384615384616 0.010817307692307692 0.010817307692307692
0 0.9375 0.7944711538461539 0.004807692307692308 0.007211538461538462
0 0.9182692307692307 0.7992788461538461 0.007211538461538462 0.008413461538461538
0 0.9423076923076923 0.8665865384615384 0.007211538461538462 0.010817307692307692
0 0.7007211538461539 0.9194711538461539 0.008413461538461538 0.008413461538461538
0 0.7271634615384616 0.9350961538461539 0.008413461538461538 0.008413461538461538
0 0.6790865384615384 0.8713942307692307 0.010817307692307692 0.013221153846153846
0 0.6694711538461539 0.8305288461538461 0.008413461538461538 0.010817307692307692
0 0.7247596153846154 0.9110576923076923 0.008413461538461538 0.010817307692307692
0 0.7584134615384616 0.9278846153846154 0.007211538461538462 0.008413461538461538
0 0.6622596153846154 0.8004807692307693 0.008413461538461538 0.010817307692307692
0 0.6646634615384616 0.7716346153846154 0.008413461538461538 0.010817307692307692
0 0.6622596153846154 0.7439903846153846 0.013221153846153846 0.010817307692307692
0 0.6694711538461539 0.7211538461538461 0.013221153846153846 0.013221153846153846
0 0.6682692307692307 0.6971153846153846 0.010817307692307692 0.010817307692307692
0 0.6682692307692307 0.6682692307692307 0.010817307692307692 0.010817307692307692
0 0.6394230769230769 0.7175480769230769 0.008413461538461538 0.010817307692307692
0 0.640625 0.6850961538461539 0.010817307692307692 0.008413461538461538
0 0.6430288461538461 0.6658653846153846 0.010817307692307692 0.010817307692307692
0 0.6646634615384616 0.6298076923076923 0.013221153846153846 0.010817307692307692
0 0.6346153846153846 0.6478365384615384 0.013221153846153846 0.010817307692307692
0 0.640625 0.5985576923076923 0.007211538461538462 0.008413461538461538
0 0.6730769230769231 0.6033653846153846 0.008413461538461538 0.008413461538461538
0 0.6430288461538461 0.5841346153846154 0.010817307692307692 0.007211538461538462
0 0.6442307692307693 0.5709134615384616 0.013221153846153846 0.010817307692307692
0 0.6514423076923077 0.5600961538461539 0.007211538461538462 0.010817307692307692
0 0.6862980769230769 0.5805288461538461 0.007211538461538462 0.007211538461538462
0 0.7103365384615384 0.5973557692307693 0.010817307692307692 0.008413461538461538
0 0.7331730769230769 0.609375 0.007211538461538462 0.010817307692307692
0 0.7427884615384616 0.6189903846153846 0.004807692307692308 0.013221153846153846
0 0.7668269230769231 0.6334134615384616 0.007211538461538462 0.008413461538461538
0 0.7463942307692307 0.6850961538461539 0.010817307692307692 0.008413461538461538
0 0.7524038461538461 0.6622596153846154 0.008413461538461538 0.008413461538461538
0 0.7776442307692307 0.6947115384615384 0.007211538461538462 0.010817307692307692
0 0.7692307692307693 0.6814903846153846 0.007211538461538462 0.007211538461538462
0 0.7824519230769231 0.671875 0.007211538461538462 0.007211538461538462
0 0.7728365384615384 0.6658653846153846 0.004807692307692308 0.007211538461538462
0 0.7824519230769231 0.640625 0.007211538461538462 0.007211538461538462
0 0.8137019230769231 0.6610576923076923 0.007211538461538462 0.007211538461538462
0 0.8449519230769231 0.6838942307692307 0.008413461538461538 0.007211538461538462
0 0.8581730769230769 0.6875 0.008413461538461538 0.008413461538461538
0 0.8653846153846154 0.6899038461538461 0.004807692307692308 0.007211538461538462
0 0.8774038461538461 0.6995192307692307 0.010817307692307692 0.010817307692307692
0 0.8894230769230769 0.7043269230769231 0.008413461538461538 0.007211538461538462
0 0.8990384615384616 0.7139423076923077 0.008413461538461538 0.008413461538461538
0 0.9110576923076923 0.7211538461538461 0.007211538461538462 0.008413461538461538
0 0.8725961538461539 0.7632211538461539 0.007211538461538462 0.008413461538461538
0 0.8713942307692307 0.7487980769230769 0.008413461538461538 0.010817307692307692
0 0.9879807692307693 0.6947115384615384 0.010817307692307692 0.007211538461538462
0 0.9651442307692307 0.6802884615384616 0.010817307692307692 0.008413461538461538
0 0.953125 0.671875 0.008413461538461538 0.007211538461538462
0 0.9375 0.6634615384615384 0.007211538461538462 0.007211538461538462
0 0.9795673076923077 0.6538461538461539 0.008413461538461538 0.007211538461538462
0 0.9026442307692307 0.6430288461538461 0.013221153846153846 0.010817307692307692
0 0.8894230769230769 0.6358173076923077 0.013221153846153846 0.010817307692307692
0 0.8786057692307693 0.6262019230769231 0.008413461538461538 0.008413461538461538
0 0.9254807692307693 0.6334134615384616 0.008413461538461538 0.008413461538461538
0 0.9350961538461539 0.6442307692307693 0.004807692307692308 0.004807692307692308
0 0.9447115384615384 0.6298076923076923 0.010817307692307692 0.010817307692307692
0 0.9831730769230769 0.6165865384615384 0.007211538461538462 0.007211538461538462
0 0.8581730769230769 0.6153846153846154 0.013221153846153846 0.008413461538461538
0 0.8341346153846154 0.5985576923076923 0.010817307692307692 0.010817307692307692
0 0.8185096153846154 0.5913461538461539 0.010817307692307692 0.010817307692307692
0 0.8088942307692307 0.5841346153846154 0.008413461538461538 0.010817307692307692
0 0.9158653846153846 0.5637019230769231 0.015625 0.015625
0 0.8954326923076923 0.5600961538461539 0.015625 0.015625
0 0.9663461538461539 0.5204326923076923 0.018028846153846152 0.018028846153846152
0 0.9206730769230769 0.5865384615384616 0 0.010817307692307692
0 0.984375 0.4807692307692308 0.004807692307692308 0.007211538461538462
0 0.9915865384615384 0.46634615384615385 0.007211538461538462 0.004807692307692308
0 0.9699519230769231 0.4651442307692308 0.007211538461538462 0.010817307692307692
0 0.9807692307692307 0.44591346153846156 0.007211538461538462 0.008413461538461538
0 0.8485576923076923 0.5841346153846154 0.007211538461538462 0.007211538461538462
0 0.8617788461538461 0.578125 0.007211538461538462 0.007211538461538462
0 0.8365384615384616 0.5168269230769231 0.007211538461538462 0.007211538461538462
0 0.8233173076923077 0.5096153846153846 0.007211538461538462 0.007211538461538462
0 0.8329326923076923 0.5 0.008413461538461538 0.008413461538461538
0 0.8305288461538461 0.49158653846153844 0.008413461538461538 0.007211538461538462
0 0.8197115384615384 0.49038461538461536 0.008413461538461538 0.007211538461538462
0 0.8870192307692307 0.4795673076923077 0.013221153846153846 0.013221153846153846
0 0.8762019230769231 0.5036057692307693 0.008413461538461538 0.010817307692307692
0 0.8665865384615384 0.4891826923076923 0.010817307692307692 0.008413461538461538
0 0.8641826923076923 0.47475961538461536 0.007211538461538462 0.008413461538461538
0 0.8966346153846154 0.44711538461538464 0.013221153846153846 0.015625
0 0.9050480769230769 0.4338942307692308 0.013221153846153846 0.010817307692307692
0 0.9074519230769231 0.41947115384615385 0.008413461538461538 0.007211538461538462
0 0.9867788461538461 0.40024038461538464 0.008413461538461538 0.010817307692307692
0 0.9699519230769231 0.39302884615384615 0.010817307692307692 0.015625
0 0.9555288461538461 0.38341346153846156 0.013221153846153846 0.018028846153846152
0 0.9411057692307693 0.36899038461538464 0.013221153846153846 0.013221153846153846
0 0.921875 0.3629807692307692 0.010817307692307692 0.013221153846153846
0 0.8413461538461539 0.3605769230769231 0.010817307692307692 0.008413461538461538
0 0.9375 0.5528846153846154 0.008413461538461538 0.007211538461538462
0 0.7740384615384616 0.5600961538461539 0.007211538461538462 0.007211538461538462
0 0.7584134615384616 0.5540865384615384 0.008413461538461538 0.008413461538461538
0 0.796875 0.5144230769230769 0.013221153846153846 0.010817307692307692
0 0.7992788461538461 0.49278846153846156 0.013221153846153846 0.013221153846153846
0 0.7764423076923077 0.5096153846153846 0.010817307692307692 0.007211538461538462
0 0.7704326923076923 0.4807692307692308 0.008413461538461538 0.010817307692307692
0 0.7920673076923077 0.47115384615384615 0.002403846153846154 0
0 0.7608173076923077 0.4987980769230769 0.008413461538461538 0.007211538461538462
0 0.9387019230769231 0.4651442307692308 0.008413461538461538 0.010817307692307692
0 0.9182692307692307 0.4411057692307692 0.007211538461538462 0.013221153846153846
0 0.8209134615384616 0.3629807692307692 0.007211538461538462 0.008413461538461538
0 0.7331730769230769 0.43509615384615385 0.010817307692307692 0.013221153846153846
0 0.7331730769230769 0.4170673076923077 0.010817307692307692 0.013221153846153846
0 0.7247596153846154 0.5324519230769231 0.013221153846153846 0.010817307692307692
0 0.7043269230769231 0.515625 0.007211538461538462 0.008413461538461538
0 0.6899038461538461 0.5096153846153846 0.007211538461538462 0.007211538461538462
0 0.6598557692307693 0.484375 0.013221153846153846 0.013221153846153846
0 0.6658653846153846 0.45552884615384615 0.015625 0.008413461538461538
0 0.6682692307692307 0.4362980769230769 0.007211538461538462 0.007211538461538462
0 0.6862980769230769 0.38100961538461536 0.015625 0.013221153846153846
0 0.6754807692307693 0.4050480769230769 0.008413461538461538 0.008413461538461538
0 0.6911057692307693 0.4639423076923077 0.008413461538461538 0.008413461538461538
0 0.7139423076923077 0.45552884615384615 0.008413461538461538 0.015625
0 0.8377403846153846 0.40625 0.008413461538461538 0.010817307692307692
0 0.7235576923076923 0.36658653846153844 0.008413461538461538 0.008413461538461538
0 0.7415865384615384 0.35096153846153844 0.010817307692307692 0.008413461538461538
0 0.7067307692307693 0.32211538461538464 0.008413461538461538 0.008413461538461538
0 0.7115384615384616 0.3125 0.008413461538461538 0.007211538461538462
0 0.9735576923076923 0.5865384615384616 0.007211538461538462 0.007211538461538462
0 0.8125 0.4423076923076923 0.008413461538461538 0.010817307692307692
0 0.9711538461538461 0.32211538461538464 0.008413461538461538 0.008413461538461538
0 0.8040865384615384 0.33653846153846156 0.008413461538461538 0.007211538461538462
0 0.7752403846153846 0.3954326923076923 0.008413461538461538 0.007211538461538462
0 0.7632211538461539 0.4254807692307692 0.004807692307692308 0.004807692307692308
0 0.7788461538461539 0.421875 0.004807692307692308 0.007211538461538462
0 0.7283653846153846 0.47716346153846156 0.010817307692307692 0.008413461538461538
0 0.96875 0.2860576923076923 0.008413461538461538 0.008413461538461538
0 0.9459134615384616 0.2704326923076923 0.008413461538461538 0.008413461538461538
0 0.7752403846153846 0.21995192307692307 0.008413461538461538 0.010817307692307692
0 0.7475961538461539 0.20673076923076922 0.008413461538461538 0.008413461538461538
0 0.8209134615384616 0.17908653846153846 0.010817307692307692 0.010817307692307692
0 0.7800480769230769 0.1141826923076923 0.007211538461538462 0.007211538461538462
0 0.7548076923076923 0.09735576923076923 0.008413461538461538 0.008413461538461538
0 0.7860576923076923 0.09615384615384616 0.008413461538461538 0.007211538461538462
0 0.7848557692307693 0.13581730769230768 0.007211538461538462 0.010817307692307692
0 0.7620192307692307 0.12860576923076922 0.007211538461538462 0.008413461538461538
0 0.9459134615384616 0.16826923076923078 0.008413461538461538 0.010817307692307692
0 0.9555288461538461 0.15384615384615385 0.008413461538461538 0.010817307692307692
0 0.9242788461538461 0.2932692307692308 0.007211538461538462 0.008413461538461538
0 0.9098557692307693 0.2776442307692308 0.008413461538461538 0.010817307692307692
0 0.7680288461538461 0.013221153846153846 0.008413461538461538 0.008413461538461538
0 0.7415865384615384 0.018028846153846152 0.008413461538461538 0.008413461538461538
0 0.8076923076923077 0.02283653846153846 0.010817307692307692 0.008413461538461538
0 0.8269230769230769 0.003605769230769231 0.010817307692307692 0.007211538461538462
0 0.8197115384615384 0.014423076923076924 0.008413461538461538 0.010817307692307692
0 0.7932692307692307 0.008413461538461538 0.008413461538461538 0.007211538461538462
0 0.7019230769230769 0.014423076923076924 0.007211538461538462 0.007211538461538462
0 0.7115384615384616 0.02283653846153846 0.008413461538461538 0.008413461538461538
0 0.7211538461538461 0.19831730769230768 0.008413461538461538 0.008413461538461538
0 0.7115384615384616 0.16706730769230768 0.008413461538461538 0.008413461538461538
0 0.7055288461538461 0.13942307692307693 0.008413461538461538 0.013221153846153846
0 0.8112980769230769 0.11778846153846154 0.013221153846153846 0.010817307692307692
0 0.7932692307692307 0.16947115384615385 0.008413461538461538 0.010817307692307692
0 0.9471153846153846 0.11658653846153846 0.007211538461538462 0.008413461538461538
0 0.8966346153846154 0.2127403846153846 0.013221153846153846 0.010817307692307692
0 0.984375 0.1971153846153846 0.004807692307692308 0.007211538461538462
0 0.9807692307692307 0.12620192307692307 0.010817307692307692 0.013221153846153846
0 0.9326923076923077 0.13701923076923078 0.008413461538461538 0.008413461538461538
0 0.921875 0.12379807692307693 0.007211538461538462 0.008413461538461538
0 0.9290865384615384 0.11298076923076923 0.007211538461538462 0.008413461538461538
0 0.9194711538461539 0.109375 0.007211538461538462 0.010817307692307692
0 0.9122596153846154 0.11658653846153846 0.008413461538461538 0.007211538461538462
0 0.8918269230769231 0.11057692307692307 0.008413461538461538 0.008413461538461538
0 0.8846153846153846 0.0829326923076923 0.008413461538461538 0.008413461538461538
0 0.9038461538461539 0.07692307692307693 0.007211538461538462 0.008413461538461538
0 0.9122596153846154 0.0889423076923077 0.008413461538461538 0.007211538461538462
0 0.9170673076923077 0.078125 0.008413461538461538 0.007211538461538462
0 0.8990384615384616 0.06009615384615385 0.008413461538461538 0.010817307692307692
0 0.9254807692307693 0.052884615384615384 0.008413461538461538 0.010817307692307692
0 0.9038461538461539 0.038461538461538464 0.010817307692307692 0.008413461538461538
0 0.8894230769230769 0.03125 0.008413461538461538 0.008413461538461538
0 0.9819711538461539 0.04927884615384615 0.008413461538461538 0.008413461538461538
0 0.9555288461538461 0.028846153846153848 0.010817307692307692 0.008413461538461538
0 0.9651442307692307 0.019230769230769232 0.007211538461538462 0.010817307692307692
0 0.96875 0.03485576923076923 0.008413461538461538 0.010817307692307692
0 0.9002403846153846 0.019230769230769232 0.010817307692307692 0.010817307692307692
0 0.9579326923076923 0.10216346153846154 0.010817307692307692 0.010817307692307692
0 0.984375 0.08653846153846154 0.008413461538461538 0.010817307692307692
0 0.9807692307692307 0.07572115384615384 0.007211538461538462 0.007211538461538462
0 0.9170673076923077 0.015625 0.008413461538461538 0.008413461538461538
0 0.921875 0.007211538461538462 0.007211538461538462 0.004807692307692308
0 0.9326923076923077 0.003605769230769231 0.009615384615384616 0.007211538461538462
0 0.9447115384615384 0.016826923076923076 0.007211538461538462 0.007211538461538462
0 0.9387019230769231 0.07211538461538461 0.008413461538461538 0.008413461538461538
0 0.9747596153846154 0.25961538461538464 0.008413461538461538 0.007211538461538462
0 0.9471153846153846 0.2439903846153846 0.007211538461538462 0.007211538461538462
0 0.9242788461538461 0.2283653846153846 0.007211538461538462 0.007211538461538462
0 0.921875 0.25721153846153844 0.010817307692307692 0.008413461538461538
0 0.9771634615384616 0.021634615384615384 0.008413461538461538 0.007211538461538462
0 0.9483173076923077 0.04927884615384615 0.008413461538461538 0.008413461538461538
0 0.9086538461538461 0.14543269230769232 0.007211538461538462 0.007211538461538462
0 0.9038461538461539 0.13221153846153846 0.007211538461538462 0.007211538461538462
0 0.875 0.057692307692307696 0.010817307692307692 0.010817307692307692
0 0.8365384615384616 0.13822115384615385 0.007211538461538462 0.007211538461538462
0 0.7944711538461539 0.19471153846153846 0.008413461538461538 0.007211538461538462
0 0.9627403846153846 0.1875 0.007211538461538462 0.007211538461538462
0 0.3473557692307692 0.8798076923076923 0.02283653846153846 0.025240384615384616
0 0.03365384615384615 0.6959134615384616 0.02283653846153846 0.026442307692307692
0 0.375 0.7235576923076923 0.020432692307692308 0.018028846153846152
0 0.4014423076923077 0.6875 0.026442307692307692 0.028846153846153848
0 0.40865384615384615 0.6514423076923077 0.025240384615384616 0.02283653846153846
0 0.5625 0.9711538461538461 0.008413461538461538 0.013221153846153846
0 0.5817307692307693 0.96875 0.007211538461538462 0.013221153846153846
0 0.5564903846153846 0.9423076923076923 0.018028846153846152 0.020432692307692308
0 0.5492788461538461 0.9194711538461539 0.018028846153846152 0.020432692307692308
0 0.5625 0.8329326923076923 0.013221153846153846 0.018028846153846152
0 0.5745192307692307 0.030048076923076924 0.018028846153846152 0.015625
0 0.5612980769230769 0.01201923076923077 0.018028846153846152 0.015625
0 0.5480769230769231 0.007211538461538462 0.018028846153846152 0.013221153846153846
0 0.5264423076923077 0.008413461538461538 0.010817307692307692 0.013221153846153846
0 0.6225961538461539 0.078125 0.010817307692307692 0.015625
0 0.5913461538461539 0.21754807692307693 0.007211538461538462 0.010817307692307692
0 0.6141826923076923 0.36778846153846156 0.007211538461538462 0.010817307692307692
0 0.6201923076923077 0.34615384615384615 0.010817307692307692 0.010817307692307692
0 0.6550480769230769 0.04567307692307692 0.008413461538461538 0.015625
0 0.640625 0.027644230769230768 0.010817307692307692 0.010817307692307692
0 0.3233173076923077 0.015625 0.010817307692307692 0.018028846153846152
0 0.19951923076923078 0.15985576923076922 0.010817307692307692 0.018028846153846152
0 0.2644230769230769 0.1935096153846154 0.015625 0.013221153846153846
0 0.18509615384615385 0.3269230769230769 0.018028846153846152 0.018028846153846152
0 0.13822115384615385 0.3161057692307692 0.010817307692307692 0.015625
0 0.10697115384615384 0.30288461538461536 0.015625 0.010817307692307692
0 0.10697115384615384 0.25600961538461536 0.015625 0.015625
0 0.10817307692307693 0.23076923076923078 0.013221153846153846 0.015625
0 0.2247596153846154 0.36658653846153844 0.02283653846153846 0.018028846153846152
0 0.20793269230769232 0.31850961538461536 0.015625 0.010817307692307692
0 0.23918269230769232 0.2860576923076923 0.013221153846153846 0.013221153846153846
0 0.3125 0.36658653846153844 0.020432692307692308 0.025240384615384616
0 0.3545673076923077 0.3317307692307692 0.010817307692307692 0.015625
0 0.5324519230769231 0.3762019230769231 0.015625 0.026442307692307692
0 0.4579326923076923 0.4519230769230769 0.010817307692307692 0.015625
0 0.41947115384615385 0.43990384615384615 0.010817307692307692 0.010817307692307692
0 0.46875 0.37740384615384615 0.013221153846153846 0.015625
0 0.41466346153846156 0.5649038461538461 0.02283653846153846 0.02283653846153846
0 0.5985576923076923 0.41466346153846156 0.010817307692307692 0.013221153846153846
0 0.5793269230769231 0.5036057692307693 0.013221153846153846 0.010817307692307692
0 0.5769230769230769 0.5264423076923077 0.008413461538461538 0.015625
0 0.578125 0.5456730769230769 0.010817307692307692 0.015625
0 0.6322115384615384 0.2668269230769231 0.015625 0.010817307692307692
0 0.5480769230769231 0.15384615384615385 0.010817307692307692 0.010817307692307692
0 0.6057692307692307 0.13942307692307693 0.013221153846153846 0.013221153846153846
0 0.5673076923076923 0.7451923076923077 0.008413461538461538 0.013221153846153846
0 0.5673076923076923 0.7584134615384616 0.008413461538461538 0.013221153846153846
0 0.5805288461538461 0.8942307692307693 0.008413461538461538 0.013221153846153846
0 0.578125 0.8786057692307693 0.010817307692307692 0.013221153846153846
0 0.5757211538461539 0.8581730769230769 0.010817307692307692 0.013221153846153846
0 0.5805288461538461 0.9314903846153846 0.008413461538461538 0.010817307692307692
0 0.5817307692307693 0.9074519230769231 0.010817307692307692 0.013221153846153846
0 0.22956730769230768 0.7427884615384616 0.008413461538461538 0.013221153846153846
0 0.42427884615384615 0.8125 0.010817307692307692 0.015625
0 0.5685096153846154 0.6959134615384616 0.007211538461538462 0.008413461538461538
0 0.5625 0.6802884615384616 0.013221153846153846 0.013221153846153846
0 0.2620192307692308 0.6009615384615384 0.010817307692307692 0.013221153846153846
0 0.07692307692307693 0.44350961538461536 0.013221153846153846 0.013221153846153846
0 0.3329326923076923 0.5889423076923077 0.008413461538461538 0.015625
0 0.22235576923076922 0.21875 0.010817307692307692 0.013221153846153846
0 0.007211538461538462 0.07211538461538461 0.013221153846153846 0.018028846153846152
0 0.052884615384615384 0.3125 0.015625 0.018028846153846152
0 0.23557692307692307 0.1141826923076923 0.010817307692307692 0.015625
0 0.026442307692307692 0.17548076923076922 0.013221153846153846 0.008413461538461538
0 0.23317307692307693 0.18389423076923078 0.015625 0.010817307692307692
0 0.3473557692307692 0.27283653846153844 0.008413461538461538 0.013221153846153846
0 0.3629807692307692 0.27283653846153844 0.008413461538461538 0.013221153846153846
0 0.296875 0.5528846153846154 0.02283653846153846 0.020432692307692308
0 0.1201923076923077 0.6069711538461539 0.020432692307692308 0.020432692307692308
0 0.42908653846153844 0.8653846153846154 0.020432692307692308 0.026442307692307692
0 0.24519230769230768 0.5048076923076923 0.02283653846153846 0.03125
0 0.5036057692307693 0.6778846153846154 0.025240384615384616 0.02283653846153846
0 0.40024038461538464 0.6129807692307693 0.020432692307692308 0.02283653846153846
0 0.4254807692307692 0.5985576923076923 0.02283653846153846 0.02283653846153846
0 0.3605769230769231 0.5925480769230769 0.018028846153846152 0.026442307692307692
0 0.3605769230769231 0.5504807692307693 0.013221153846153846 0.015625
0 0.296875 0.49399038461538464 0.02283653846153846 0.020432692307692308
0 0.33052884615384615 0.49759615384615385 0.018028846153846152 0.02283653846153846
0 0.06850961538461539 0.5408653846153846 0.025240384615384616 0.018028846153846152
0 0.18990384615384615 0.5360576923076923 0.025240384615384616 0.026442307692307692
0 0.18269230769230768 0.6310096153846154 0.018028846153846152 0.026442307692307692
0 0.5048076923076923 0.6346153846153846 0.018028846153846152 0.02283653846153846
0 0.3233173076923077 0.46274038461538464 0.028846153846153848 0.020432692307692308
0 0.45552884615384615 0.5588942307692307 0.018028846153846152 0.03125
0 0.28966346153846156 0.5985576923076923 0.025240384615384616 0.028846153846153848
0 0.3581730769230769 0.9278846153846154 0.02283653846153846 0.02283653846153846
0 0.5204326923076923 0.04927884615384615 0.018028846153846152 0.018028846153846152
0 0.20072115384615385 0.7067307692307693 0.013221153846153846 0.008413461538461538
0 0.20432692307692307 0.6646634615384616 0.015625 0.018028846153846152
0 0.27283653846153844 0.6622596153846154 0.026442307692307692 0.02283653846153846
0 0.4375 0.9290865384615384 0.02283653846153846 0.025240384615384616
0 0.46875 0.6923076923076923 0.018028846153846152 0.025240384615384616
0 0.04326923076923077 0.8076923076923077 0.018028846153846152 0.020432692307692308
0 0.07451923076923077 0.8197115384615384 0.018028846153846152 0.008413461538461538
0 0.5084134615384616 0.890625 0.02283653846153846 0.025240384615384616
0 0.41346153846153844 0.01201923076923077 0.015625 0.020432692307692308
0 0.06129807692307692 0.5 0.02283653846153846 0.018028846153846152
0 0.140625 0.5288461538461539 0.015625 0.02283653846153846
0 0.19591346153846154 0.7355769230769231 0.026442307692307692 0.015625
0 0.3557692307692308 0.8341346153846154 0.018028846153846152 0.015625
0 0.31850961538461536 0.8040865384615384 0.025240384615384616 0.018028846153846152
0 0.40625 0.8617788461538461 0.015625 0.020432692307692308
0 0.5973557692307693 0.08052884615384616 0.018028846153846152 0.018028846153846152
0 0.056490384615384616 0.0625 0.02283653846153846 0.020432692307692308
0 0.10576923076923077 0.028846153846153848 0.026442307692307692 0.026442307692307692
0 0.5540865384615384 0.6502403846153846 0.013221153846153846 0.015625
0 0.5576923076923077 0.6262019230769231 0.007211538461538462 0.013221153846153846
0 0.5552884615384616 0.6045673076923077 0.015625 0.015625
0 0.5637019230769231 0.5769230769230769 0.010817307692307692 0.013221153846153846
0 0.3389423076923077 0.23317307692307693 0.015625 0.020432692307692308
0 0.26322115384615385 0.4411057692307692 0.018028846153846152 0.013221153846153846
0 0.5625 0.10697115384615384 0.013221153846153846 0.015625
0 0.5576923076923077 0.8064903846153846 0.010817307692307692 0.013221153846153846
0 0.5504807692307693 0.7848557692307693 0.015625 0.015625
0 0.5805288461538461 0.46875 0.010817307692307692 0.018028846153846152
0 0.5564903846153846 0.4735576923076923 0.013221153846153846 0.015625
0 0.6009615384615384 0.4411057692307692 0.013221153846153846 0.013221153846153846
0 0.5985576923076923 0.1658653846153846 0.018028846153846152 0.010817307692307692
0 0.6081730769230769 0.10817307692307693 0.013221153846153846 0.013221153846153846
0 0.90625 0.6033653846153846 0.015625 0.008413461538461538
0 0.39903846153846156 0.9326923076923077 0.013221153846153846 0.018028846153846152