0 0.8161057692307693 0.11658653846153846 0.020432692307692308 0.018028846153846152
0 0.37259615384615385 0.010817307692307692 0.019230769230769232 0.021634615384615384
0 0.4951923076923077 0.040865384615384616 0.013221153846153846 0.013221153846153846
0 0.5264423076923077 0.026442307692307692 0.010817307692307692 0.010817307692307692
0 0.4579326923076923 0.12139423076923077 0.010817307692307692 0.013221153846153846
0 0.5096153846153846 0.07932692307692307 0.010817307692307692 0.008413461538461538
0 0.5252403846153846 0.052884615384615384 0.008413461538461538 0.010817307692307692
0 0.5204326923076923 0.0985576923076923 0.008413461538461538 0.008413461538461538
0 0.40024038461538464 0.038461538461538464 0.007211538461538462 0.008413461538461538
0 0.18269230769230768 0.09615384615384616 0.013221153846153846 0.015625
0 0.3918269230769231 0.1045673076923077 0.013221153846153846 0.010817307692307692
0 0.42427884615384615 0.13942307692307693 0.010817307692307692 0.008413461538461538
0 0.40384615384615385 0.1310096153846154 0.007211538461538462 0.008413461538461538
0 0.4735576923076923 0.1875 0.015625 0.013221153846153846
0 0.1310096153846154 0.0985576923076923 0.013221153846153846 0.013221153846153846
0 0.06971153846153846 0.1778846153846154 0.013221153846153846 0.013221153846153846
0 0.08774038461538461 0.1814903846153846 0.008413461538461538 0.010817307692307692
0 0.10817307692307693 0.1814903846153846 0.008413461538461538 0.010817307692307692
0 0.12379807692307693 0.1814903846153846 0.008413461538461538 0.007211538461538462
0 0.15504807692307693 0.18509615384615385 0.008413461538461538 0.013221153846153846
0 0.13581730769230768 0.18389423076923078 0.010817307692307692 0.007211538461538462
0 0.27884615384615385 0.15504807692307693 0.013221153846153846 0.008413461538461538
0 0.43509615384615385 0.10216346153846154 0.013221153846153846 0.010817307692307692