0 0.078125 0.030048076923076924 0.007211538461538462 0.010817307692307692
0 0.09495192307692307 0.05048076923076923 0.013221153846153846 0.015625
0 0.09375 0.06850961538461539 0.010817307692307692 0.010817307692307692
0 0.10336538461538461 0.08653846153846154 0.018028846153846152 0.010817307692307692
0 0.12620192307692307 0.14903846153846154 0.013221153846153846 0.013221153846153846
0 0.08052884615384616 0.34615384615384615 0.015625 0.010817307692307692
0 0.07692307692307693 0.42788461538461536 0.008413461538461538 0.008413461538461538
0 0.0733173076923077 0.4567307692307692 0.010817307692307692 0.018028846153846152
0 0.08052884615384616 0.48677884615384615 0.015625 0.013221153846153846
0 0.5264423076923077 0.9831730769230769 0.015625 0.025240384615384616
0 0.0829326923076923 0.5168269230769231 0.02283653846153846 0.025240384615384616
0 0.08413461538461539 0.5456730769230769 0.015625 0.020432692307692308
0 0.0829326923076923 0.5745192307692307 0.02283653846153846 0.018028846153846152
0 0.0829326923076923 0.6045673076923077 0.018028846153846152 0.020432692307692308
0 0.08173076923076923 0.6225961538461539 0.020432692307692308 0.020432692307692308
0 0.0889423076923077 0.9759615384615384 0.020432692307692308 0.010817307692307692
0 0.08653846153846154 0.32091346153846156 0.020432692307692308 0.020432692307692308
0 0.0889423076923077 0.28725961538461536 0.015625 0.015625
0 0.09014423076923077 0.26322115384615385 0.018028846153846152 0.018028846153846152
0 0.09014423076923077 0.24519230769230768 0.008413461538461538 0.013221153846153846
0 0.0889423076923077 0.14783653846153846 0.010817307692307692 0.015625
0 0.08653846153846154 0.09254807692307693 0.010817307692307692 0.013221153846153846
0 0.04447115384615385 0.25961538461538464 0.010817307692307692 0.010817307692307692
0 0.09014423076923077 0.3798076923076923 0.013221153846153846 0.010817307692307692
0 0.08533653846153846 0.4050480769230769 0.018028846153846152 0.018028846153846152
0 0.08413461538461539 0.1778846153846154 0.007211538461538462 0.008413461538461538
0 0.08774038461538461 0.20432692307692307 0.008413461538461538 0.007211538461538462
0 0.08533653846153846 0.21754807692307693 0.004807692307692308 0.007211538461538462
0 0.07692307692307693 0.8762019230769231 0.03125 0.018028846153846152
0 0.07932692307692307 0.8329326923076923 0.018028846153846152 0.02283653846153846
0 0.038461538461538464 0.8125 0.018028846153846152 0.010817307692307692
0 0.038461538461538464 0.8569711538461539 0.013221153846153846 0.010817307692307692
0 0.037259615384615384 0.8834134615384616 0.007211538461538462 0.015625
0 0.07932692307692307 0.7415865384615384 0.013221153846153846 0.015625