0 0.013221153846153846 0.25841346153846156 0.008413461538461538 0.010817307692307692
0 0.003605769230769231 0.27163461538461536 0.007211538461538462 0.010817307692307692
0 0.06610576923076923 0.2668269230769231 0.007211538461538462 0.007211538461538462
0 0.06129807692307692 0.2764423076923077 0.008413461538461538 0.008413461538461538
0 0.051682692307692304 0.23317307692307693 0.008413461538461538 0.010817307692307692
0 0.04567307692307692 0.25240384615384615 0.007211538461538462 0.008413461538461538
0 0.040865384615384616 0.2620192307692308 0.008413461538461538 0.010817307692307692
0 0.04567307692307692 0.2704326923076923 0.007211538461538462 0.008413461538461538
0 0.0985576923076923 0.234375 0.007211538461538462 0.008413461538461538
0 0.04567307692307692 0.19471153846153846 0.010817307692307692 0.010817307692307692
0 0.01201923076923077 0.1622596153846154 0.007211538461538462 0.008413461538461538
0 0.16466346153846154 0.25 0.008413461538461538 0.008413461538461538
0 0.15144230769230768 0.2403846153846154 0.007211538461538462 0.007211538461538462
0 0.14783653846153846 0.2512019230769231 0.007211538461538462 0.010817307692307692
0 0.17908653846153846 0.26322115384615385 0.007211538461538462 0.008413461538461538
0 0.1658653846153846 0.2692307692307692 0.007211538461538462 0.007211538461538462
0 0.17427884615384615 0.27884615384615385 0.007211538461538462 0.008413461538461538
0 0.1935096153846154 0.29086538461538464 0.004807692307692308 0.008413461538461538
0 0.2091346153846154 0.28125 0.008413461538461538 0.008413461538461538
0 0.203125 0.2956730769230769 0.008413461538461538 0.007211538461538462
0 0.19591346153846154 0.2764423076923077 0.004807692307692308 0.007211538461538462
0 0.009615384615384616 0.3088942307692308 0.010817307692307692 0.013221153846153846
0 0.12860576923076922 0.21995192307692307 0.013221153846153846 0.010817307692307692
0 0.12139423076923077 0.2283653846153846 0.013221153846153846 0.010817307692307692
0 0.11177884615384616 0.24278846153846154 0.007211538461538462 0.008413461538461538
0 0.10576923076923077 0.25240384615384615 0.008413461538461538 0.008413461538461538
0 0.0985576923076923 0.25841346153846156 0.007211538461538462 0.008413461538461538
0 0.0889423076923077 0.27884615384615385 0.010817307692307692 0.013221153846153846
0 0.03245192307692308 0.328125 0.007211538461538462 0.010817307692307692
0 0.04567307692307692 0.33774038461538464 0.007211538461538462 0.008413461538461538
0 0.09735576923076923 0.3629807692307692 0.008413461538461538 0.008413461538461538
0 0.03485576923076923 0.2920673076923077 0.007211538461538462 0.007211538461538462
0 0.026442307692307692 0.2848557692307692 0.007211538461538462 0.007211538461538462
0 0.013221153846153846 0.27884615384615385 0.008413461538461538 0.008413461538461538
0 0.027644230769230768 0.25240384615384615 0.007211538461538462 0.008413461538461538
0 0.03485576923076923 0.5793269230769231 0.010817307692307692 0.013221153846153846
0 0.06850961538461539 0.6069711538461539 0.015625 0.015625
0 0.17668269230769232 0.5516826923076923 0.010817307692307692 0.013221153846153846
0 0.1971153846153846 0.5793269230769231 0.020432692307692308 0.013221153846153846
0 0.22355769230769232 0.609375 0.015625 0.010817307692307692
0 0.24278846153846154 0.6526442307692307 0.013221153846153846 0.013221153846153846
0 0.21514423076923078 0.5396634615384616 0.007211538461538462 0.010817307692307692
0 0.24158653846153846 0.5024038461538461 0.010817307692307692 0.013221153846153846
0 0.2403846153846154 0.4567307692307692 0.010817307692307692 0.013221153846153846
0 0.22115384615384615 0.44591346153846156 0.008413461538461538 0.008413461538461538
0 0.19831730769230768 0.4326923076923077 0.008413461538461538 0.008413461538461538
0 0.25600961538461536 0.46153846153846156 0.007211538461538462 0.008413461538461538
0 0.24519230769230768 0.36778846153846156 0.008413461538461538 0.010817307692307692
0 0.24639423076923078 0.32091346153846156 0.007211538461538462 0.007211538461538462
0 0.06490384615384616 0.3076923076923077 0.008413461538461538 0.010817307692307692
0 0.0733173076923077 0.34975961538461536 0.010817307692307692 0.010817307692307692
0 0.025240384615384616 0.003605769230769231 0.009615384615384616 0.007211538461538462
0 0.030048076923076924 0.010817307692307692 0.007211538461538462 0.004807692307692308
0 0.040865384615384616 0.015625 0.008413461538461538 0.008413461538461538
0 0.046875 0.026442307692307692 0.008413461538461538 0.007211538461538462
0 0.09014423076923077 0.027644230769230768 0.008413461538461538 0.007211538461538462
0 0.06610576923076923 0.020432692307692308 0.007211538461538462 0.008413461538461538
0 0.052884615384615384 0.002403846153846154 0.007211538461538462 0.004807692307692308
0 0.15144230769230768 0.013221153846153846 0.007211538461538462 0.008413461538461538
0 0.11298076923076923 0.052884615384615384 0.008413461538461538 0.010817307692307692
0 0.1310096153846154 0.036057692307692304 0.004807692307692308 0.008413461538461538
0 0.13341346153846154 0.014423076923076924 0.007211538461538462 0.007211538461538462
0 0.12139423076923077 0.002403846153846154 0.009615384615384616 0.004807692307692308
0 0.1141826923076923 0.014423076923076924 0.007211538461538462 0.007211538461538462
0 0.08052884615384616 0.039663461538461536 0.008413461538461538 0.010817307692307692
0 0.17427884615384615 0.009615384615384616 0.007211538461538462 0.007211538461538462
0 0.16466346153846154 0.026442307692307692 0.008413461538461538 0.007211538461538462
0 0.14543269230769232 0.03245192307692308 0.007211538461538462 0.007211538461538462
0 0.0673076923076923 0.04807692307692308 0.008413461538461538 0.010817307692307692
0 0.078125 0.05889423076923077 0.007211538461538462 0.008413461538461538
0 0.09975961538461539 0.07572115384615384 0.007211538461538462 0.007211538461538462
0 0.1045673076923077 0.08533653846153846 0.010817307692307692 0.008413461538461538
0 0.13942307692307693 0.04927884615384615 0.004807692307692308 0.008413461538461538
0 0.1346153846153846 0.06971153846153846 0.004807692307692308 0.004807692307692308
0 0.12860576923076922 0.0829326923076923 0.004807692307692308 0.008413461538461538
0 0.1201923076923077 0.09975961538461539 0.007211538461538462 0.007211538461538462
0 0.13942307692307693 0.10216346153846154 0.008413461538461538 0.007211538461538462
0 0.14182692307692307 0.09254807692307693 0.004807692307692308 0.008413461538461538
0 0.1502403846153846 0.08052884615384616 0.007211538461538462 0.010817307692307692
0 0.15144230769230768 0.06490384615384616 0.007211538461538462 0.008413461538461538
0 0.13341346153846154 0.11658653846153846 0.008413461538461538 0.010817307692307692
0 0.12980769230769232 0.12980769230769232 0.010817307692307692 0.010817307692307692
0 0.10336538461538461 0.03245192307692308 0.008413461538461538 0.007211538461538462
0 0.2283653846153846 0.014423076923076924 0.007211538461538462 0.007211538461538462
0 0.25 0.036057692307692304 0.008413461538461538 0.008413461538461538
0 0.24278846153846154 0.051682692307692304 0.013221153846153846 0.013221153846153846
0 0.20673076923076922 0.15264423076923078 0.008413461538461538 0.008413461538461538
0 0.20072115384615385 0.16706730769230768 0.008413461538461538 0.008413461538461538
0 0.19110576923076922 0.18028846153846154 0.008413461538461538 0.004807692307692308
0 0.17067307692307693 0.17548076923076922 0.008413461538461538 0.008413461538461538
0 0.1875 0.13942307692307693 0.007211538461538462 0.008413461538461538
0 0.21033653846153846 0.14182692307692307 0.007211538461538462 0.008413461538461538
0 0.22716346153846154 0.15745192307692307 0.008413461538461538 0.008413461538461538
0 0.3401442307692308 0.203125 0.008413461538461538 0.008413461538461538
0 0.3581730769230769 0.20552884615384615 0.008413461538461538 0.008413461538461538
0 0.29447115384615385 0.19831730769230768 0.008413461538461538 0.008413461538461538
0 0.2764423076923077 0.19110576923076922 0.007211538461538462 0.008413461538461538
0 0.2620192307692308 0.18389423076923078 0.007211538461538462 0.007211538461538462
0 0.21995192307692307 0.12259615384615384 0.007211538461538462 0.007211538461538462
0 0.21754807692307693 0.19591346153846154 0.007211538461538462 0.008413461538461538
0 0.203125 0.1875 0.004807692307692308 0.007211538461538462
0 0.22956730769230768 0.20552884615384615 0.008413461538461538 0.004807692307692308
0 0.2439903846153846 0.21394230769230768 0.007211538461538462 0.008413461538461538
0 0.1935096153846154 0.19591346153846154 0.008413461538461538 0.008413461538461538
0 0.20552884615384615 0.20432692307692307 0.004807692307692308 0.007211538461538462
0 0.21514423076923078 0.21153846153846154 0.007211538461538462 0.008413461538461538
0 0.22596153846153846 0.22115384615384615 0.007211538461538462 0.008413461538461538
0 0.25721153846153844 0.24278846153846154 0.008413461538461538 0.008413461538461538
0 0.27403846153846156 0.23557692307692307 0.010817307692307692 0.007211538461538462
0 0.24879807692307693 0.1935096153846154 0.007211538461538462 0.008413461538461538
0 0.34134615384615385 0.22355769230769232 0.007211538461538462 0.010817307692307692
0 0.2860576923076923 0.25961538461538464 0.004807692307692308 0.007211538461538462
0 0.27283653846153844 0.2536057692307692 0.008413461538461538 0.007211538461538462
0 0.29447115384615385 0.25 0.004807692307692308 0.008413461538461538
0 0.3088942307692308 0.25961538461538464 0.004807692307692308 0.007211538461538462
0 0.296875 0.2668269230769231 0.008413461538461538 0.010817307692307692
0 0.31850961538461536 0.2692307692307692 0.010817307692307692 0.010817307692307692
0 0.3329326923076923 0.27524038461538464 0.008413461538461538 0.008413461538461538
0 0.31971153846153844 0.28365384615384615 0.004807692307692308 0.008413461538461538
0 0.20552884615384615 0.08533653846153846 0.007211538461538462 0.008413461538461538
0 0.16706730769230768 0.4110576923076923 0.008413461538461538 0.010817307692307692
0 0.45913461538461536 0.015625 0.008413461538461538 0.008413461538461538
0 0.5901442307692307 0.010817307692307692 0.008413461538461538 0.008413461538461538
0 0.5709134615384616 0.021634615384615384 0.007211538461538462 0.010817307692307692
0 0.6995192307692307 0.01201923076923077 0.010817307692307692 0.015625
0 0.7271634615384616 0.021634615384615384 0.008413461538461538 0.010817307692307692
0 0.7403846153846154 0.028846153846153848 0.007211538461538462 0.008413461538461538
0 0.7536057692307693 0.028846153846153848 0.007211538461538462 0.008413461538461538
0 0.7764423076923077 0.05048076923076923 0.010817307692307692 0.010817307692307692
0 0.7596153846153846 0.004807692307692308 0.010817307692307692 0.008413461538461538
0 0.6935096153846154 0.04567307692307692 0.008413461538461538 0.010817307692307692
0 0.8497596153846154 0.07451923076923077 0.010817307692307692 0.008413461538461538
0 0.8509615384615384 0.057692307692307696 0.008413461538461538 0.010817307692307692
0 0.9170673076923077 0.8245192307692307 0.013221153846153846 0.013221153846153846
0 0.9194711538461539 0.9026442307692307 0.008413461538461538 0.008413461538461538
0 0.9074519230769231 0.9158653846153846 0.008413461538461538 0.007211538461538462
0 0.9170673076923077 0.9290865384615384 0.008413461538461538 0.007211538461538462
0 0.8834134615384616 0.9375 0.010817307692307692 0.010817307692307692
0 0.9819711538461539 0.90625 0.008413461538461538 0.010817307692307692
0 0.9290865384615384 0.7644230769230769 0.010817307692307692 0.010817307692307692
0 0.5108173076923077 0.8894230769230769 0.008413461538461538 0.013221153846153846
0 0.3954326923076923 0.8701923076923077 0.015625 0.015625
0 0.3485576923076923 0.8449519230769231 0.007211538461538462 0.008413461538461538
0 0.3317307692307692 0.8425480769230769 0.007211538461538462 0.008413461538461538
0 0.359375 0.8449519230769231 0.007211538461538462 0.013221153846153846
0 0.36899038461538464 0.8449519230769231 0.008413461538461538 0.013221153846153846
0 0.3858173076923077 0.8473557692307693 0.007211538461538462 0.008413461538461538
0 0.41346153846153844 0.8521634615384616 0.007211538461538462 0.007211538461538462
0 0.8112980769230769 0.48677884615384615 0.008413461538461538 0.008413461538461538
0 0.8125 0.5036057692307693 0.010817307692307692 0.007211538461538462
0 0.8125 0.5144230769230769 0.008413461538461538 0.010817307692307692
0 0.8125 0.5300480769230769 0.007211538461538462 0.010817307692307692
0 0.44711538461538464 0.5685096153846154 0.010817307692307692 0.010817307692307692
0 0.640625 0.5901442307692307 0.010817307692307692 0.008413461538461538
0 0.6634615384615384 0.5829326923076923 0.010817307692307692 0.013221153846153846
0 0.6430288461538461 0.5757211538461539 0.010817307692307692 0.010817307692307692
0 0.34615384615384615 0.48197115384615385 0.010817307692307692 0.013221153846153846
0 0.39663461538461536 0.3161057692307692 0.008413461538461538 0.010817307692307692
0 0.4206730769230769 0.3269230769230769 0.008413461538461538 0.008413461538461538
0 0.4338942307692308 0.33653846153846156 0.007211538461538462 0.010817307692307692
0 0.44711538461538464 0.34134615384615385 0.007211538461538462 0.010817307692307692
0 0.4567307692307692 0.34615384615384615 0.004807692307692308 0.010817307692307692
0 0.47115384615384615 0.34975961538461536 0.013221153846153846 0.010817307692307692
0 0.3125 0.4387019230769231 0.007211538461538462 0.008413461538461538
0 0.3161057692307692 0.46153846153846156 0.007211538461538462 0.008413461538461538
0 0.8149038461538461 0.41586538461538464 0.013221153846153846 0.010817307692307692
0 0.8137019230769231 0.3942307692307692 0.010817307692307692 0.013221153846153846
0 0.8161057692307693 0.3737980769230769 0.010817307692307692 0.013221153846153846
0 0.8173076923076923 0.3557692307692308 0.008413461538461538 0.008413461538461538
0 0.8209134615384616 0.33413461538461536 0.010817307692307692 0.010817307692307692
0 0.8197115384615384 0.3173076923076923 0.013221153846153846 0.008413461538461538
0 0.8197115384615384 0.3004807692307692 0.008413461538461538 0.010817307692307692
0 0.8185096153846154 0.28125 0.010817307692307692 0.008413461538461538
0 0.703125 0.40865384615384615 0.008413461538461538 0.010817307692307692
0 0.6838942307692307 0.40384615384615385 0.007211538461538462 0.007211538461538462
0 0.6550480769230769 0.4014423076923077 0.008413461538461538 0.008413461538461538
0 0.5985576923076923 0.3870192307692308 0.008413461538461538 0.013221153846153846
0 0.9206730769230769 0.3894230769230769 0.008413461538461538 0.008413461538461538
0 0.7199519230769231 0.4963942307692308 0.020432692307692308 0.015625
0 0.7079326923076923 0.5180288461538461 0.010817307692307692 0.008413461538461538
0 0.6862980769230769 0.5360576923076923 0.015625 0.008413461538461538
0 0.9807692307692307 0.49158653846153844 0.007211538461538462 0.008413461538461538
0 0.9663461538461539 0.49278846153846156 0.004807692307692308 0.008413461538461538
0 0.9543269230769231 0.49278846153846156 0.007211538461538462 0.008413461538461538
0 0.9375 0.49158653846153844 0.007211538461538462 0.007211538461538462
0 0.9519230769230769 0.019230769230769232 0.010817307692307692 0.010817307692307692
0 0.9555288461538461 0.08533653846153846 0.010817307692307692 0.013221153846153846
0 0.9459134615384616 0.14182692307692307 0.008413461538461538 0.013221153846153846
0 0.9110576923076923 0.1658653846153846 0.010817307692307692 0.010817307692307692
0 0.9387019230769231 0.17548076923076922 0.008413461538461538 0.008413461538461538
0 0.9735576923076923 0.21754807692307693 0.008413461538461538 0.010817307692307692
0 0.8774038461538461 0.33533653846153844 0.010817307692307692 0.008413461538461538
0 0.7836538461538461 0.18870192307692307 0.008413461538461538 0.008413461538461538
0 0.7764423076923077 0.21153846153846154 0.007211538461538462 0.008413461538461538
0 0.8269230769230769 0.125 0.013221153846153846 0.010817307692307692
0 0.8185096153846154 0.14543269230769232 0.007211538461538462 0.010817307692307692
0 0.8137019230769231 0.16346153846153846 0.015625 0.010817307692307692
0 0.8040865384615384 0.18269230769230768 0.008413461538461538 0.008413461538461538
0 0.8016826923076923 0.20072115384615385 0.008413461538461538 0.013221153846153846
0 0.7932692307692307 0.22115384615384615 0.008413461538461538 0.013221153846153846
0 0.9290865384615384 0.7463942307692307 0.010817307692307692 0.010817307692307692
0 0.9278846153846154 0.7283653846153846 0.008413461538461538 0.010817307692307692
0 0.9326923076923077 0.71875 0.013221153846153846 0.013221153846153846
0 0.2980769230769231 0.65625 0.010817307692307692 0.010817307692307692
0 0.24278846153846154 0.6862980769230769 0.013221153846153846 0.010817307692307692
0 0.24278846153846154 0.7019230769230769 0.008413461538461538 0.010817307692307692
0 0.9170673076923077 0.9663461538461539 0.013221153846153846 0.008413461538461538
0 0.9182692307692307 0.9783653846153846 0.010817307692307692 0.007211538461538462
0 0.9170673076923077 0.9903846153846154 0.008413461538461538 0.007211538461538462
0 0.8209134615384616 0.9591346153846154 0.007211538461538462 0.008413461538461538
0 0.8088942307692307 0.9663461538461539 0.008413461538461538 0.008413461538461538
0 0.8052884615384616 0.9555288461538461 0.007211538461538462 0.008413461538461538