0 0.03485576923076923 0.5793269230769231 0.010817307692307692 0.013221153846153846
0 0.06850961538461539 0.6069711538461539 0.015625 0.015625
0 0.8197115384615384 0.39302884615384615 0.02283653846153846 0.015625
0 0.8233173076923077 0.35697115384615385 0.010817307692307692 0.015625
0 0.8209134615384616 0.265625 0.015625 0.013221153846153846
0 0.8305288461538461 0.12860576923076922 0.013221153846153846 0.018028846153846152
0 0.8233173076923077 0.15144230769230768 0.020432692307692308 0.015625
0 0.8088942307692307 0.19831730769230768 0.013221153846153846 0.013221153846153846
0 0.8016826923076923 0.22115384615384615 0.013221153846153846 0.008413461538461538
0 0.8425480769230769 0.0985576923076923 0.02283653846153846 0.020432692307692308
0 0.7295673076923077 0.06129807692307692 0.018028846153846152 0.013221153846153846
0 0.7944711538461539 0.14182692307692307 0.007211538461538462 0.008413461538461538
0 0.7487980769230769 0.0673076923076923 0.010817307692307692 0.008413461538461538
0 0.6947115384615384 0.04927884615384615 0.007211538461538462 0.013221153846153846