0 0.0673076923076923 0.5264423076923077 0.013221153846153846 0.013221153846153846
0 0.08413461538461539 0.5480769230769231 0.007211538461538462 0.010817307692307692
0 0.4074519230769231 0.004807692307692308 0.013221153846153846 0.008413461538461538
0 0.5685096153846154 0.010817307692307692 0.015625 0.013221153846153846
0 0.5841346153846154 0.021634615384615384 0.015625 0.010817307692307692
0 0.6081730769230769 0.037259615384615384 0.018028846153846152 0.020432692307692308
0 0.6382211538461539 0.04447115384615385 0.015625 0.008413461538461538
0 0.4375 0.019230769230769232 0.013221153846153846 0.010817307692307692
0 0.4807692307692308 0.04927884615384615 0.010817307692307692 0.013221153846153846
0 0.6274038461538461 0.16105769230769232 0.015625 0.015625
0 0.6141826923076923 0.14302884615384615 0.015625 0.015625
0 0.5913461538461539 0.12139423076923077 0.010817307692307692 0.013221153846153846
0 0.5685096153846154 0.109375 0.020432692307692308 0.015625
0 0.5721153846153846 0.09134615384615384 0.008413461538461538 0.010817307692307692
0 0.5564903846153846 0.08052884615384616 0.013221153846153846 0.010817307692307692
0 0.5288461538461539 0.0829326923076923 0.013221153846153846 0.013221153846153846
0 0.5036057692307693 0.06971153846153846 0.010817307692307692 0.013221153846153846
0 0.41225961538461536 0.07091346153846154 0.036057692307692304 0.025240384615384616
0 0.3918269230769231 0.046875 0.026442307692307692 0.02283653846153846
0 0.36658653846153844 0.026442307692307692 0.025240384615384616 0.02283653846153846
0 0.33774038461538464 0.010817307692307692 0.021634615384615384 0.021634615384615384
0 0.45913461538461536 0.11778846153846154 0.018028846153846152 0.015625
0 0.5084134615384616 0.16105769230769232 0.02283653846153846 0.015625
0 0.49399038461538464 0.13341346153846154 0.03365384615384615 0.015625
0 0.5625 0.17067307692307693 0.020432692307692308 0.013221153846153846
0 0.5444711538461539 0.15865384615384615 0.010817307692307692 0.010817307692307692
0 0.5300480769230769 0.1778846153846154 0.015625 0.013221153846153846
0 0.5480769230769231 0.19110576923076922 0.015625 0.013221153846153846
0 0.5733173076923077 0.19471153846153846 0.020432692307692308 0.015625
0 0.5805288461538461 0.20673076923076922 0.026442307692307692 0.02283653846153846
0 0.6634615384615384 0.16947115384615385 0.015625 0.020432692307692308
0 0.6923076923076923 0.15745192307692307 0.025240384615384616 0.026442307692307692
0 0.6899038461538461 0.13221153846153846 0.028846153846153848 0.025240384615384616
0 0.6694711538461539 0.11177884615384616 0.025240384615384616 0.020432692307692308
0 0.6550480769230769 0.09014423076923077 0.018028846153846152 0.03125
0 0.6850961538461539 0.07451923076923077 0.026442307692307692 0.03125
0 0.6334134615384616 0.07572115384615384 0.015625 0.020432692307692308
0 0.16466346153846154 0.11298076923076923 0.018028846153846152 0.018028846153846152
0 0.15504807692307693 0.08052884615384616 0.008413461538461538 0.010817307692307692
0 0.12379807692307693 0.09254807692307693 0.018028846153846152 0.018028846153846152
0 0.20432692307692307 0.15264423076923078 0.010817307692307692 0.008413461538461538
0 0.21634615384615385 0.16346153846153846 0.018028846153846152 0.010817307692307692
0 0.22355769230769232 0.18269230769230768 0.015625 0.013221153846153846
0 0.3581730769230769 0.24639423076923078 0.008413461538461538 0.015625
0 0.3762019230769231 0.25600961538461536 0.018028846153846152 0.020432692307692308
0 0.21514423076923078 0.20552884615384615 0.010817307692307692 0.010817307692307692
0 0.46875 0.2800480769230769 0.02283653846153846 0.025240384615384616
0 0.4483173076923077 0.24158653846153846 0.018028846153846152 0.028846153846153848
0 0.4519230769230769 0.2091346153846154 0.010817307692307692 0.013221153846153846
0 0.4951923076923077 0.2283653846153846 0.02283653846153846 0.020432692307692308
0 0.4831730769230769 0.25841346153846156 0.025240384615384616 0.015625
0 0.5588942307692307 0.2548076923076923 0.013221153846153846 0.013221153846153846
0 0.5600961538461539 0.22355769230769232 0.010817307692307692 0.010817307692307692
0 0.5625 0.23677884615384615 0.026442307692307692 0.013221153846153846
0 0.5120192307692307 0.27283653846153844 0.020432692307692308 0.026442307692307692
0 0.5216346153846154 0.25 0.020432692307692308 0.008413461538461538
0 0.609375 0.2704326923076923 0.015625 0.013221153846153846
0 0.6033653846153846 0.25721153846153844 0.02283653846153846 0.018028846153846152
0 0.5805288461538461 0.25721153846153844 0.015625 0.018028846153846152
0 0.6165865384615384 0.22115384615384615 0.018028846153846152 0.018028846153846152
0 0.6298076923076923 0.25240384615384615 0.015625 0.013221153846153846
0 0.6153846153846154 0.23918269230769232 0.013221153846153846 0.013221153846153846
0 0.6394230769230769 0.28966346153846156 0.008413461538461538 0.010817307692307692
0 0.65625 0.2956730769230769 0.010817307692307692 0.015625
0 0.6165865384615384 0.31971153846153844 0.008413461538461538 0.008413461538461538
0 0.6430288461538461 0.265625 0.010817307692307692 0.013221153846153846
0 0.6706730769230769 0.27163461538461536 0.013221153846153846 0.010817307692307692
0 0.6923076923076923 0.26802884615384615 0.015625 0.013221153846153846
0 0.6790865384615384 0.2439903846153846 0.015625 0.020432692307692308
0 0.6887019230769231 0.21875 0.013221153846153846 0.018028846153846152
0 0.6466346153846154 0.21033653846153846 0.013221153846153846 0.015625
0 0.6514423076923077 0.24639423076923078 0.010817307692307692 0.015625
0 0.6646634615384616 0.2127403846153846 0.008413461538461538 0.015625
0 0.6947115384615384 0.34134615384615385 0.015625 0.020432692307692308
0 0.6742788461538461 0.3173076923076923 0.015625 0.02283653846153846
0 0.6850961538461539 0.29086538461538464 0.018028846153846152 0.018028846153846152
0 0.7259615384615384 0.34134615384615385 0.015625 0.010817307692307692
0 0.7283653846153846 0.3293269230769231 0.010817307692307692 0.013221153846153846
0 0.7692307692307693 0.2800480769230769 0.010817307692307692 0.010817307692307692
0 0.7668269230769231 0.2692307692307692 0.007211538461538462 0.010817307692307692
0 0.7163461538461539 0.22355769230769232 0.02283653846153846 0.02283653846153846
0 0.7439903846153846 0.22355769230769232 0.020432692307692308 0.02283653846153846
0 0.8317307692307693 0.18629807692307693 0.010817307692307692 0.010817307692307692
0 0.8485576923076923 0.16706730769230768 0.015625 0.013221153846153846
0 0.8485576923076923 0.1466346153846154 0.013221153846153846 0.013221153846153846
0 0.8557692307692307 0.27524038461538464 0.013221153846153846 0.013221153846153846
0 0.8413461538461539 0.31490384615384615 0.010817307692307692 0.013221153846153846
0 0.8185096153846154 0.359375 0.010817307692307692 0.010817307692307692
0 0.7235576923076923 0.3557692307692308 0.008413461538461538 0.013221153846153846
0 0.8870192307692307 0.3786057692307692 0.008413461538461538 0.013221153846153846
0 0.8858173076923077 0.3581730769230769 0.010817307692307692 0.013221153846153846
0 0.9194711538461539 0.34975961538461536 0.013221153846153846 0.020432692307692308
0 0.9026442307692307 0.3125 0.008413461538461538 0.008413461538461538
0 0.9471153846153846 0.3293269230769231 0.010817307692307692 0.013221153846153846
0 0.9519230769230769 0.3125 0.010817307692307692 0.010817307692307692
0 0.41947115384615385 0.09735576923076923 0.008413461538461538 0.008413461538461538
0 0.796875 0.0829326923076923 0.008413461538461538 0.008413461538461538
0 0.8125 0.05048076923076923 0.013221153846153846 0.007211538461538462
0 0.8209134615384616 0.03485576923076923 0.007211538461538462 0.010817307692307692
0 0.8533653846153846 0.07932692307692307 0.013221153846153846 0.013221153846153846
0 0.7415865384615384 0.16947115384615385 0.010817307692307692 0.013221153846153846
0 0.7752403846153846 0.23557692307692307 0.008413461538461538 0.007211538461538462
0 0.9170673076923077 0.2439903846153846 0.008413461538461538 0.010817307692307692
0 0.9278846153846154 0.2283653846153846 0.013221153846153846 0.015625
0 0.9567307692307693 0.23677884615384615 0.018028846153846152 0.013221153846153846
0 0.9771634615384616 0.23076923076923078 0.013221153846153846 0.010817307692307692
0 0.9615384615384616 0.21153846153846154 0.013221153846153846 0.008413461538461538
0 0.9507211538461539 0.18028846153846154 0.008413461538461538 0.008413461538461538
0 0.8725961538461539 0.18028846153846154 0.010817307692307692 0.018028846153846152
0 0.8930288461538461 0.16466346153846154 0.010817307692307692 0.013221153846153846
0 0.9086538461538461 0.12259615384615384 0.010817307692307692 0.010817307692307692
0 0.8918269230769231 0.12980769230769232 0.008413461538461538 0.007211538461538462
0 0.8725961538461539 0.1141826923076923 0.010817307692307692 0.007211538461538462
0 0.8737980769230769 0.0985576923076923 0.013221153846153846 0.010817307692307692
0 0.9639423076923077 0.11177884615384616 0.008413461538461538 0.010817307692307692
0 0.9903846153846154 0.1502403846153846 0.010817307692307692 0.010817307692307692
0 0.703125 0.026442307692307692 0.008413461538461538 0.013221153846153846
0 0.7319711538461539 0.004807692307692308 0.008413461538461538 0.008413461538461538
0 0.984375 0.04326923076923077 0.008413461538461538 0.013221153846153846
0 0.6959134615384616 0.04807692307692308 0.008413461538461538 0.010817307692307692
0 0.9230769230769231 0.0985576923076923 0.013221153846153846 0.008413461538461538
0 0.9350961538461539 0.2536057692307692 0.013221153846153846 0.010817307692307692
0 0.9915865384615384 0.5552884615384616 0.010817307692307692 0.010817307692307692
0 0.8990384615384616 0.5084134615384616 0.008413461538461538 0.008413461538461538
0 0.8918269230769231 0.49399038461538464 0.008413461538461538 0.007211538461538462
0 0.8978365384615384 0.5709134615384616 0.010817307692307692 0.010817307692307692
0 0.9134615384615384 0.5661057692307693 0.010817307692307692 0.010817307692307692
0 0.41225961538461536 0.49158653846153844 0.018028846153846152 0.020432692307692308
0 0.5348557692307693 0.5300480769230769 0.020432692307692308 0.020432692307692308
0 0.5841346153846154 0.5384615384615384 0.015625 0.018028846153846152
0 0.3317307692307692 0.5961538461538461 0.015625 0.015625
0 0.12379807692307693 0.5432692307692307 0.018028846153846152 0.018028846153846152
0 0.038461538461538464 0.11658653846153846 0.008413461538461538 0.008413461538461538
0 0.014423076923076924 0.10096153846153846 0.015625 0.013221153846153846
0 0.22716346153846154 0.39663461538461536 0.008413461538461538 0.013221153846153846
0 0.004807692307692308 0.30288461538461536 0.008413461538461538 0.015625
0 0.0889423076923077 0.2512019230769231 0.010817307692307692 0.010817307692307692
0 0.3798076923076923 0.36778846153846156 0.010817307692307692 0.015625
0 0.06009615384615385 0.05889423076923077 0.010817307692307692 0.013221153846153846
0 0.234375 0.06129807692307692 0.013221153846153846 0.018028846153846152