0 0.9747596153846154 0.11658653846153846 0.008413461538461538 0.010817307692307692
0 0.9507211538461539 0.13341346153846154 0.008413461538461538 0.010817307692307692
0 0.7548076923076923 0.13581730769230768 0.008413461538461538 0.010817307692307692
0 0.9098557692307693 0.31490384615384615 0.008413461538461538 0.008413461538461538
0 0.8221153846153846 0.10817307692307693 0.008413461538461538 0.008413461538461538
0 0.8245192307692307 0.09254807692307693 0.008413461538461538 0.008413461538461538
0 0.8257211538461539 0.08052884615384616 0.007211538461538462 0.007211538461538462
0 0.8329326923076923 0.07211538461538461 0.008413461538461538 0.008413461538461538
0 0.8076923076923077 0.014423076923076924 0.010817307692307692 0.015625
0 0.7992788461538461 0.040865384615384616 0.008413461538461538 0.008413461538461538
0 0.8293269230769231 0.04927884615384615 0.008413461538461538 0.013221153846153846
0 0.7572115384615384 0.19471153846153846 0.008413461538461538 0.010817307692307692
0 0.7704326923076923 0.14423076923076922 0.008413461538461538 0.008413461538461538
0 0.7668269230769231 0.16346153846153846 0.010817307692307692 0.010817307692307692
0 0.7776442307692307 0.11658653846153846 0.007211538461538462 0.008413461538461538
0 0.5841346153846154 0.11177884615384616 0.010817307692307692 0.010817307692307692
0 0.6165865384615384 0.09495192307692307 0.013221153846153846 0.013221153846153846
0 0.9194711538461539 0.03485576923076923 0.008413461538461538 0.010817307692307692
0 0.9387019230769231 0.003605769230769231 0.008413461538461538 0.007211538461538462
0 0.9375 0.021634615384615384 0.007211538461538462 0.007211538461538462
0 0.9375 0.042067307692307696 0.008413461538461538 0.007211538461538462
0 0.9567307692307693 0.040865384615384616 0.008413461538461538 0.008413461538461538
0 0.9591346153846154 0.02283653846153846 0.008413461538461538 0.008413461538461538
0 0.9579326923076923 0.003605769230769231 0.007211538461538462 0.007211538461538462
0 0.9759615384615384 0.004807692307692308 0.007211538461538462 0.008413461538461538
0 0.9375 0.06129807692307692 0.013221153846153846 0.008413461538461538
0 0.9387019230769231 0.07932692307692307 0.004807692307692308 0.008413461538461538
0 0.9170673076923077 0.1141826923076923 0.013221153846153846 0.010817307692307692
0 0.9555288461538461 0.09615384615384616 0.008413461538461538 0.007211538461538462
0 0.9747596153846154 0.09735576923076923 0.008413461538461538 0.008413461538461538
0 0.9543269230769231 0.11658653846153846 0.007211538461538462 0.007211538461538462
0 0.9915865384615384 0.13581730769230768 0.007211538461538462 0.007211538461538462
0 0.9927884615384616 0.15384615384615385 0.008413461538461538 0.007211538461538462
0 0.9891826923076923 0.17307692307692307 0.008413461538461538 0.008413461538461538
0 0.9194711538461539 0.07692307692307693 0.008413461538461538 0.008413461538461538
0 0.9194711538461539 0.09615384615384616 0.008413461538461538 0.010817307692307692
0 0.16947115384615385 0.25600961538461536 0.013221153846153846 0.015625
0 0.15625 0.265625 0.015625 0.018028846153846152
0 0.09615384615384616 0.2608173076923077 0.010817307692307692 0.008413461538461538
0 0.10576923076923077 0.27403846153846156 0.013221153846153846 0.010817307692307692
0 0.07932692307692307 0.2776442307692308 0.013221153846153846 0.010817307692307692
0 0.027644230769230768 0.27524038461538464 0.020432692307692308 0.018028846153846152
0 0.08052884615384616 0.2439903846153846 0.015625 0.015625
0 0.042067307692307696 0.12620192307692307 0.020432692307692308 0.02283653846153846