0 0.004807692307692308 0.5120192307692307 0.009615384615384616 0.010817307692307692
0 0.04927884615384615 0.5048076923076923 0.008413461538461538 0.013221153846153846
0 0.09014423076923077 0.5300480769230769 0.013221153846153846 0.025240384615384616
0 0.10216346153846154 0.5793269230769231 0.025240384615384616 0.018028846153846152
0 0.08533653846153846 0.48197115384615385 0.013221153846153846 0.013221153846153846
0 0.09735576923076923 0.45913461538461536 0.008413461538461538 0.008413461538461538
0 0.046875 0.45552884615384615 0.008413461538461538 0.008413461538461538
0 0.08173076923076923 0.28846153846153844 0.010817307692307692 0.013221153846153846
0 0.08052884615384616 0.2620192307692308 0.013221153846153846 0.010817307692307692
0 0.0829326923076923 0.3485576923076923 0.008413461538461538 0.013221153846153846
0 0.08052884615384616 0.234375 0.018028846153846152 0.013221153846153846
0 0.0829326923076923 0.20192307692307693 0.013221153846153846 0.015625
0 0.08052884615384616 0.15264423076923078 0.013221153846153846 0.013221153846153846
0 0.17067307692307693 0.13341346153846154 0.013221153846153846 0.013221153846153846
0 0.17427884615384615 0.11057692307692307 0.007211538461538462 0.008413461538461538
0 0.18269230769230768 0.078125 0.008413461538461538 0.010817307692307692
0 0.08413461538461539 0.037259615384615384 0.010817307692307692 0.010817307692307692
0 0.08052884615384616 0.0889423076923077 0.010817307692307692 0.010817307692307692
0 0.7259615384615384 0.4579326923076923 0.020432692307692308 0.020432692307692308
0 0.6911057692307693 0.484375 0.018028846153846152 0.018028846153846152
0 0.6670673076923077 0.4519230769230769 0.018028846153846152 0.015625
0 0.6334134615384616 0.453125 0.010817307692307692 0.013221153846153846
0 0.17668269230769232 0.43509615384615385 0.010817307692307692 0.018028846153846152
0 0.41947115384615385 0.38461538461538464 0.018028846153846152 0.018028846153846152
0 0.3161057692307692 0.29447115384615385 0.015625 0.015625
0 0.203125 0.4026442307692308 0.018028846153846152 0.013221153846153846
0 0.2091346153846154 0.5841346153846154 0.013221153846153846 0.010817307692307692
0 0.11658653846153846 0.6478365384615384 0.015625 0.010817307692307692
0 0.23557692307692307 0.16947115384615385 0.015625 0.020432692307692308
0 0.23677884615384615 0.10336538461538461 0.013221153846153846 0.013221153846153846
0 0.5637019230769231 0.18509615384615385 0.010817307692307692 0.013221153846153846
0 0.5372596153846154 0.18028846153846154 0.010817307692307692 0.018028846153846152
0 0.53125 0.13341346153846154 0.013221153846153846 0.018028846153846152
0 0.5961538461538461 0.1466346153846154 0.015625 0.018028846153846152
0 0.5697115384615384 0.02403846153846154 0.013221153846153846 0.015625
0 0.3473557692307692 0.18990384615384615 0.013221153846153846 0.010817307692307692
0 0.21153846153846154 0.009615384615384616 0.013221153846153846 0.010817307692307692
0 0.359375 0.057692307692307696 0.007211538461538462 0.015625
0 0.3473557692307692 0.14783653846153846 0.013221153846153846 0.015625
0 0.2956730769230769 0.12259615384615384 0.015625 0.015625
0 0.2620192307692308 0.26322115384615385 0.010817307692307692 0.013221153846153846
0 0.6742788461538461 0.23798076923076922 0.015625 0.015625
0 0.7391826923076923 0.07572115384615384 0.013221153846153846 0.015625
0 0.6826923076923077 0.06610576923076923 0.018028846153846152 0.015625
0 0.47716346153846156 0.09615384615384616 0.018028846153846152 0.015625
0 0.4483173076923077 0.08774038461538461 0.013221153846153846 0.013221153846153846
0 0.41586538461538464 0.3076923076923077 0.010817307692307692 0.010817307692307692
0 0.38822115384615385 0.28365384615384615 0.010817307692307692 0.008413461538461538
0 0.3786057692307692 0.2956730769230769 0.008413461538461538 0.010817307692307692
0 0.3737980769230769 0.3605769230769231 0.008413461538461538 0.008413461538461538
0 0.3870192307692308 0.36538461538461536 0.008413461538461538 0.008413461538461538
0 0.3954326923076923 0.3701923076923077 0.010817307692307692 0.010817307692307692
0 0.3401442307692308 0.25240384615384615 0.013221153846153846 0.008413461538461538
0 0.3485576923076923 0.24158653846153846 0.013221153846153846 0.013221153846153846
0 0.6021634615384616 0.35096153846153844 0.015625 0.018028846153846152
0 0.6057692307692307 0.4266826923076923 0.013221153846153846 0.010817307692307692
0 0.19951923076923078 0.15745192307692307 0.010817307692307692 0.013221153846153846
0 0.6514423076923077 0.09375 0.013221153846153846 0.015625
0 0.4987980769230769 0.015625 0.010817307692307692 0.013221153846153846
0 0.42908653846153844 0.21995192307692307 0.010817307692307692 0.015625
0 0.6237980769230769 0.4735576923076923 0.004807692307692308 0.010817307692307692
0 0.5697115384615384 0.421875 0.013221153846153846 0.015625
0 0.5252403846153846 0.40384615384615385 0.013221153846153846 0.010817307692307692
0 0.4170673076923077 0.3473557692307692 0.013221153846153846 0.018028846153846152
0 0.28365384615384615 0.3870192307692308 0.008413461538461538 0.008413461538461538
0 0.5949519230769231 0.29447115384615385 0.02283653846153846 0.02283653846153846
0 0.21875 0.5504807692307693 0.013221153846153846 0.015625
0 0.22355769230769232 0.49158653846153844 0.025240384615384616 0.018028846153846152
0 0.46875 0.30528846153846156 0.02283653846153846 0.025240384615384616
0 0.046875 0.5504807692307693 0.008413461538461538 0.010817307692307692
0 0.004807692307692308 0.5324519230769231 0.009615384615384616 0.010817307692307692
0 0.05048076923076923 0.40865384615384615 0.010817307692307692 0.010817307692307692
0 0.054086538461538464 0.3641826923076923 0.008413461538461538 0.010817307692307692
0 0.05048076923076923 0.3425480769230769 0.007211538461538462 0.008413461538461538
0 0.05048076923076923 0.32211538461538464 0.010817307692307692 0.013221153846153846
0 0.051682692307692304 0.29927884615384615 0.008413461538461538 0.013221153846153846
0 0.051682692307692304 0.27884615384615385 0.004807692307692308 0.008413461538461538
0 0.04927884615384615 0.25841346153846156 0.008413461538461538 0.008413461538461538
0 0.05048076923076923 0.23677884615384615 0.007211538461538462 0.008413461538461538
0 0.052884615384615384 0.21754807692307693 0.010817307692307692 0.010817307692307692
0 0.05048076923076923 0.19471153846153846 0.007211538461538462 0.007211538461538462
0 0.051682692307692304 0.17427884615384615 0.008413461538461538 0.010817307692307692
0 0.051682692307692304 0.1502403846153846 0.013221153846153846 0.010817307692307692
0 0.052884615384615384 0.10817307692307693 0.007211538461538462 0.008413461538461538
0 0.051682692307692304 0.08774038461538461 0.008413461538461538 0.008413461538461538
0 0.046875 0.06370192307692307 0.008413461538461538 0.007211538461538462
0 0.04927884615384615 0.042067307692307696 0.013221153846153846 0.007211538461538462
0 0.04807692307692308 0.021634615384615384 0.010817307692307692 0.010817307692307692
0 0.7860576923076923 0.0625 0.018028846153846152 0.018028846153846152
0 0.14182692307692307 0.5853365384615384 0.013221153846153846 0.018028846153846152
0 0.30528846153846156 0.3954326923076923 0.020432692307692308 0.028846153846153848