0 0.07109375 0.67421875 0.115625 0.09375
0 0.1390625 0.72578125 0.165625 0.15625
0 0.02890625 0.7234375 0.0578125 0.10546875
0 0.05546875 0.9046875 0.10546875 0.12265625
0 0.175 0.97421875 0.096875 0.0515625
0 0.31953125 0.98046875 0.0890625 0.03828125
0 0.23671875 0.6265625 0.084375 0.09609375
0 0.28359375 0.5765625 0.071875 0.071875
0 0.33984375 0.56484375 0.0578125 0.06484375
0 0.396875 0.55625 0.053125 0.053125
0 0.3703125 0.6078125 0.04296875 0.04296875
0 0.4515625 0.63203125 0.09609375 0.09140625
0 0.4515625 0.5203125 0.07421875 0.084375
0 0.540625 0.4984375 0.09609375 0.0890625
0 0.53359375 0.5875 0.09375 0.0984375
0 0.4390625 0.74375 0.08671875 0.07421875
0 0.55078125 0.75234375 0.1109375 0.13203125
0 0.60234375 0.66796875 0.08671875 0.09375
0 0.640625 0.54296875 0.09375 0.0984375
0 0.64765625 0.43984375 0.0765625 0.11328125
0 0.73203125 0.41953125 0.0984375 0.0890625
0 0.74765625 0.4984375 0.08671875 0.0890625
0 0.7078125 0.58984375 0.084375 0.06484375
0 0.66953125 0.6859375 0.0796875 0.09375
0 0.72734375 0.6609375 0.07421875 0.0890625
0 0.78125 0.646875 0.05078125 0.0796875
0 0.83671875 0.77890625 0.06015625 0.103125
0 0.78515625 0.7859375 0.053125 0.08671875
0 0.7546875 0.87265625 0.1109375 0.09140625
0 0.821875 0.9078125 0.0671875 0.09140625
0 0.61328125 0.90859375 0.06484375 0.05078125
0 0.5875 0.9484375 0.06953125 0.08671875
0 0.640625 0.82421875 0.0625 0.053125
0 0.88828125 0.97578125 0.0890625 0.0484375
0 0.77421875 0.9796875 0.0890625 0.040625