0 0.16953125 0.140625 0.0796875 0.08203125
0 0.26171875 0.19453125 0.071875 0.06484375
0 0.33515625 0.02265625 0.09140625 0.0453125
0 0.36796875 0.08203125 0.0796875 0.071875
0 0.51953125 0.0421875 0.05546875 0.0671875
0 0.6109375 0.0203125 0.084375 0.040625
0 0.6765625 0.0171875 0.06015625 0.03359375
0 0.88671875 0.1359375 0.04296875 0.03828125
0 0.9390625 0.15390625 0.06484375 0.0796875
0 0.603125 0.146875 0.084375 0.08203125
0 0.3703125 0.3546875 0.0484375 0.04296875
0 0.21015625 0.4890625 0.06953125 0.0765625
0 0.0171875 0.50703125 0.03359375 0.05546875
0 0.01796875 0.1859375 0.0359375 0.05078125
0 0.8140625 0.1609375 0.103125 0.07421875
0 0.3703125 0.4125 0.0625 0.0796875
0 0.40234375 0.6046875 0.1390625 0.1203125
0 0.4 0.6734375 0.08671875 0.0625
0 0.36875 0.74140625 0.053125 0.0671875
0 0.21875 0.5765625 0.09140625 0.10078125
0 0.021875 0.5515625 0.04296875 0.02890625
0 0.0171875 0.58671875 0.03359375 0.05078125
0 0.0265625 0.665625 0.053125 0.10078125
0 0.05078125 0.709375 0.06953125 0.06953125
0 0.03515625 0.76328125 0.06953125 0.084375
0 0.040625 0.8359375 0.08125 0.096875
0 0.0359375 0.91953125 0.071875 0.12265625
0 0.25859375 0.95546875 0.08203125 0.0796875
0 0.23671875 0.82578125 0.103125 0.0796875
0 0.2359375 0.76953125 0.0765625 0.06484375
0 0.4125 0.7765625 0.0984375 0.06953125
0 0.43515625 0.83515625 0.09140625 0.08203125
0 0.415625 0.890625 0.125 0.103125
0 0.6609375 0.8296875 0.0796875 0.06484375
0 0.43984375 0.96484375 0.10078125 0.06953125
0 0.9875 0.11796875 0.025 0.0859375
0 0.5890625 0.25703125 0.09375 0.0671875
0 0.62265625 0.2234375 0.03828125 0.0484375
0 0.6671875 0.234375 0.0578125 0.071875
0 0.69921875 0.28828125 0.0796875 0.07421875
0 0.5984375 0.32421875 0.07421875 0.0796875
0 0.64765625 0.34765625 0.0765625 0.0671875
0 0.6 0.39921875 0.0453125 0.05546875
0 0.61875 0.428125 0.09609375 0.071875
0 0.69375 0.39453125 0.053125 0.05546875
0 0.65234375 0.4015625 0.0484375 0.053125
0 0.8171875 0.31875 0.13203125 0.12734375
0 0.7453125 0.23671875 0.0796875 0.0578125
0 0.80625 0.228125 0.10078125 0.0890625
0 0.87109375 0.234375 0.06953125 0.08671875
0 0.91796875 0.2515625 0.0578125 0.0625
0 0.97578125 0.30859375 0.0484375 0.07421875
0 0.9640625 0.24609375 0.071875 0.08203125
0 0.96953125 0.3765625 0.0609375 0.121875
0 0.81640625 0.44921875 0.1390625 0.103125
0 0.6875 0.428125 0.053125 0.0453125
0 0.66015625 0.4640625 0.0796875 0.06484375
0 0.62109375 0.50234375 0.06484375 0.06953125
0 0.62890625 0.55625 0.071875 0.0671875
0 0.8296875 0.50703125 0.08671875 0.06484375
0 0.7828125 0.5828125 0.1421875 0.103125
0 0.7953125 0.5421875 0.11796875 0.1109375
0 0.95625 0.51875 0.0875 0.128125
0 0.9640625 0.6140625 0.06484375 0.0453125
0 0.97421875 0.65390625 0.0515625 0.0453125
0 0.97421875 0.68828125 0.0515625 0.0453125
0 0.96171875 0.71640625 0.07421875 0.040625
0 0.9421875 0.74765625 0.115625 0.05078125
0 0.946875 0.7921875 0.10546875 0.0671875
0 0.9640625 0.8484375 0.071875 0.05546875
0 0.90390625 0.953125 0.0765625 0.071875
0 0.8546875 0.95859375 0.09375 0.0828125
0 0.7921875 0.96875 0.05546875 0.0625
0 0.6859375 0.91796875 0.13203125 0.11328125
0 0.74375 0.96953125 0.053125 0.0609375
0 0.65 0.765625 0.06484375 0.06015625
0 0.65234375 0.72265625 0.0484375 0.0484375
0 0.6421875 0.6828125 0.071875 0.0453125
0 0.79296875 0.6515625 0.0578125 0.06484375
0 0.6265625 0.59765625 0.05546875 0.04296875
0 0.6546875 0.615625 0.04296875 0.06484375
0 0.62109375 0.62109375 0.053125 0.03359375
0 0.6359375 0.64765625 0.06015625 0.0359375
0 0.19140625 0.34609375 0.03359375 0.03828125
0 0.56953125 0.68359375 0.02421875 0.0265625
0 0.58203125 0.771875 0.03359375 0.0265625
0 0.59140625 0.80390625 0.040625 0.0484375
0 0.6 0.8859375 0.03828125 0.0484375
0 0.615625 0.9328125 0.0265625 0.03359375
0 0.7859375 0.9078125 0.03828125 0.03828125