0 0.171875 0.0734375 0.0453125 0.0484375
0 0.0921875 0.15 0.06015625 0.05546875
0 0.35546875 0.04296875 0.06953125 0.06953125
0 0.4578125 0.02734375 0.084375 0.0546875
0 0.4234375 0.0828125 0.09609375 0.08671875
0 0.38828125 0.1609375 0.09140625 0.09609375
0 0.453125 0.1671875 0.0625 0.07421875
0 0.4046875 0.23046875 0.0796875 0.07421875
0 0.453125 0.234375 0.06015625 0.0796875
0 0.49609375 0.24609375 0.0890625 0.0671875
0 0.22578125 0.26328125 0.084375 0.09609375
0 0.05859375 0.390625 0.05546875 0.05078125
0 0.11875 0.3578125 0.06484375 0.071875
0 0.14921875 0.3765625 0.06015625 0.0671875
0 0.209375 0.35703125 0.05546875 0.0484375
0 0.1875 0.38359375 0.04296875 0.0453125
0 0.22265625 0.39453125 0.0484375 0.0453125
0 0.15625 0.42890625 0.06015625 0.0484375
0 0.11171875 0.46015625 0.05546875 0.06015625
0 0.05859375 0.46875 0.0484375 0.053125
0 0.11328125 0.521875 0.071875 0.05078125
0 0.18046875 0.509375 0.06015625 0.05546875
0 0.25 0.615625 0.0453125 0.0453125
0 0.21484375 0.68984375 0.06484375 0.0671875
0 0.1515625 0.7125 0.09140625 0.053125
0 0.1 0.7484375 0.06953125 0.06484375
0 0.1046875 0.80078125 0.05546875 0.0484375
0 0.1296875 0.834375 0.05078125 0.05546875
0 0.171875 0.8703125 0.1078125 0.103125
0 0.05625 0.8890625 0.08671875 0.084375
0 0.4203125 0.89453125 0.10546875 0.10078125
0 0.5453125 0.6984375 0.07421875 0.06953125
0 0.52265625 0.62109375 0.05546875 0.06953125
0 0.4046875 0.7359375 0.0578125 0.053125
0 0.3609375 0.69921875 0.08203125 0.06484375
0 0.32109375 0.55625 0.06015625 0.07421875
0 0.34375 0.5359375 0.06484375 0.07421875
0 0.384375 0.509375 0.0484375 0.05078125
0 0.2828125 0.30625 0.0984375 0.06484375
0 0.27890625 0.3484375 0.053125 0.0484375
0 0.34375 0.34375 0.08203125 0.0671875
0 0.3703125 0.303125 0.08671875 0.06953125
0 0.31953125 0.38671875 0.0765625 0.0671875
0 0.34140625 0.43984375 0.06484375 0.07421875
0 0.41015625 0.39921875 0.0453125 0.0484375
0 0.7015625 0.1453125 0.06953125 0.06484375
0 0.7671875 0.1390625 0.06015625 0.05078125
0 0.83515625 0.06640625 0.0984375 0.09375
0 0.97421875 0.03984375 0.0515625 0.0796875
0 0.978125 0.1671875 0.04296875 0.06953125
0 0.9375 0.21875 0.0484375 0.0890625
0 0.74375 0.2703125 0.0625 0.06015625
0 0.97734375 0.2296875 0.0453125 0.06953125
0 0.98515625 0.30234375 0.0296875 0.0859375
0 0.978125 0.384375 0.04296875 0.0671875
0 0.86171875 0.28984375 0.0578125 0.06953125
0 0.665625 0.24140625 0.0578125 0.06953125
0 0.61171875 0.2828125 0.05546875 0.06015625
0 0.66796875 0.2984375 0.06484375 0.0625
0 0.62734375 0.34765625 0.06953125 0.09375
0 0.5625 0.38125 0.08203125 0.06953125
0 0.525 0.4171875 0.071875 0.0578125
0 0.61796875 0.44140625 0.0484375 0.06015625
0 0.5796875 0.50859375 0.0671875 0.0796875
0 0.63828125 0.5453125 0.0578125 0.0484375
0 0.475 0.521875 0.053125 0.05078125
0 0.4515625 0.55078125 0.040625 0.03359375
0 0.5015625 0.43046875 0.0484375 0.0625
0 0.4703125 0.44453125 0.053125 0.0625
0 0.43515625 0.47109375 0.06015625 0.053125
0 0.40859375 0.396875 0.05078125 0.05078125
0 0.76171875 0.69609375 0.09609375 0.09140625
0 0.9796875 0.459375 0.040625 0.08203125
0 0.91484375 0.58671875 0.09375 0.1203125
0 0.85703125 0.6890625 0.0796875 0.07421875
0 0.9734375 0.5421875 0.053125 0.08203125
0 0.97578125 0.61328125 0.0484375 0.08671875
0 0.875 0.75859375 0.06484375 0.09375
0 0.93984375 0.6921875 0.0984375 0.0796875
0 0.92890625 0.7671875 0.0796875 0.06953125
0 0.85234375 0.87265625 0.0453125 0.04296875
0 0.6078125 0.88828125 0.071875 0.053125
0 0.6875 0.921875 0.09375 0.0671875
0 0.609375 0.9328125 0.08671875 0.06015625
0 0.60078125 0.97578125 0.1203125 0.0484375
0 0.6828125 0.9640625 0.09140625 0.071875
0 0.734375 0.96484375 0.04296875 0.06953125
0 0.7765625 0.95625 0.075 0.0875
0 0.8421875 0.92578125 0.08671875 0.07421875
0 0.85546875 0.98203125 0.09375 0.0359375
0 0.97734375 0.8484375 0.0453125 0.06015625
0 0.93359375 0.8953125 0.0625 0.06015625
0 0.9078125 0.93984375 0.07421875 0.0890625
0 0.97578125 0.9 0.0484375 0.08203125
0 0.95078125 0.971875 0.0984375 0.05625
0 0.396875 0.8015625 0.07421875 0.08203125
0 0.3234375 0.834375 0.06015625 0.06953125
0 0.01796875 0.2328125 0.0359375 0.071875