0 0.02734375 0.04296875 0.0546875 0.0859375
0 0.09765625 0.03828125 0.09140625 0.0765625
0 0.03515625 0.11328125 0.06953125 0.06015625
0 0.0953125 0.10703125 0.0625 0.06015625
0 0.03515625 0.1765625 0.06953125 0.0765625
0 0.08203125 0.1921875 0.0484375 0.0484375
0 0.1390625 0.20078125 0.03828125 0.03828125
0 0.16015625 0.13359375 0.0765625 0.09609375
0 0.18515625 0.18984375 0.03828125 0.03359375
0 0.03359375 0.23046875 0.05078125 0.05078125
0 0.07421875 0.25859375 0.0359375 0.05546875
0 0.103125 0.271875 0.05546875 0.0625
0 0.015625 0.3109375 0.03125 0.05546875
0 0.06484375 0.31015625 0.0765625 0.06953125
0 0.14453125 0.27265625 0.0453125 0.06953125
0 0.04453125 0.35234375 0.0484375 0.04296875
0 0.0265625 0.37109375 0.053125 0.0453125
0 0.08203125 0.38203125 0.053125 0.0453125
0 0.02421875 0.41015625 0.0484375 0.0453125
0 0.04296875 0.48828125 0.040625 0.05078125
0 0.08984375 0.4390625 0.06953125 0.06953125
0 0.09140625 0.49765625 0.05546875 0.053125
0 0.03359375 0.65859375 0.0671875 0.06484375
0 0.0203125 0.70078125 0.040625 0.06953125
0 0.03984375 0.85546875 0.07421875 0.084375
0 0.07421875 0.8734375 0.07421875 0.084375
0 0.15 0.8609375 0.0578125 0.0578125
0 0.2015625 0.87890625 0.06015625 0.0578125
0 0.24765625 0.890625 0.0453125 0.05078125
0 0.2796875 0.89453125 0.05546875 0.0484375
0 0.31953125 0.89453125 0.03359375 0.0359375
0 0.3640625 0.9125 0.053125 0.0671875
0 0.4015625 0.8953125 0.040625 0.053125
0 0.4484375 0.89921875 0.07421875 0.0671875
0 0.459375 0.9671875 0.05078125 0.06484375
0 0.40625 0.96875 0.0796875 0.0625
0 0.46875 0.83515625 0.06953125 0.0765625
0 0.43046875 0.8078125 0.07421875 0.08203125
0 0.446875 0.6921875 0.06015625 0.06953125
0 0.4953125 0.69140625 0.06484375 0.0765625
0 0.4671875 0.61328125 0.0765625 0.071875
0 0.43359375 0.578125 0.0625 0.0578125
0 0.2828125 0.5375 0.07421875 0.07421875
0 0.3390625 0.53515625 0.03828125 0.03828125
0 0.15859375 0.50859375 0.0671875 0.06015625
0 0.22265625 0.48046875 0.0453125 0.05078125
0 0.23203125 0.2984375 0.0625 0.0671875
0 0.1890625 0.290625 0.05078125 0.053125
0 0.2546875 0.265625 0.02890625 0.03359375
0 0.2046875 0.0640625 0.06484375 0.06953125
0 0.16015625 0.01171875 0.0421875 0.0234375
0 0.25390625 0.025 0.1109375 0.05
0 0.2453125 0.15625 0.02890625 0.0265625
0 0.41796875 0.1453125 0.04296875 0.03828125
0 0.46875 0.1515625 0.03828125 0.040625
0 0.49140625 0.16953125 0.040625 0.0359375
0 0.5265625 0.20546875 0.03359375 0.0484375
0 0.4953125 0.21171875 0.0453125 0.0625
0 0.478125 0.02421875 0.0484375 0.0484375
0 0.43359375 0.021875 0.05078125 0.04296875
0 0.54453125 0.0359375 0.06953125 0.06953125
0 0.646875 0.040625 0.0625 0.06015625
0 0.58984375 0.2796875 0.06484375 0.0984375
0 0.51171875 0.2921875 0.06015625 0.06015625
0 0.453125 0.32421875 0.0453125 0.053125
0 0.4390625 0.26796875 0.0484375 0.0453125
0 0.421875 0.3171875 0.040625 0.05546875
0 0.5046875 0.4015625 0.02890625 0.040625
0 0.49609375 0.509375 0.03359375 0.0359375
0 0.5625 0.42890625 0.05546875 0.084375
0 0.61171875 0.4328125 0.06015625 0.07421875
0 0.6046875 0.48671875 0.05546875 0.05078125
0 0.5890625 0.5421875 0.03828125 0.04296875
0 0.59140625 0.5796875 0.03828125 0.04296875
0 0.5640625 0.59765625 0.03828125 0.053125
0 0.553125 0.68984375 0.05546875 0.05546875
0 0.59609375 0.6421875 0.053125 0.071875
0 0.64296875 0.64765625 0.0453125 0.05078125
0 0.68046875 0.62734375 0.0453125 0.06953125
0 0.7328125 0.6390625 0.04296875 0.053125
0 0.790625 0.6515625 0.06953125 0.0453125
0 0.78359375 0.609375 0.0796875 0.05546875
0 0.87890625 0.5734375 0.0484375 0.03828125
0 0.85 0.59609375 0.05546875 0.05078125
0 0.8609375 0.6609375 0.06484375 0.053125
0 0.9515625 0.58671875 0.08671875 0.05078125
0 0.90390625 0.615625 0.0484375 0.04296875
0 0.9015625 0.6453125 0.040625 0.05078125
0 0.9265625 0.665625 0.0453125 0.04296875
0 0.97734375 0.65390625 0.04296875 0.0765625
0 0.95078125 0.7046875 0.053125 0.06953125
0 0.97734375 0.7234375 0.04296875 0.06484375
0 0.9265625 0.7703125 0.08671875 0.08203125
0 0.959375 0.82421875 0.03828125 0.0453125
0 0.7953125 0.81875 0.06484375 0.0671875
0 0.7453125 0.80859375 0.05078125 0.05078125
0 0.665625 0.8140625 0.0578125 0.05546875
0 0.56953125 0.75234375 0.06015625 0.071875
0 0.61796875 0.7796875 0.05078125 0.06015625
0 0.5671875 0.80859375 0.06015625 0.04296875
0 0.6140625 0.8484375 0.07421875 0.0796875
0 0.56484375 0.85 0.0484375 0.040625
0 0.525 0.94140625 0.05546875 0.05546875
0 0.5765625 0.94140625 0.071875 0.0671875
0 0.61015625 0.97421875 0.0703125 0.0515625
0 0.54296875 0.98046875 0.07421875 0.03828125
0 0.09765625 0.61875 0.0265625 0.0265625
0 0.103125 0.546875 0.02890625 0.03125
0 0.05078125 0.609375 0.03125 0.03125
0 0.1 0.59140625 0.03125 0.02890625
0 0.06015625 0.53984375 0.03125 0.03125
0 0.053125 0.58046875 0.0265625 0.02421875
0 0.053125 0.56015625 0.02421875 0.0265625
0 0.078125 0.56484375 0.0265625 0.02890625
0 0.07421875 0.58671875 0.02890625 0.02890625
0 0.08515625 0.540625 0.02421875 0.02890625
0 0.5640625 0.88203125 0.03828125 0.040625
0 0.6921875 0.978125 0.084375 0.04296875
0 0.83515625 0.97109375 0.05078125 0.05546875
0 0.87109375 0.9640625 0.040625 0.03828125
0 0.8796875 0.98671875 0.04296875 0.0265625
0 0.9265625 0.9671875 0.06953125 0.06015625
0 0.9734375 0.9015625 0.053125 0.071875
0 0.978125 0.96640625 0.04296875 0.0671875
0 0.946875 0.46484375 0.0625 0.0578125
0 0.94140625 0.38828125 0.03359375 0.0359375
0 0.96640625 0.259375 0.0671875 0.07421875
0 0.9265625 0.228125 0.06953125 0.05078125
0 0.953125 0.115625 0.09375 0.0625
0 0.95859375 0.07265625 0.0828125 0.0546875
0 0.96015625 0.03359375 0.0796875 0.040625
0 0.9578125 0.0140625 0.084375 0.028125