0 0.0328125 0.02421875 0.06484375 0.0484375
0 0.16796875 0.0203125 0.07421875 0.040625
0 0.07109375 0.0890625 0.06953125 0.06015625
0 0.12265625 0.0796875 0.071875 0.05078125
0 0.025 0.2 0.05 0.09375
0 0.06875 0.24140625 0.0625 0.0671875
0 0.31875 0.03828125 0.0453125 0.04296875
0 0.28828125 0.071875 0.0484375 0.03828125
0 0.25234375 0.103125 0.0578125 0.0484375
0 0.23203125 0.134375 0.0625 0.0453125
0 0.19140625 0.16015625 0.06953125 0.05078125
0 0.209375 0.2015625 0.06953125 0.05546875
0 0.17890625 0.234375 0.0453125 0.03828125
0 0.11796875 0.7359375 0.08203125 0.0796875
0 0.16953125 0.74609375 0.040625 0.03828125
0 0.1890625 0.728125 0.04296875 0.053125
0 0.09765625 0.8859375 0.0578125 0.0453125
0 0.27734375 0.6625 0.0625 0.053125
0 0.2828125 0.5578125 0.06015625 0.0578125
0 0.33515625 0.42890625 0.06484375 0.0453125
0 0.3453125 0.4828125 0.09375 0.084375
0 0.46015625 0.4203125 0.0453125 0.03828125
0 0.50390625 0.3390625 0.05546875 0.05078125
0 0.5625 0.3015625 0.0453125 0.053125
0 0.61875 0.275 0.03828125 0.0453125
0 0.65625 0.25 0.0359375 0.03125
0 0.696875 0.28359375 0.06015625 0.05546875
0 0.6109375 0.334375 0.03828125 0.03359375
0 0.5828125 0.34609375 0.04296875 0.0359375
0 0.9671875 0.4359375 0.06484375 0.0796875
0 0.93515625 0.48671875 0.05546875 0.06953125
0 0.97734375 0.4984375 0.0453125 0.084375
0 0.95546875 0.5875 0.06015625 0.06484375
0 0.9046875 0.61875 0.0796875 0.0625
0 0.9203125 0.66328125 0.05078125 0.05078125
0 0.96171875 0.69140625 0.053125 0.0765625
0 0.4421875 0.60546875 0.0484375 0.040625
0 0.640625 0.43984375 0.0453125 0.040625
0 0.671875 0.45546875 0.0578125 0.04296875
0 0.32578125 0.9125 0.06484375 0.06484375
0 0.396875 0.859375 0.0484375 0.05078125
0 0.4546875 0.9484375 0.05546875 0.0484375
0 0.475 0.98203125 0.04296875 0.0359375
0 0.521875 0.8734375 0.09609375 0.06953125
0 0.5328125 0.93046875 0.0796875 0.071875
0 0.5984375 0.83515625 0.06484375 0.07421875
0 0.64453125 0.85703125 0.09375 0.07421875
0 0.61171875 0.8921875 0.09375 0.06015625
0 0.63203125 0.7140625 0.08203125 0.09375
0 0.78125 0.50625 0.0453125 0.040625
0 0.97109375 0.80390625 0.0578125 0.103125
0 0.74140625 0.7171875 0.05546875 0.06484375
0 0.78984375 0.69609375 0.06015625 0.0671875
0 0.8015625 0.7296875 0.11328125 0.05078125
0 0.84609375 0.77265625 0.11328125 0.06015625
0 0.7125 0.76796875 0.06953125 0.06953125
0 0.7328125 0.796875 0.05546875 0.040625
0 0.74375 0.834375 0.06484375 0.1109375
0 0.83515625 0.8140625 0.0984375 0.09609375
0 0.81484375 0.8921875 0.071875 0.06015625
0 0.796875 0.83671875 0.06484375 0.09140625
0 0.8921875 0.9640625 0.0890625 0.071875
0 0.95390625 0.95625 0.0859375 0.0875