0 0.38359375 0.071875 0.0671875 0.07421875
0 0.4484375 0.05625 0.053125 0.053125
0 0.18046875 0.30859375 0.06015625 0.07421875
0 0.12109375 0.2328125 0.04296875 0.0453125
0 0.14453125 0.26328125 0.04296875 0.0484375
0 0.0328125 0.3328125 0.040625 0.03828125
0 0.1109375 0.40859375 0.040625 0.0453125
0 0.02890625 0.55390625 0.0578125 0.09609375
0 0.02265625 0.6390625 0.0453125 0.084375
0 0.02265625 0.80078125 0.0453125 0.06484375
0 0.071875 0.8296875 0.07421875 0.0890625
0 0.103125 0.89296875 0.06484375 0.0671875
0 0.13359375 0.9484375 0.0453125 0.05546875
0 0.15 0.97578125 0.05546875 0.0484375
0 0.20703125 0.9546875 0.06484375 0.0625
0 0.25 0.91953125 0.05546875 0.0578125
0 0.28828125 0.95546875 0.040625 0.03828125
0 0.27421875 0.884375 0.06484375 0.0671875
0 0.3171875 0.8703125 0.04296875 0.0453125
0 0.2171875 0.7203125 0.0453125 0.04296875
0 0.21640625 0.6875 0.0453125 0.03828125
0 0.1515625 0.4203125 0.03828125 0.04296875
0 0.2984375 0.45703125 0.06015625 0.0578125
0 0.4328125 0.24140625 0.04296875 0.04296875
0 0.53984375 0.17578125 0.05546875 0.06015625
0 0.546875 0.125 0.04296875 0.0453125
0 0.59375 0.1609375 0.08203125 0.084375
0 0.6515625 0.11875 0.03125 0.03828125
0 0.6078125 0.109375 0.0671875 0.06015625
0 0.6421875 0.21640625 0.06484375 0.071875
0 0.62734375 0.0421875 0.053125 0.05078125
0 0.73203125 0.05546875 0.0671875 0.0765625
0 0.80078125 0.0375 0.06953125 0.07421875
0 0.80859375 0.07578125 0.07421875 0.04296875
0 0.8234375 0.10546875 0.08671875 0.06953125
0 0.896875 0.1875 0.084375 0.0890625
0 0.865625 0.1390625 0.084375 0.06484375
0 0.9390625 0.2484375 0.0796875 0.05546875
0 0.896875 0.303125 0.0671875 0.06015625
0 0.78984375 0.38671875 0.071875 0.06953125
0 0.8265625 0.41953125 0.06015625 0.0796875
0 0.75390625 0.43359375 0.08203125 0.09140625
0 0.55625 0.4171875 0.07421875 0.08203125
0 0.47109375 0.40390625 0.09140625 0.0984375
0 0.515625 0.47109375 0.07421875 0.07421875
0 0.48828125 0.19140625 0.0359375 0.03359375
0 0.14453125 0.484375 0.0453125 0.04296875
0 0.1890625 0.5046875 0.03828125 0.04296875
0 0.0640625 0.9796875 0.06484375 0.040625
0 0.1453125 0.86171875 0.0453125 0.04296875
0 0.3375 0.9234375 0.06953125 0.06484375
0 0.3859375 0.853125 0.07421875 0.08671875
0 0.43046875 0.81640625 0.0625 0.0625
0 0.33984375 0.8296875 0.0625 0.05546875
0 0.3953125 0.7859375 0.07421875 0.06015625
0 0.4703125 0.71640625 0.0484375 0.05546875
0 0.41015625 0.70078125 0.0796875 0.06953125
0 0.42890625 0.6578125 0.0796875 0.06484375
0 0.3609375 0.584375 0.040625 0.03828125
0 0.40625 0.4359375 0.040625 0.03828125
0 0.396875 0.396875 0.05078125 0.053125
0 0.5421875 0.9515625 0.0578125 0.06015625
0 0.48359375 0.9875 0.0421875 0.025
0 0.6203125 0.86875 0.06953125 0.06484375
0 0.6578125 0.78359375 0.0484375 0.053125
0 0.5640625 0.7015625 0.05546875 0.05546875
0 0.57578125 0.6609375 0.03359375 0.03359375
0 0.54296875 0.73671875 0.03359375 0.04296875
0 0.5046875 0.76796875 0.0265625 0.03125
0 0.41328125 0.73828125 0.0484375 0.05078125
0 0.640625 0.63359375 0.0578125 0.05546875
0 0.734375 0.72109375 0.0625 0.0625
0 0.66328125 0.978125 0.08203125 0.04296875
0 0.68984375 0.9359375 0.0625 0.06015625
0 0.72109375 0.89296875 0.0484375 0.0578125
0 0.7609375 0.91953125 0.05078125 0.0578125
0 0.75390625 0.8734375 0.05546875 0.0625
0 0.80546875 0.884375 0.053125 0.05546875
0 0.834375 0.85703125 0.0578125 0.053125
0 0.8015625 0.82109375 0.053125 0.06953125
0 0.85078125 0.81875 0.053125 0.053125
0 0.89296875 0.75 0.06953125 0.0890625
0 0.92890625 0.709375 0.06015625 0.0765625
0 0.9796875 0.68984375 0.040625 0.06484375
0 0.9875 0.89296875 0.025 0.0265625
0 0.821875 0.66953125 0.0796875 0.09140625
0 0.89296875 0.5921875 0.06015625 0.05546875
0 0.9484375 0.55078125 0.04296875 0.03828125
0 0.97734375 0.52421875 0.03828125 0.04296875
0 0.928125 0.5171875 0.053125 0.05546875
0 0.665625 0.01796875 0.10546875 0.0359375
0 0.69921875 0.47734375 0.06953125 0.07421875
0 0.728125 0.54921875 0.05078125 0.0484375
0 0.665625 0.53125 0.0671875 0.08671875
0 0.50625 0.915625 0.02421875 0.03359375
0 0.10234375 0.63359375 0.0453125 0.04296875
0 0.084375 0.21171875 0.02890625 0.03125
0 0.0328125 0.1578125 0.03125 0.02890625
0 0.30546875 0.2015625 0.0265625 0.02890625
0 0.28359375 0.18515625 0.0265625 0.0265625