0 0.134375 0.1625 0.03125 0.03359375
0 0.2046875 0.06953125 0.02890625 0.02890625
0 0.053125 0.03515625 0.04296875 0.03828125
0 0.01328125 0.01953125 0.0265625 0.03828125
0 0.13671875 0.275 0.0578125 0.0578125
0 0.01171875 0.07421875 0.0234375 0.0484375
0 0.18359375 0.22109375 0.0578125 0.06484375
0 0.2453125 0.21875 0.06015625 0.05078125
0 0.08515625 0.3453125 0.06015625 0.0578125
0 0.04921875 0.38203125 0.053125 0.05078125
0 0.02734375 0.428125 0.0546875 0.065625
0 0.1296875 0.353125 0.03828125 0.0453125
0 0.16484375 0.365625 0.03359375 0.040625
0 0.19921875 0.3765625 0.0453125 0.05078125
0 0.2390625 0.40234375 0.05546875 0.071875
0 0.2875 0.421875 0.0578125 0.0578125
0 0.29453125 0.3765625 0.05546875 0.0453125
0 0.3078125 0.24140625 0.0453125 0.04296875
0 0.240625 0.15 0.05546875 0.06015625
0 0.2828125 0.10234375 0.03125 0.02421875
0 0.30625 0.05390625 0.02890625 0.02890625
0 0.3453125 0.19375 0.0265625 0.0265625
0 0.36328125 0.19609375 0.021875 0.0265625
0 0.3328125 0.2671875 0.053125 0.03828125
0 0.41484375 0.27734375 0.03125 0.03125
0 0.4359375 0.24375 0.0453125 0.03828125
0 0.35 0.3765625 0.04296875 0.0578125
0 0.34375 0.4359375 0.05078125 0.06484375
0 0.39453125 0.44140625 0.071875 0.0796875
0 0.4640625 0.17578125 0.071875 0.0765625
0 0.4796875 0.09609375 0.06953125 0.06953125
0 0.5203125 0.06015625 0.06015625 0.05078125
0 0.57890625 0.0296875 0.0609375 0.059375
0 0.525 0.021875 0.0578125 0.04296875
0 0.68125 0.08515625 0.02890625 0.0265625
0 0.6140625 0.1921875 0.05078125 0.0578125
0 0.4484375 0.453125 0.0578125 0.0671875
0 0.4734375 0.48203125 0.06015625 0.0671875
0 0.521875 0.44375 0.04296875 0.05078125
0 0.546875 0.41015625 0.02421875 0.0265625
0 0.521875 0.49140625 0.05546875 0.06015625
0 0.5734375 0.51171875 0.0484375 0.0578125
0 0.603125 0.5328125 0.04296875 0.05546875
0 0.25703125 0.52890625 0.05078125 0.05078125
0 0.08671875 0.5890625 0.03828125 0.0359375
0 0.06875 0.5671875 0.0359375 0.03828125
0 0.0828125 0.7984375 0.0578125 0.06953125
0 0.11875 0.9125 0.03359375 0.03828125
0 0.07578125 0.9234375 0.0453125 0.04296875
0 0.15859375 0.85546875 0.040625 0.03359375
0 0.15234375 0.81875 0.04296875 0.03828125
0 0.271875 0.96875 0.0484375 0.053125
0 0.13359375 0.63828125 0.06484375 0.06953125
0 0.19453125 0.5921875 0.06015625 0.0578125
0 0.21171875 0.5578125 0.03828125 0.03828125
0 0.2390625 0.5796875 0.04296875 0.05546875
0 0.25859375 0.61875 0.04296875 0.05078125
0 0.2234375 0.64765625 0.05078125 0.0578125
0 0.27421875 0.67578125 0.05078125 0.0578125
0 0.31015625 0.6109375 0.05078125 0.06484375
0 0.3546875 0.6203125 0.0453125 0.0671875
0 0.32578125 0.6703125 0.0578125 0.06484375
0 0.39453125 0.64921875 0.053125 0.06484375
0 0.45703125 0.65390625 0.06484375 0.0625
0 0.60234375 0.6234375 0.053125 0.06015625
0 0.60078125 0.578125 0.0453125 0.0484375
0 0.521875 0.67421875 0.07421875 0.06484375
0 0.428125 0.69140625 0.03828125 0.04296875
0 0.3953125 0.6984375 0.040625 0.04296875
0 0.4234375 0.7390625 0.0484375 0.05546875
0 0.38125 0.7515625 0.040625 0.040625
0 0.33046875 0.7390625 0.05078125 0.0625
0 0.3421875 0.8125 0.04296875 0.06484375
0 0.390625 0.79921875 0.05546875 0.06015625
0 0.44140625 0.7953125 0.0453125 0.04296875
0 0.4515625 0.84609375 0.08203125 0.06953125
0 0.515625 0.8421875 0.06015625 0.0671875
0 0.56640625 0.91015625 0.0578125 0.0625
0 0.34765625 0.98515625 0.0953125 0.0296875
0 0.521875 0.7453125 0.09609375 0.0984375
0 0.59765625 0.6890625 0.09140625 0.08671875
0 0.6546875 0.71875 0.05546875 0.0625
0 0.671875 0.75703125 0.0453125 0.04296875
0 0.64453125 0.796875 0.040625 0.05546875
0 0.609375 0.80625 0.05546875 0.06484375
0 0.740625 0.81640625 0.0890625 0.0484375
0 0.68046875 0.60234375 0.05546875 0.04296875
0 0.76796875 0.25859375 0.0625 0.06015625
0 0.7390625 0.1453125 0.0453125 0.05078125
0 0.76171875 0.084375 0.0484375 0.0453125
0 0.865625 0.1625 0.04296875 0.04296875
0 0.978125 0.234375 0.04296875 0.0578125
0 0.8125 0.20546875 0.040625 0.03359375
0 0.896875 0.3859375 0.0359375 0.04296875
0 0.9703125 0.65625 0.04296875 0.0453125
0 0.76328125 0.6296875 0.053125 0.08203125
0 0.72578125 0.6546875 0.053125 0.053125
0 0.7203125 0.6984375 0.06484375 0.05546875
0 0.78359375 0.734375 0.0765625 0.08203125
0 0.8265625 0.7015625 0.0890625 0.09375
0 0.89296875 0.7828125 0.08671875 0.08203125
0 0.8453125 0.765625 0.0359375 0.05078125
0 0.97421875 0.9796875 0.0515625 0.0375
0 0.19375 0.49609375 0.0484375 0.06015625
0 0.97421875 0.81015625 0.0515625 0.0421875
0 0.89765625 0.678125 0.0578125 0.06484375
0 0.9 0.59375 0.0484375 0.053125
0 0.640625 0.13828125 0.021875 0.01953125