0 0.02734375 0.084375 0.0546875 0.1125
0 0.0890625 0.03984375 0.1109375 0.0796875
0 0.1390625 0.10546875 0.06953125 0.0765625
0 0.078125 0.1234375 0.07421875 0.0890625
0 0.05546875 0.19453125 0.08671875 0.09375
0 0.1625 0.17890625 0.10546875 0.0671875
0 0.140625 0.2203125 0.09375 0.06953125
0 0.1984375 0.271875 0.11796875 0.103125
0 0.22734375 0.34765625 0.12734375 0.09140625
0 0.29296875 0.4234375 0.09609375 0.11328125
0 0.02890625 0.3890625 0.0484375 0.0453125
0 0.06484375 0.43359375 0.06015625 0.0625
0 0.1390625 0.509375 0.06484375 0.06015625
0 0.2125 0.5359375 0.0890625 0.10078125
0 0.16796875 0.61796875 0.09375 0.11796875
0 0.0890625 0.578125 0.0625 0.0578125
0 0.0875 0.63203125 0.06953125 0.0578125
0 0.05390625 0.68046875 0.0578125 0.071875
0 0.11171875 0.70546875 0.0671875 0.0796875
0 0.21171875 0.7125 0.053125 0.0671875
0 0.24609375 0.68515625 0.0484375 0.04296875
0 0.2953125 0.66796875 0.0765625 0.1109375
0 0.2703125 0.725 0.05546875 0.0625
0 0.35078125 0.7328125 0.06015625 0.05546875
0 0.35703125 0.771875 0.05078125 0.0578125
0 0.38828125 0.81015625 0.05546875 0.05546875
0 0.4265625 0.7703125 0.053125 0.053125
0 0.4734375 0.75703125 0.0625 0.06953125
0 0.478125 0.8140625 0.05078125 0.06484375
0 0.4390625 0.821875 0.053125 0.0578125
0 0.41796875 0.9015625 0.0984375 0.115625
0 0.53828125 0.92421875 0.08671875 0.07421875
0 0.54296875 0.859375 0.0578125 0.05078125
0 0.196875 0.8453125 0.05546875 0.04296875
0 0.21484375 0.80546875 0.04296875 0.04296875
0 0.1265625 0.83671875 0.0765625 0.134375
0 0.046875 0.84609375 0.09375 0.10078125
0 0.084375 0.953125 0.16796875 0.0890625
0 0.33984375 0.51328125 0.16328125 0.115625
0 0.3921875 0.55625 0.10546875 0.08671875
0 0.4625 0.61875 0.09609375 0.14921875
0 0.578125 0.71015625 0.125 0.14453125
0 0.6546875 0.73203125 0.09140625 0.10546875
0 0.64453125 0.83515625 0.08671875 0.11328125
0 0.7296875 0.775 0.09140625 0.10546875
0 0.80546875 0.80625 0.0984375 0.08203125
0 0.81015625 0.8484375 0.0765625 0.084375
0 0.88671875 0.8609375 0.09375 0.09609375
0 0.96640625 0.88203125 0.0671875 0.1109375
0 0.9640625 0.9671875 0.071875 0.06015625
0 0.9171875 0.93359375 0.08203125 0.084375
0 0.84375 0.9421875 0.15859375 0.115625
0 0.8234375 0.71484375 0.0359375 0.03359375
0 0.9265625 0.7484375 0.0984375 0.08671875
0 0.7796875 0.5484375 0.03359375 0.02421875
0 0.67890625 0.49296875 0.0359375 0.02890625
0 0.615625 0.44609375 0.03359375 0.03125
0 0.83046875 0.4625 0.053125 0.05546875
0 0.3140625 0.015625 0.08671875 0.03125
0 0.38671875 0.025 0.1109375 0.05
0 0.36171875 0.08515625 0.0359375 0.03828125
0 0.42890625 0.18984375 0.06953125 0.0671875
0 0.48828125 0.1578125 0.040625 0.04296875
0 0.4234375 0.3125 0.05078125 0.05546875
0 0.3796875 0.3578125 0.07421875 0.040625
0 0.6078125 0.16796875 0.0359375 0.01953125
0 0.62109375 0.19375 0.04296875 0.0453125
0 0.6765625 0.1578125 0.0453125 0.06015625
0 0.7703125 0.165625 0.05546875 0.0359375
0 0.821875 0.1609375 0.0359375 0.04296875
0 0.865625 0.15859375 0.0484375 0.0625
0 0.96484375 0.1609375 0.06953125 0.09140625
0 0.98203125 0.23828125 0.0359375 0.084375
0 0.9171875 0.36875 0.06484375 0.03359375
0 0.91328125 0.33515625 0.06484375 0.03359375
0 0.93125 0.30625 0.05078125 0.0453125
0 0.821875 0.50390625 0.03359375 0.02421875
0 0.88203125 0.5953125 0.0359375 0.04296875
0 0.9796875 0.64296875 0.03359375 0.05078125