0 0.0515625 0.1765625 0.08671875 0.10546875
0 0.1203125 0.115625 0.12265625 0.06015625
0 0.0625 0.03359375 0.10078125 0.0671875
0 0.14453125 0.0453125 0.1265625 0.090625
0 0.03125 0.09609375 0.0625 0.1109375
0 0.23203125 0.04453125 0.1078125 0.0890625
0 0.196875 0.50859375 0.10546875 0.1109375
0 0.303125 0.546875 0.06953125 0.05546875
0 0.39921875 0.41484375 0.03828125 0.0453125
0 0.43125 0.37109375 0.0625 0.06015625
0 0.48046875 0.3171875 0.0359375 0.03828125
0 0.50390625 0.2765625 0.05078125 0.0359375
0 0.54296875 0.228125 0.05078125 0.04296875
0 0.5734375 0.1875 0.04296875 0.03828125
0 0.60234375 0.1546875 0.0484375 0.06015625
0 0.64453125 0.10703125 0.0484375 0.0578125
0 0.66953125 0.06953125 0.05078125 0.0578125
0 0.7046875 0.021875 0.053125 0.04296875
0 0.05546875 0.72265625 0.1109375 0.12734375
0 0.03515625 0.8140625 0.06953125 0.07421875
0 0.09375 0.7484375 0.1875 0.1078125
0 0.0328125 0.86171875 0.06484375 0.06953125
0 0.0828125 0.85234375 0.10546875 0.07421875
0 0.1234375 0.7984375 0.1109375 0.05546875
0 0.18046875 0.7984375 0.12734375 0.09140625
0 0.2953125 0.79921875 0.1109375 0.103125
0 0.35703125 0.83984375 0.12734375 0.10546875
0 0.41796875 0.91015625 0.134375 0.134375
0 0.15234375 0.8640625 0.12265625 0.06953125
0 0.196875 0.88828125 0.0578125 0.071875
0 0.02265625 0.90234375 0.0453125 0.05078125
0 0.0578125 0.90390625 0.06015625 0.06015625
0 0.08984375 0.915625 0.07421875 0.05078125
0 0.0890625 0.94921875 0.0796875 0.0484375
0 0.14765625 0.9359375 0.0890625 0.11796875
0 0.0296875 0.95625 0.059375 0.0875
0 0.078125 0.98203125 0.0765625 0.0359375
0 0.21640625 0.9578125 0.1109375 0.084375
0 0.23203125 0.90390625 0.06953125 0.06953125
0 0.296875 0.89453125 0.1109375 0.084375
0 0.3109375 0.94140625 0.071875 0.06484375
0 0.296875 0.9796875 0.07421875 0.040625
0 0.3390625 0.97109375 0.0484375 0.0453125
0 0.96640625 0.978125 0.0671875 0.04296875
0 0.44609375 0.97109375 0.13671875 0.0578125
0 0.0953125 0.071875 0.07421875 0.05546875