0 0.55078125 0.13984375 0.02109375 0.02890625
0 0.41796875 0.015625 0.0203125 0.028125
0 0.61875 0.20078125 0.01875 0.02734375
0 0.5984375 0.390625 0.009375 0.01875
0 0.43046875 0.53984375 0.02265625 0.03125
0 0.29296875 0.56875 0.015625 0.01875
0 0.2703125 0.5890625 0.01875 0.0234375
0 0.45703125 0.640625 0.03203125 0.0390625
0 0.2125 0.6890625 0.0421875 0.040625
0 0.225 0.75234375 0.04765625 0.06796875
0 0.72265625 0.08046875 0.0203125 0.02890625
0 0.07109375 0.80390625 0.04609375 0.06328125
0 0.20078125 0.84453125 0.03515625 0.0453125
0 0.58671875 0.85625 0.0296875 0.04140625
0 0.2359375 0.8734375 0.04140625 0.04765625
0 0.56796875 0.0875 0.01640625 0.02421875
0 0.66640625 0.88359375 0.06875 0.11484375
0 0.75234375 0.884375 0.0609375 0.07421875
0 0.56484375 0.890625 0.0171875 0.02734375
0 0.40703125 0.896875 0.0390625 0.05390625
0 0.26328125 0.928125 0.03125 0.0453125
0 0.6875 0.09453125 0.05390625 0.078125
0 0.87421875 0.95703125 0.05859375 0.07265625
0 0.484375 0.95703125 0.03828125 0.0484375
0 0.81640625 0.9625 0.05390625 0.07421875