0 0.24453125 0.2078125 0.0828125 0.11015625
0 0.4015625 0.25234375 0.0859375 0.12109375
0 0.15546875 0.27421875 0.07265625 0.109375
1 0.86328125 0.340625 0.16484375 0.22265625
0 0.3140625 0.34453125 0.103125 0.16171875
0 0.23046875 0.36953125 0.05859375 0.065625
0 0.4734375 0.38515625 0.06328125 0.0828125
0 0.14375 0.3890625 0.07109375 0.10625
0 0.2046875 0.46875 0.07265625 0.103125
0 0.39609375 0.47890625 0.06484375 0.0828125
0 0.08984375 0.53046875 0.084375 0.115625
0 0.3046875 0.54375 0.06796875 0.10703125
0 0.23359375 0.59453125 0.065625 0.140625
0 0.14921875 0.65625 0.0953125 0.13125
0 0.0515625 0.6734375 0.08828125 0.15078125
0 0.58671875 0.75390625 0.0890625 0.1328125
0 0.73828125 0.82265625 0.07421875 0.1140625
0 0.47109375 0.84296875 0.0890625 0.12890625
0 0.153125 0.08984375 0.09765625 0.15234375
0 0.65078125 0.91796875 0.0859375 0.12421875
0 0.37890625 0.9328125 0.1046875 0.13125
1 0.11171875 0.9375 0.1265625 0.121875
0 0.82890625 0.9578125 0.0765625 0.08046875
0 0.3234375 0.11171875 0.125 0.171875