0 0.74296875 0.21328125 0.11015625 0.1421875
0 0.60390625 0.2828125 0.1578125 0.15859375
0 0.8328125 0.325 0.12421875 0.1125
0 0.72421875 0.34296875 0.08515625 0.11015625
0 0.91015625 0.46796875 0.09765625 0.09921875
0 0.7859375 0.525 0.084375 0.0875
0 0.68359375 0.5703125 0.11953125 0.11875
0 0.93515625 0.58203125 0.125 0.12890625
0 0.8515625 0.68203125 0.0828125 0.0875
0 0.73671875 0.70859375 0.0890625 0.096875
0 0.90703125 0.82890625 0.0828125 0.0921875
0 0.7859375 0.890625 0.0984375 0.11484375
0 0.621875 0.90703125 0.14296875 0.1265625
1 0.896875 0.1546875 0.1875 0.18046875