0 0.2625 0.25703125 0.09296875 0.1
0 0.35859375 0.27890625 0.0875 0.109375
0 0.44375 0.309375 0.078125 0.1078125
0 0.628125 0.31015625 0.11875 0.1140625
0 0.05234375 0.31171875 0.08203125 0.09765625
0 0.15625 0.32265625 0.0546875 0.06796875
0 0.24609375 0.3703125 0.084375 0.11640625
0 0.34140625 0.3796875 0.0921875 0.10703125
0 0.03984375 0.4203125 0.075 0.09140625
0 0.1375 0.465625 0.08359375 0.06796875
0 0.7640625 0.4703125 0.0890625 0.10546875
0 0.22265625 0.47265625 0.0625 0.0796875
0 0.496875 0.47265625 0.08828125 0.109375
0 0.33046875 0.49609375 0.0671875 0.11171875
0 0.40390625 0.53125 0.08203125 0.11875
0 0.109375 0.55859375 0.090625 0.096875
0 0.20859375 0.58671875 0.09765625 0.115625
0 0.47109375 0.60625 0.08359375 0.0625
0 0.29609375 0.60859375 0.078125 0.0984375
0 0.3984375 0.0625 0.08984375 0.1125
0 0.38828125 0.6375 0.075 0.08359375
0 0.64375 0.64921875 0.10546875 0.12265625
0 0.1921875 0.6828125 0.0703125 0.0625
0 0.2796875 0.71796875 0.071875 0.0828125
0 0.36875 0.74765625 0.0828125 0.1046875
0 0.63046875 0.7640625 0.09453125 0.10859375
0 0.48515625 0.0796875 0.06640625 0.071875
0 0.72578125 0.8984375 0.09140625 0.103125
0 0.196875 0.1109375 0.0953125 0.09296875
0 0.28671875 0.1421875 0.0984375 0.1078125
0 0.553125 0.146875 0.08984375 0.103125
0 0.38046875 0.165625 0.0875 0.1
0 0.46796875 0.1921875 0.08515625 0.1046875
0 0.08046875 0.19296875 0.08046875 0.09609375
0 0.17421875 0.22734375 0.075 0.096875