0 0.0375 0.1375 0.0375 0.05
0 0.11328125 0.14609375 0.02890625 0.0453125
0 0.1046875 0.18828125 0.05546875 0.04609375
0 0.85703125 0.2046875 0.06171875 0.10625
0 0.92890625 0.2046875 0.06875 0.0953125
0 0.778125 0.21171875 0.065625 0.0828125
0 0.053125 0.25 0.03515625 0.0609375
0 0.01328125 0.26015625 0.0265625 0.034375
0 0.57265625 0.2859375 0.0390625 0.0359375
0 0.634375 0.30625 0.03203125 0.04921875
0 0.05859375 0.3125 0.03359375 0.04140625
0 0.26484375 0.3203125 0.0421875 0.0578125
0 0.01953125 0.32265625 0.0390625 0.05703125
0 0.59375 0.325 0.03203125 0.0390625
0 0.0953125 0.33046875 0.04296875 0.05703125
0 0.7828125 0.36015625 0.0296875 0.03359375
0 0.06796875 0.3703125 0.0390625 0.05390625
0 0.02421875 0.38046875 0.0421875 0.05
0 0.1578125 0.39140625 0.04765625 0.06171875
0 0.6375 0.4296875 0.034375 0.04609375
0 0.73203125 0.43125 0.0453125 0.05390625
0 0.075 0.434375 0.04140625 0.06015625
0 0.03125 0.43828125 0.0390625 0.05234375
0 0.23984375 0.43984375 0.04609375 0.0578125
0 0.16484375 0.46015625 0.0234375 0.0421875
0 0.6421875 0.48515625 0.0421875 0.059375
0 0.03984375 0.496875 0.04453125 0.05625
0 0.91875 0.49765625 0.0671875 0.09140625
1 0.59140625 0.4984375 0.0546875 0.04453125
0 0.12109375 0.503125 0.0375 0.06015625
0 0.6015625 0.5265625 0.01875 0.01328125
0 0.61640625 0.53828125 0.015625 0.02109375
1 0.60390625 0.5421875 0.040625 0.04296875
0 0.56171875 0.546875 0.015625 0.0234375
0 0.59375 0.5484375 0.02109375 0.03046875
0 0.08984375 0.5546875 0.0453125 0.06015625
0 0.05078125 0.5546875 0.03359375 0.05625
0 0.2125 0.56015625 0.05 0.05859375
0 0.17265625 0.56875 0.02578125 0.0375
0 0.13046875 0.5734375 0.03515625 0.0484375
0 0.6171875 0.609375 0.0390625 0.05390625
0 0.09765625 0.6125 0.0390625 0.04609375
0 0.1390625 0.61640625 0.03203125 0.0453125
0 0.2234375 0.61875 0.0453125 0.0546875
0 0.05234375 0.61953125 0.0390625 0.05390625
0 0.015625 0.6296875 0.03125 0.06015625
0 0.034375 0.06484375 0.03984375 0.06015625
0 0.28828125 0.659375 0.0390625 0.05703125
0 0.10703125 0.675 0.04453125 0.06015625
0 0.1546875 0.67734375 0.03203125 0.03984375
0 0.0609375 0.6796875 0.034375 0.04765625
0 0.01796875 0.68046875 0.034375 0.03828125
0 0.084375 0.12265625 0.0328125 0.0453125