0 0.065625 0.1484375 0.0234375 0.02578125
0 0.1296875 0.15625 0.028125 0.03125
0 0.25859375 0.15703125 0.015625 0.01953125
0 0.1609375 0.1609375 0.0125 0.01171875
0 0.275 0.16953125 0.021875 0.021875
0 0.16484375 0.178125 0.0171875 0.01875
0 0.82890625 0.1796875 0.075 0.0734375
1 0.13046875 0.1875 0.040625 0.0296875
0 0.09296875 0.02265625 0.02578125 0.02890625
1 0.8109375 0.2421875 0.04296875 0.0453125
0 0.29609375 0.24296875 0.00859375 0.01015625
0 0.19765625 0.25078125 0.02265625 0.021875
0 0.96796875 0.2546875 0.0609375 0.071875
0 0.653125 0.25546875 0.0453125 0.04765625
0 0.17109375 0.259375 0.0171875 0.0203125
0 0.79609375 0.27578125 0.03046875 0.03203125
0 0.5453125 0.2890625 0.03359375 0.0359375
0 0.13046875 0.3 0.01875 0.02734375
1 0.775 0.31015625 0.071875 0.03984375
0 0.83125 0.31171875 0.034375 0.04765625
0 0.22265625 0.31953125 0.0125 0.01171875
0 0.434375 0.03203125 0.02421875 0.025
0 0.4859375 0.35390625 0.028125 0.0265625
0 0.19296875 0.3578125 0.0171875 0.02890625
1 0.80859375 0.359375 0.0828125 0.053125
0 0.0921875 0.36171875 0.021875 0.028125
0 0.55234375 0.36640625 0.0421875 0.03203125
0 0.9140625 0.36953125 0.053125 0.065625
0 0.3 0.3703125 0.01875 0.02421875
0 0.240625 0.38359375 0.0171875 0.02421875
0 0.1390625 0.3890625 0.01953125 0.0234375
0 0.60546875 0.39296875 0.04296875 0.03984375
0 0.325 0.40390625 0.0234375 0.028125
0 0.19375 0.40625 0.01171875 0.01171875
0 0.28359375 0.41328125 0.01796875 0.01875
0 0.525 0.43671875 0.02265625 0.02421875
1 0.796875 0.440625 0.1125 0.1046875
0 0.21171875 0.44765625 0.0203125 0.021875
0 0.475 0.45 0.03046875 0.0265625
0 0.33125 0.45234375 0.0171875 0.01953125
0 0.8671875 0.4625 0.03125 0.0578125
0 0.2328125 0.46328125 0.0125 0.0171875
0 0.36171875 0.47578125 0.021875 0.0234375
0 0.30234375 0.48046875 0.01484375 0.01796875
0 0.3296875 0.48125 0.01953125 0.01875
0 0.3 0.503125 0.01015625 0.0125
1 0.715625 0.51015625 0.10703125 0.11875
0 0.940625 0.5125 0.05 0.0484375
0 0.01484375 0.5140625 0.0296875 0.06484375
0 0.5609375 0.51484375 0.01875 0.02265625
1 0.80859375 0.51796875 0.03359375 0.0453125
0 0.3609375 0.05234375 0.0296875 0.04453125
1 0.85078125 0.5375 0.05 0.0421875
0 0.32265625 0.540625 0.0171875 0.021875
0 0.14609375 0.0546875 0.03046875 0.03203125
0 0.57890625 0.55390625 0.02890625 0.0296875
0 0.1046875 0.57109375 0.0421875 0.04765625
1 0.83125 0.57421875 0.04296875 0.040625
0 0.771875 0.57890625 0.0359375 0.04375
0 0.1671875 0.58125 0.04921875 0.06015625
0 0.5546875 0.58203125 0.015625 0.01875
0 0.06015625 0.59375 0.03828125 0.0625
0 0.9296875 0.6 0.0484375 0.046875
0 0.2265625 0.62265625 0.0515625 0.03046875
0 0.86875 0.6390625 0.05625 0.059375
0 0.746875 0.64296875 0.08359375 0.08046875
0 0.1078125 0.64453125 0.0515625 0.0578125
0 0.42734375 0.65390625 0.09140625 0.1140625
0 0.6734375 0.65546875 0.0421875 0.06953125
0 0.3078125 0.65546875 0.06796875 0.0984375
0 0.83515625 0.69140625 0.04296875 0.059375
0 0.196875 0.6953125 0.084375 0.09375
0 0.55234375 0.69609375 0.01953125 0.01875
0 0.0796875 0.69921875 0.0390625 0.034375
0 0.02734375 0.70859375 0.0328125 0.028125
0 0.7625 0.71328125 0.0328125 0.03515625
0 0.89375 0.071875 0.04296875 0.0453125
0 0.68984375 0.73203125 0.0578125 0.0671875
1 0.87109375 0.7359375 0.08671875 0.10390625
0 0.77578125 0.74375 0.03046875 0.03359375
0 0.93828125 0.74921875 0.03515625 0.04296875
1 0.18515625 0.075 0.0390625 0.03515625
1 0.58828125 0.75234375 0.05703125 0.090625
0 0.6328125 0.75625 0.03359375 0.0453125
1 0.39609375 0.76953125 0.125 0.096875
1 0.71953125 0.77265625 0.034375 0.0484375
1 0.5109375 0.7765625 0.09921875 0.090625
0 0.0921875 0.78046875 0.128125 0.125
0 0.2671875 0.796875 0.04765625 0.05859375
0 0.89375 0.81953125 0.040625 0.0515625
1 0.61796875 0.82421875 0.078125 0.08359375
0 0.72890625 0.83984375 0.025 0.03359375
0 0.28046875 0.8546875 0.040625 0.04375
1 0.08828125 0.08671875 0.07734375 0.059375
0 0.01640625 0.87734375 0.0328125 0.0546875
0 0.11328125 0.88125 0.04375 0.04921875
0 0.91953125 0.88984375 0.05 0.0578125
0 0.778125 0.89375 0.07265625 0.07109375
0 0.04140625 0.909375 0.04140625 0.0484375
0 0.19921875 0.909375 0.0328125 0.040625
0 0.4953125 0.9125 0.06328125 0.08046875
0 0.36796875 0.91484375 0.09765625 0.1375
0 0.67578125 0.91796875 0.04921875 0.04609375
0 0.11328125 0.9234375 0.02109375 0.02265625
0 0.865625 0.95 0.07421875 0.07578125
1 0.54140625 0.953125 0.06328125 0.07734375
0 0.60078125 0.96015625 0.05234375 0.0640625
0 0.72421875 0.97578125 0.06875 0.046875
0 0.05625 0.10859375 0.021875 0.0234375
0 0.928125 0.109375 0.0265625 0.0296875
0 0.1625 0.109375 0.04453125 0.03046875