0 0.30234375 0.29375 0.0546875 0.075
0 0.378125 0.340625 0.06171875 0.1328125
0 0.50625 0.34375 0.09296875 0.1171875
0 0.33828125 0.41953125 0.04296875 0.06171875
1 0.14453125 0.4203125 0.1421875 0.19609375
0 0.4921875 0.45859375 0.03515625 0.040625
0 0.03515625 0.50390625 0.06953125 0.09453125
0 0.31796875 0.528125 0.12265625 0.10546875
0 0.22578125 0.6234375 0.02734375 0.03515625
0 0.47109375 0.65703125 0.0765625 0.07890625
0 0.15 0.6984375 0.025 0.028125
0 0.23203125 0.721875 0.021875 0.025
0 0.31015625 0.746875 0.06328125 0.0875
0 0.46640625 0.76796875 0.01953125 0.040625
0 0.15390625 0.80390625 0.03984375 0.0484375
0 0.3703125 0.825 0.0453125 0.05703125
0 0.07109375 0.84375 0.0375 0.04765625
0 0.04375 0.8984375 0.03203125 0.04375
0 0.203125 0.9078125 0.04375 0.05859375
0 0.1125 0.90859375 0.096875 0.09765625
0 0.02890625 0.97265625 0.03671875 0.04140625
0 0.04296875 0.09765625 0.046875 0.06015625
1 0.24375 0.978125 0.06796875 0.04296875
0 0.60078125 0.97734375 0.0421875 0.0421875
0 0.42734375 0.11328125 0.0953125 0.1359375
0 0.35703125 0.12109375 0.04140625 0.0453125
0 0.1625 0.12734375 0.04765625 0.05859375
0 0.53515625 0.1359375 0.08046875 0.1203125
0 0.90234375 0.15390625 0.0265625 0.028125
0 0.23671875 0.15390625 0.025 0.0296875
0 0.428125 0.225 0.09921875 0.08671875
0 0.2375 0.2296875 0.05390625 0.05546875
0 0.0296875 0.2359375 0.05078125 0.0484375
1 0.290625 0.02578125 0.0921875 0.0515625