1 0.85390625 0.325 0.05625 0.06171875
1 0.71875 0.4109375 0.21171875 0.22421875
1 0.9421875 0.41640625 0.09375 0.18125
0 0.8875 0.52421875 0.0671875 0.078125
1 0.828125 0.56953125 0.06484375 0.0625
1 0.9390625 0.56953125 0.05390625 0.05078125
1 0.7421875 0.5890625 0.06953125 0.05703125
1 0.56015625 0.59453125 0.0890625 0.125
1 0.89765625 0.6328125 0.05859375 0.07890625
1 0.775 0.6375 0.065625 0.06875
1 0.82421875 0.64296875 0.03671875 0.04296875
1 0.625 0.65546875 0.07109375 0.0875
1 0.85546875 0.66640625 0.04453125 0.0984375
0 0.35390625 0.67109375 0.0953125 0.13984375
1 0.68359375 0.684375 0.046875 0.071875
1 0.503125 0.684375 0.09296875 0.1421875
1 0.93359375 0.70234375 0.1015625 0.11640625
1 0.809375 0.74140625 0.0890625 0.125
0 0.41171875 0.75078125 0.0421875 0.0484375
0 0.703125 0.75546875 0.0546875 0.04453125
0 0.62734375 0.76171875 0.075 0.09375
1 0.26015625 0.77890625 0.1359375 0.20703125
1 0.33984375 0.784375 0.065625 0.09609375
0 0.41328125 0.7984375 0.03828125 0.04921875
1 0.49921875 0.8171875 0.1078125 0.09140625
0 0.18515625 0.8296875 0.0234375 0.04140625
0 0.12265625 0.86796875 0.05 0.0703125
1 0.34921875 0.88515625 0.0375 0.07734375
1 0.303125 0.8875 0.028125 0.04921875
0 0.68046875 0.9015625 0.08125 0.09375
0 0.62109375 0.91171875 0.0328125 0.06015625
1 0.028125 0.93046875 0.0546875 0.11640625
1 0.47578125 0.9328125 0.13125 0.09296875
0 0.12421875 0.94140625 0.03125 0.0484375
1 0.94296875 0.94609375 0.09375 0.10390625
0 0.31796875 0.96953125 0.0375 0.0375
0 0.6 0.97734375 0.046875 0.04453125
0 0.93046875 0.1921875 0.034375 0.05234375
1 0.83984375 0.19453125 0.1015625 0.1890625