1 0.06875 0.17578125 0.1375 0.1578125
1 0.175 0.19765625 0.040625 0.0625
1 0.95078125 0.22734375 0.04375 0.06796875
1 0.06875 0.290625 0.03515625 0.046875
0 0.41171875 0.3046875 0.0234375 0.02890625
0 0.1390625 0.3234375 0.02265625 0.02578125
1 0.0546875 0.3234375 0.021875 0.03515625
1 0.91328125 0.3328125 0.0875 0.13359375
1 0.96640625 0.33671875 0.04453125 0.10234375
0 0.17421875 0.3453125 0.02109375 0.03203125
0 0.3578125 0.3515625 0.021875 0.015625
1 0.03046875 0.3546875 0.0421875 0.06171875
0 0.6796875 0.040625 0.059375 0.07421875
0 0.14765625 0.409375 0.0203125 0.0265625
1 0.0109375 0.41640625 0.021875 0.0421875
0 0.12734375 0.428125 0.01875 0.0234375
0 0.03828125 0.44609375 0.0140625 0.01640625
0 0.81640625 0.04609375 0.02421875 0.03125
0 0.07421875 0.46171875 0.01953125 0.025
0 0.1375 0.46640625 0.03046875 0.02578125
1 0.1875 0.46875 0.04453125 0.06328125
1 0.01953125 0.46953125 0.03828125 0.04296875
0 0.06640625 0.4953125 0.021875 0.02265625
1 0.09921875 0.05078125 0.13984375 0.09765625
0 0.0453125 0.50625 0.02578125 0.03203125
1 0.97109375 0.5109375 0.03828125 0.05234375
0 0.746875 0.0515625 0.06953125 0.10078125
0 0.1046875 0.52421875 0.02109375 0.02421875
1 0.13984375 0.5296875 0.06953125 0.09453125
1 0.2109375 0.5703125 0.03984375 0.06796875
1 0.91484375 0.57265625 0.0796875 0.15859375
0 0.05703125 0.57890625 0.01328125 0.01484375
0 0.01796875 0.59375 0.02265625 0.03046875
0 0.06875 0.61328125 0.0265625 0.0234375
0 0.11328125 0.61796875 0.028125 0.0390625
0 0.228125 0.62734375 0.0171875 0.01796875
0 0.15390625 0.6625 0.02578125 0.0296875
1 0.9390625 0.690625 0.0296875 0.04609375
0 0.8390625 0.69921875 0.0640625 0.09921875
1 0.89921875 0.69921875 0.02890625 0.04140625
0 0.165625 0.71953125 0.06953125 0.0671875
0 0.2640625 0.72109375 0.0515625 0.0421875
1 0.91640625 0.7265625 0.0265625 0.0296875
0 0.06953125 0.728125 0.06328125 0.09453125
1 0.97578125 0.75859375 0.0453125 0.0515625
0 0.14375 0.79140625 0.01796875 0.021875
1 0.203125 0.0796875 0.05078125 0.05859375
0 0.03828125 0.8109375 0.0296875 0.034375
0 0.3359375 0.8125 0.0234375 0.0390625
0 0.38125 0.8171875 0.02109375 0.03203125
0 0.20546875 0.81796875 0.03203125 0.04296875
1 0.8296875 0.8265625 0.10078125 0.11015625
0 0.2484375 0.83125 0.021875 0.02890625
0 0.165625 0.8328125 0.0125 0.0140625
0 0.1359375 0.8515625 0.00859375 0.01640625
0 0.12421875 0.85234375 0.0125 0.01640625
0 0.928125 0.86796875 0.0234375 0.03046875
0 0.0328125 0.88046875 0.02265625 0.02890625
1 0.9640625 0.89453125 0.046875 0.04921875
0 0.146875 0.89765625 0.0203125 0.02421875
0 0.425 0.90703125 0.01875 0.025
0 0.35859375 0.92578125 0.03359375 0.040625
0 0.1890625 0.92734375 0.0265625 0.03203125
0 0.79921875 0.9421875 0.034375 0.04296875
0 0.2296875 0.9421875 0.01796875 0.02578125
1 0.9609375 0.94453125 0.04375 0.04765625
0 0.32578125 0.95 0.0140625 0.01796875
0 0.30234375 0.95625 0.025 0.03125
0 0.14140625 0.95703125 0.0640625 0.0546875
0 0.3484375 0.9578125 0.0109375 0.0125
0 0.11640625 0.97734375 0.01640625 0.02109375
0 0.20390625 0.978125 0.0328125 0.02578125
0 0.828125 0.97890625 0.021875 0.02734375
0 0.94453125 0.10546875 0.03046875 0.034375
1 0.89609375 0.1328125 0.084375 0.05