0 0.52578125 0.23359375 0.08359375 0.1359375
0 0.4125 0.240625 0.10859375 0.1125
1 0.1015625 0.3015625 0.15859375 0.20859375
0 0.3265625 0.33359375 0.1078125 0.1265625
1 0.18671875 0.4515625 0.12265625 0.1953125
1 0.390625 0.48828125 0.17734375 0.19453125
1 0.61171875 0.50390625 0.1875 0.24140625
1 0.06796875 0.528125 0.1359375 0.21015625
0 0.7625 0.5703125 0.0796875 0.090625
0 0.8171875 0.65703125 0.0578125 0.08125
1 0.4625 0.66796875 0.121875 0.14375
1 0.7078125 0.6765625 0.0984375 0.13125
1 0.6015625 0.72890625 0.1078125 0.14296875
1 0.34609375 0.75 0.1125 0.2484375
1 0.0609375 0.79296875 0.10703125 0.21640625
1 0.196875 0.8140625 0.13515625 0.19140625
1 0.096875 0.08828125 0.10234375 0.17109375
0 0.8828125 0.90859375 0.09609375 0.0875
1 0.73671875 0.94765625 0.16640625 0.10078125
0 0.4453125 0.1203125 0.1109375 0.125
1 0.29296875 0.13125 0.16640625 0.1796875