1 0.1890625 0.28671875 0.11015625 0.16953125
1 0.58828125 0.303125 0.15 0.1421875
0 0.0359375 0.31015625 0.06953125 0.09609375
0 0.4078125 0.31328125 0.08828125 0.08046875
1 0.846875 0.35078125 0.06171875 0.12578125
1 0.91640625 0.359375 0.0859375 0.0953125
0 0.32578125 0.3796875 0.0734375 0.10078125
1 0.80546875 0.42421875 0.0625 0.15234375
0 0.1046875 0.42734375 0.06328125 0.08203125
0 0.45078125 0.43125 0.1140625 0.146875
1 0.678125 0.44140625 0.178125 0.19140625
0 0.865625 0.44921875 0.05390625 0.06484375
1 0.57890625 0.5203125 0.13203125 0.20390625
1 0.03984375 0.5640625 0.0796875 0.14140625
0 0.1703125 0.603125 0.08828125 0.1234375
0 0.425 0.61875 0.07265625 0.10078125
0 0.83203125 0.621875 0.0859375 0.10390625
1 0.71640625 0.62265625 0.08203125 0.15625
0 0.50234375 0.6578125 0.0828125 0.10234375
1 0.9828125 0.6953125 0.03125 0.0875
1 0.74453125 0.7046875 0.06953125 0.13046875
1 0.3890625 0.71328125 0.14140625 0.11875
0 0.67578125 0.73359375 0.071875 0.09609375
0 0.5703125 0.75 0.07421875 0.10546875
0 0.0484375 0.7640625 0.08671875 0.125
0 0.68671875 0.07890625 0.046875 0.07734375
0 0.14140625 0.78984375 0.1 0.1296875
0 0.21328125 0.08125 0.1265625 0.16015625
0 0.4 0.82890625 0.05390625 0.065625
0 0.2296875 0.85390625 0.0703125 0.0875
0 0.85703125 0.88671875 0.0734375 0.096875
1 0.93828125 0.903125 0.0671875 0.0796875
0 0.53125 0.9078125 0.08828125 0.10390625
0 0.4890625 0.09921875 0.0375 0.046875
0 0.859375 0.109375 0.06015625 0.08359375
0 0.04765625 0.109375 0.090625 0.1328125
0 0.31484375 0.11171875 0.01875 0.02734375
0 0.265625 0.1984375 0.11171875 0.10625