0 0.31796875 0.11796875 0.05546875 0.0390625
0 0.6125 0.11953125 0.02265625 0.01640625
0 0.17734375 0.12265625 0.03984375 0.01796875
0 0.54296875 0.12421875 0.0234375 0.0171875
0 0.1421875 0.0125 0.03359375 0.02421875
1 0.03359375 0.1265625 0.06015625 0.06015625
1 0.2390625 0.13046875 0.040625 0.03125
0 0.521875 0.1328125 0.0171875 0.0140625
0 0.271875 0.13515625 0.0203125 0.01953125
0 0.59453125 0.1359375 0.01875 0.01484375
0 0.81640625 0.140625 0.05 0.0390625
0 0.58125 0.14375 0.00625 0.0046875
1 0.946875 0.14765625 0.0171875 0.0203125
0 0.46328125 0.15546875 0.0234375 0.0140625
0 0.2734375 0.15546875 0.02109375 0.01328125
1 0.97578125 0.16171875 0.0453125 0.09375
0 0.44765625 0.1640625 0.01171875 0.009375
0 0.53984375 0.1640625 0.015625 0.01328125
1 0.37265625 0.18203125 0.0875 0.0765625
0 0.50859375 0.1828125 0.0171875 0.01015625
0 0.78828125 0.18671875 0.02421875 0.01640625
0 0.94453125 0.18671875 0.01328125 0.01484375
0 0.040625 0.20078125 0.04609375 0.021875
1 0.72421875 0.0203125 0.08515625 0.040625
1 0.77734375 0.2078125 0.0484375 0.02578125
0 0.48203125 0.21328125 0.015625 0.0140625
0 0.81640625 0.21328125 0.02421875 0.01796875
0 0.88046875 0.021875 0.01640625 0.01796875
0 0.46328125 0.2265625 0.02421875 0.015625
1 0.2046875 0.0234375 0.046875 0.0359375
0 0.73671875 0.234375 0.01328125 0.01171875
0 0.440625 0.2375 0.01640625 0.01640625
0 0.35703125 0.23828125 0.02890625 0.01953125
0 0.32578125 0.2390625 0.025 0.025
0 0.47734375 0.24921875 0.0296875 0.0203125
0 0.384375 0.24921875 0.0265625 0.0203125
0 0.51015625 0.25078125 0.025 0.01953125
0 0.421875 0.259375 0.053125 0.02890625
1 0.775 0.265625 0.05625 0.0390625
1 0.7296875 0.26875 0.028125 0.03984375
0 0.70859375 0.2734375 0.025 0.0140625
0 0.3515625 0.2765625 0.02421875 0.0171875
0 0.25625 0.2859375 0.0640625 0.0375
0 0.56171875 0.28828125 0.03828125 0.02109375
0 0.36953125 0.28984375 0.0234375 0.01640625
1 0.78828125 0.29140625 0.0234375 0.01484375
0 0.82109375 0.2921875 0.01484375 0.0109375
0 0.82109375 0.30234375 0.01484375 0.01015625
0 0.63046875 0.303125 0.03203125 0.01796875
0 0.66171875 0.303125 0.01328125 0.01015625
0 0.51328125 0.3046875 0.01328125 0.01875
1 0.79453125 0.30625 0.01875 0.0140625
0 0.290625 0.3125 0.025 0.015625
0 0.82265625 0.31328125 0.01484375 0.0109375
0 0.9828125 0.31640625 0.0171875 0.0171875
0 0.21015625 0.31875 0.04375 0.0375
0 0.7578125 0.03203125 0.025 0.01953125
0 0.63515625 0.32265625 0.02109375 0.01484375
0 0.56171875 0.32421875 0.046875 0.0328125
0 0.95 0.32734375 0.0234375 0.0171875
0 0.259375 0.328125 0.040625 0.04140625
0 0.79375 0.3453125 0.03125 0.02421875
0 0.59609375 0.36171875 0.02890625 0.01796875
0 0.10234375 0.03671875 0.03828125 0.02734375
0 0.18671875 0.3765625 0.0296875 0.0203125
0 0.07421875 0.38359375 0.03671875 0.03203125
0 0.61875 0.38515625 0.01953125 0.0140625
0 0.76953125 0.38671875 0.01796875 0.0140625
0 0.5296875 0.38671875 0.03203125 0.0203125
1 0.15703125 0.390625 0.04296875 0.03203125
0 0.78515625 0.0390625 0.0328125 0.0171875
0 0.7546875 0.39453125 0.0125 0.00859375
0 0.4375 0.39765625 0.0171875 0.01328125
0 0.97890625 0.39921875 0.04140625 0.02890625
0 0.484375 0.4078125 0.0234375 0.01640625
0 0.803125 0.40859375 0.025 0.015625
0 0.11640625 0.41015625 0.040625 0.03359375
0 0.4296875 0.41640625 0.0125 0.00703125
0 0.46171875 0.421875 0.02421875 0.025
1 0.68359375 0.42890625 0.04140625 0.02265625
1 0.80390625 0.43046875 0.0390625 0.03046875
0 0.3734375 0.440625 0.03046875 0.01953125
1 0.703125 0.44765625 0.02734375 0.01875
1 0.16171875 0.0453125 0.0515625 0.04453125
1 0.72578125 0.45703125 0.0359375 0.0296875
0 0.29453125 0.48203125 0.0265625 0.01640625
0 0.8546875 0.48984375 0.03984375 0.02578125
0 0.2796875 0.4921875 0.02265625 0.01640625
0 0.68203125 0.49765625 0.0234375 0.01640625
0 0.28046875 0.05078125 0.028125 0.021875
0 0.640625 0.50625 0.0359375 0.02578125
0 0.8515625 0.5109375 0.025 0.01640625
1 0.30859375 0.51171875 0.04921875 0.0328125
0 0.578125 0.5125 0.02578125 0.02421875
0 0.22578125 0.5296875 0.02109375 0.02890625
0 0.63203125 0.53125 0.00703125 0.00390625
0 0.65 0.534375 0.01484375 0.01171875
0 0.6375 0.5375 0.00703125 0.00546875
0 0.64765625 0.54453125 0.009375 0.00625
0 0.18125 0.5515625 0.034375 0.0265625
0 0.825 0.55546875 0.0265625 0.0234375
0 0.65625 0.5578125 0.0140625 0.01015625
0 0.06484375 0.05625 0.0328125 0.02265625
0 0.22890625 0.56875 0.0234375 0.02109375
0 0.92890625 0.57265625 0.01015625 0.00859375
0 0.1609375 0.57421875 0.03359375 0.03046875
0 0.46875 0.5765625 0.040625 0.03046875
0 0.94609375 0.58046875 0.01328125 0.009375
1 0.84921875 0.5828125 0.025 0.01640625
1 0.91015625 0.58828125 0.02734375 0.01796875
0 0.65625 0.58984375 0.0125 0.01015625
1 0.85390625 0.5984375 0.0203125 0.01171875
0 0.1765625 0.60390625 0.02421875 0.01796875
0 0.82578125 0.6046875 0.01875 0.015625
0 0.51015625 0.61171875 0.01796875 0.01015625
1 0.85625 0.61171875 0.0265625 0.0140625
0 0.078125 0.6171875 0.03671875 0.02890625
1 0.86484375 0.625 0.021875 0.01796875
1 0.690625 0.63125 0.01953125 0.01484375
0 0.48828125 0.6359375 0.0203125 0.0140625
0 0.03984375 0.6375 0.01640625 0.0140625
0 0.33203125 0.640625 0.03515625 0.0234375
1 0.69453125 0.64296875 0.0234375 0.00859375
0 0.39921875 0.64375 0.02421875 0.01640625
0 0.8296875 0.64375 0.02109375 0.0171875
0 0.62109375 0.06484375 0.00859375 0.00703125
1 0.1375 0.06484375 0.0390625 0.04140625
1 0.8578125 0.65234375 0.03515625 0.02265625
0 0.5125 0.65234375 0.0359375 0.01796875
1 0.69140625 0.65390625 0.0125 0.00859375
0 0.659375 0.65546875 0.0109375 0.009375
0 0.28984375 0.66953125 0.0328125 0.01953125
0 0.48125 0.675 0.01484375 0.0125
1 0.7890625 0.68125 0.021875 0.03046875
0 0.4890625 0.68671875 0.01484375 0.01015625
0 0.06953125 0.68828125 0.02421875 0.0265625
0 0.77421875 0.6921875 0.01015625 0.00859375
0 0.4875 0.71328125 0.04921875 0.040625
0 0.11015625 0.72421875 0.06953125 0.065625
0 0.440625 0.7515625 0.021875 0.01640625
0 0.6890625 0.75234375 0.028125 0.02109375
1 0.8984375 0.75390625 0.09921875 0.06953125
0 0.15703125 0.75546875 0.0265625 0.02109375
1 0.97421875 0.75859375 0.04921875 0.05859375
0 0.6578125 0.75859375 0.01640625 0.01484375
0 0.18203125 0.7796875 0.02109375 0.01484375
1 0.190625 0.07890625 0.046875 0.0265625
0 0.65703125 0.79296875 0.02578125 0.0203125
0 0.025 0.0796875 0.0296875 0.0265625
1 0.4859375 0.79921875 0.0828125 0.1125
1 0.93125 0.8046875 0.01796875 0.01953125
1 0.85546875 0.81015625 0.0234375 0.0125
0 0.240625 0.8125 0.02265625 0.01640625
0 0.9265625 0.82109375 0.01953125 0.01171875
1 0.9234375 0.82421875 0.02734375 0.01796875
0 0.85390625 0.8296875 0.034375 0.02109375
0 0.67578125 0.08359375 0.05 0.0328125
0 0.234375 0.83984375 0.01484375 0.01484375
0 0.94921875 0.84453125 0.02421875 0.01484375
0 0.0265625 0.84609375 0.0234375 0.0171875
0 0.28828125 0.85078125 0.01875 0.01484375
0 0.87265625 0.8625 0.02890625 0.01484375
0 0.82421875 0.865625 0.03515625 0.021875
0 0.62890625 0.87109375 0.0171875 0.015625
0 0.6109375 0.87109375 0.0109375 0.0078125
0 0.08359375 0.88515625 0.05859375 0.02421875
0 0.4015625 0.88984375 0.02890625 0.0234375
0 0.29453125 0.89140625 0.01484375 0.00859375
1 0.834375 0.89296875 0.04140625 0.0359375
0 0.01875 0.89765625 0.02109375 0.0125
0 0.08515625 0.90078125 0.0203125 0.0125
0 0.5140625 0.90859375 0.040625 0.0203125
0 0.4046875 0.91640625 0.01875 0.0140625
0 0.36484375 0.92109375 0.01796875 0.0125
0 0.82890625 0.925 0.02265625 0.01484375
1 0.2734375 0.09296875 0.046875 0.02578125
1 0.08984375 0.09296875 0.0671875 0.0671875
0 0.790625 0.9453125 0.0171875 0.01484375
0 0.32421875 0.94765625 0.00859375 0.00703125
0 0.77421875 0.95390625 0.0125 0.0109375
0 0.6875 0.95625 0.0265625 0.0203125
0 0.1796875 0.9671875 0.02265625 0.02890625
0 0.09375 0.9671875 0.015625 0.0125
0 0.21484375 0.096875 0.0265625 0.01875
0 0.07421875 0.9734375 0.01875 0.01328125
0 0.965625 0.10078125 0.0375 0.0234375