1 0.03359375 0.3125 0.0671875 0.06796875
0 0.8453125 0.33125 0.04296875 0.05078125
0 0.88984375 0.35234375 0.0546875 0.05
0 0.05546875 0.38125 0.0515625 0.06015625
0 0.7125 0.471875 0.0796875 0.09453125
1 0.040625 0.49609375 0.07421875 0.07421875
0 0.11640625 0.55859375 0.0984375 0.10546875
0 0.60234375 0.565625 0.03671875 0.046875
0 0.49140625 0.57890625 0.04296875 0.046875
0 0.45546875 0.6015625 0.0296875 0.02890625
0 0.9421875 0.6203125 0.0875 0.10390625
1 0.18046875 0.06953125 0.1546875 0.13515625
1 0.2078125 0.740625 0.14609375 0.2
0 0.89609375 0.74609375 0.040625 0.04375
1 0.36640625 0.7984375 0.03984375 0.05
1 0.85546875 0.81484375 0.03359375 0.05
0 0.3890625 0.81640625 0.028125 0.040625
0 0.94296875 0.81796875 0.0359375 0.04765625
1 0.31796875 0.83671875 0.03984375 0.0453125
0 0.35546875 0.85234375 0.04375 0.04375
0 0.18203125 0.88203125 0.0515625 0.05625
0 0.31953125 0.88203125 0.02734375 0.046875
1 0.93671875 0.884375 0.04296875 0.053125
0 0.13125 0.8890625 0.04296875 0.0671875
0 0.3796875 0.9109375 0.05 0.05703125
1 0.2265625 0.9125 0.03984375 0.05078125
0 0.4359375 0.91484375 0.0453125 0.0625
0 0.47421875 0.9328125 0.03125 0.03984375
0 0.28671875 0.940625 0.08203125 0.0734375
0 0.93828125 0.9484375 0.02109375 0.02734375
1 0.87421875 0.9515625 0.09375 0.09609375
1 0.80234375 0.95234375 0.05546875 0.09453125
0 0.215625 0.953125 0.03203125 0.03359375
1 0.48515625 0.9765625 0.0296875 0.0359375
1 0.76328125 0.978125 0.0453125 0.040625
1 0.41875 0.97890625 0.065625 0.0390625
0 0.88515625 0.09921875 0.04375 0.05703125
0 0.78828125 0.10703125 0.06484375 0.09140625
0 0.72265625 0.01328125 0.028125 0.0265625
0 0.59140625 0.1421875 0.0390625 0.05
1 0.075 0.18515625 0.15 0.21796875
1 0.35234375 0.01875 0.0578125 0.0375
1 0.128125 0.2328125 0.08203125 0.07890625
1 0.78515625 0.26640625 0.1328125 0.17578125