0 0.72265625 0.1375 0.0328125 0.021875
0 0.66171875 0.13828125 0.0265625 0.02109375
0 0.6984375 0.14296875 0.0203125 0.0171875
1 0.80390625 0.1484375 0.03125 0.01640625
1 0.84140625 0.15546875 0.0328125 0.01796875
1 0.6625 0.1578125 0.0296875 0.02109375
0 0.78515625 0.16171875 0.025 0.0171875
0 0.95234375 0.1640625 0.01796875 0.01171875
0 0.81328125 0.16484375 0.0234375 0.0171875
0 0.8453125 0.16796875 0.02265625 0.01796875
0 0.74140625 0.16875 0.05859375 0.0359375
0 0.8734375 0.171875 0.00859375 0.00625
0 0.80390625 0.19765625 0.04140625 0.021875
0 0.0359375 0.25703125 0.04921875 0.03828125
1 0.2015625 0.26171875 0.04609375 0.03203125
0 0.15390625 0.27578125 0.0359375 0.02890625
0 0.26640625 0.2765625 0.040625 0.02421875
0 0.353125 0.2765625 0.028125 0.01953125
0 0.378125 0.2765625 0.02734375 0.02421875
1 0.490625 0.29375 0.0296875 0.028125
1 0.35625 0.296875 0.02890625 0.01875
1 0.13671875 0.30703125 0.03046875 0.0234375
0 0.221875 0.31171875 0.03125 0.0234375
1 0.33671875 0.3125 0.03984375 0.0296875
1 0.3734375 0.31796875 0.03359375 0.02265625
0 0.7859375 0.31953125 0.06328125 0.046875
0 0.5921875 0.33359375 0.02734375 0.0296875
0 0.628125 0.33515625 0.028125 0.02109375
0 0.87109375 0.34140625 0.046875 0.02578125
0 0.68984375 0.3453125 0.0421875 0.025
0 0.73515625 0.3453125 0.021875 0.01484375
1 0.021875 0.03671875 0.0328125 0.0359375
0 0.775 0.36640625 0.028125 0.0265625
0 0.15625 0.0375 0.0234375 0.01484375
1 0.04921875 0.03984375 0.01875 0.01953125
0 0.16015625 0.43828125 0.0359375 0.0265625
0 0.22734375 0.4390625 0.04765625 0.0359375
1 0.33828125 0.46171875 0.025 0.0265625
0 0.3140625 0.465625 0.0203125 0.0125
1 0.39921875 0.47265625 0.0203125 0.01640625
1 0.4296875 0.4765625 0.03671875 0.025
0 0.2828125 0.48203125 0.0296875 0.021875
1 0.76484375 0.4828125 0.05625 0.03828125
0 0.55546875 0.4828125 0.01953125 0.01484375
0 0.5890625 0.48671875 0.0359375 0.02890625
0 0.803125 0.50234375 0.0140625 0.01171875
0 0.76875 0.51171875 0.0328125 0.025
1 0.303125 0.05234375 0.05390625 0.03359375
0 0.64921875 0.521875 0.04609375 0.03046875
0 0.415625 0.528125 0.02109375 0.015625
1 0.35859375 0.53203125 0.03671875 0.0296875
0 0.778125 0.5359375 0.0484375 0.028125
0 0.6953125 0.540625 0.02734375 0.0171875
0 0.89921875 0.54140625 0.02734375 0.01796875
0 0.62421875 0.5515625 0.01953125 0.01640625
1 0.875 0.56328125 0.0484375 0.0375
0 0.36875 0.5640625 0.0390625 0.0296875
0 0.31640625 0.5640625 0.0171875 0.01484375
0 0.60078125 0.57578125 0.0171875 0.01328125
0 0.1765625 0.0578125 0.025 0.01953125
0 0.3109375 0.5796875 0.015625 0.0140625
1 0.78828125 0.059375 0.10234375 0.065625
0 0.278125 0.60234375 0.0671875 0.0515625
0 0.8515625 0.646875 0.0421875 0.0296875
0 0.49296875 0.66171875 0.01484375 0.01171875
0 0.55078125 0.6625 0.0203125 0.01328125
0 0.53359375 0.6703125 0.01484375 0.01171875
1 0.175 0.671875 0.17109375 0.1109375
0 0.75 0.684375 0.03515625 0.025
1 0.85703125 0.70625 0.0609375 0.03828125
1 0.79296875 0.71484375 0.06796875 0.059375
0 0.69453125 0.7265625 0.02109375 0.01875
0 0.371875 0.74921875 0.02265625 0.01484375
0 0.91328125 0.759375 0.015625 0.0125
0 0.65234375 0.76171875 0.03203125 0.01953125
0 0.81953125 0.7640625 0.0140625 0.01015625
0 0.40859375 0.76484375 0.03125 0.0328125
1 0.5796875 0.765625 0.0484375 0.034375
0 0.55 0.76640625 0.0125 0.01015625
0 0.33359375 0.7796875 0.0390625 0.01953125
0 0.825 0.78203125 0.01328125 0.0109375
0 0.07734375 0.7859375 0.03671875 0.02890625
0 0.49296875 0.08203125 0.06640625 0.040625
0 0.2171875 0.82734375 0.02265625 0.01640625
1 0.5734375 0.084375 0.07734375 0.04609375
1 0.59140625 0.9015625 0.11328125 0.0890625
1 0.84765625 0.92578125 0.0265625 0.021875
1 0.09140625 0.09296875 0.0234375 0.03203125
0 0.11015625 0.9296875 0.01484375 0.01328125
0 0.46171875 0.9375 0.04140625 0.025
0 0.17109375 0.9375 0.03515625 0.02890625
0 0.390625 0.946875 0.03984375 0.0296875
1 0.65859375 0.9578125 0.13046875 0.07734375
1 0.9015625 0.9703125 0.02265625 0.01640625
0 0.79609375 0.9765625 0.03046875 0.02578125
0 0.43984375 0.97734375 0.0328125 0.02109375
1 0.84453125 0.978125 0.04921875 0.040625
1 0.36875 0.97890625 0.05703125 0.03203125
0 0.25078125 0.99140625 0.01640625 0.01171875
0 0.27421875 0.99375 0.025 0.01171875
1 0.1359375 0.1015625 0.03046875 0.0234375
0 0.3078125 0.1015625 0.04921875 0.0390625
0 0.8734375 0.10390625 0.0171875 0.0109375
0 0.8953125 0.1046875 0.028125 0.01328125
1 0.77734375 0.10546875 0.06328125 0.03203125
0 0.71015625 0.11015625 0.0359375 0.02265625
1 0.3640625 0.11328125 0.04921875 0.04453125
1 0.26796875 0.11484375 0.0234375 0.03203125
0 0.40703125 0.11796875 0.02890625 0.02734375
0 0.525 0.12265625 0.06171875 0.034375
1 0.98046875 0.12578125 0.03828125 0.0265625
0 0.0546875 0.0125 0.015625 0.0125