0 0.309375 0.13984375 0.0171875 0.0171875
0 0.959375 0.1421875 0.01953125 0.0171875
0 0.75546875 0.1421875 0.02421875 0.021875
0 0.53359375 0.146875 0.02421875 0.03203125
0 0.73125 0.1796875 0.03125 0.03671875
0 0.52421875 0.19453125 0.02421875 0.01875
0 0.7640625 0.19765625 0.01796875 0.01484375
0 0.5515625 0.0203125 0.0234375 0.01953125
0 0.75078125 0.2078125 0.00625 0.00625
0 0.79296875 0.2140625 0.01328125 0.0140625
0 0.73671875 0.2171875 0.0125 0.00859375
0 0.52265625 0.2234375 0.02890625 0.01875
0 0.69375 0.22578125 0.0328125 0.02734375
0 0.2921875 0.2390625 0.02578125 0.0171875
0 0.49375 0.240625 0.01015625 0.00859375
0 0.8234375 0.24375 0.0109375 0.01171875
0 0.6890625 0.25 0.0171875 0.015625
0 0.33828125 0.02578125 0.01875 0.015625
0 0.309375 0.26953125 0.00859375 0.009375
0 0.5375 0.26953125 0.009375 0.00859375
0 0.2859375 0.27265625 0.03828125 0.04765625
0 0.30859375 0.278125 0.009375 0.00859375
0 0.4171875 0.02890625 0.0171875 0.0171875
0 0.88828125 0.3 0.0125 0.0109375
0 0.23984375 0.3 0.04375 0.04921875
0 0.4765625 0.3015625 0.028125 0.0234375
0 0.24140625 0.3359375 0.01875 0.01796875
0 0.7390625 0.36015625 0.01640625 0.01484375
0 0.28125 0.36640625 0.02734375 0.01953125
0 0.3921875 0.03828125 0.028125 0.0265625
0 0.4578125 0.38828125 0.02578125 0.01796875
0 0.98515625 0.39375 0.01953125 0.01875
0 0.78046875 0.39609375 0.02890625 0.028125
0 0.2765625 0.4 0.05390625 0.03515625
0 0.4578125 0.40703125 0.02109375 0.02109375
0 0.6578125 0.41875 0.021875 0.02109375
0 0.88671875 0.0421875 0.02890625 0.02265625
0 0.7796875 0.43671875 0.01484375 0.0140625
0 0.66640625 0.4390625 0.01640625 0.01640625
0 0.79609375 0.43984375 0.01484375 0.01328125
0 0.20703125 0.446875 0.03671875 0.04140625
0 0.26328125 0.446875 0.03984375 0.04296875
0 0.36484375 0.46328125 0.01015625 0.01640625
0 0.6875 0.46328125 0.025 0.0234375
0 0.82109375 0.46640625 0.0578125 0.04921875
0 0.45859375 0.47890625 0.025 0.02421875
0 0.6390625 0.50625 0.03828125 0.03203125
0 0.49765625 0.51015625 0.0234375 0.0234375
0 0.44296875 0.525 0.03203125 0.03671875
0 0.2125 0.54453125 0.02109375 0.01875
0 0.6375 0.5578125 0.02734375 0.028125
0 0.19140625 0.56171875 0.01640625 0.01796875
0 0.45078125 0.56171875 0.03984375 0.0265625
0 0.49296875 0.57578125 0.025 0.0203125
0 0.36796875 0.05859375 0.0234375 0.028125
0 0.246875 0.615625 0.021875 0.01953125
0 0.43359375 0.6546875 0.03515625 0.034375
0 0.92421875 0.6828125 0.03828125 0.0296875
0 0.425 0.69765625 0.01484375 0.015625
0 0.95625 0.70078125 0.0203125 0.01796875
0 0.73828125 0.7171875 0.0234375 0.02109375
0 0.50234375 0.071875 0.0453125 0.04609375
0 0.80703125 0.72109375 0.01875 0.01796875
0 0.62265625 0.72265625 0.02734375 0.02109375
0 0.56171875 0.725 0.0953125 0.0578125
0 0.91953125 0.07265625 0.01875 0.01796875
0 0.66328125 0.72734375 0.02265625 0.015625
0 0.4203125 0.73046875 0.0453125 0.0484375
0 0.2765625 0.74375 0.01328125 0.0125
0 0.271875 0.76484375 0.01953125 0.021875
0 0.29921875 0.76953125 0.03046875 0.02734375
0 0.15625 0.7703125 0.034375 0.02734375
0 0.46015625 0.78046875 0.01640625 0.01328125
0 0.2421875 0.78828125 0.03984375 0.02734375
0 0.29296875 0.79296875 0.02890625 0.0203125
0 0.559375 0.08046875 0.0265625 0.02109375
0 0.05703125 0.8125 0.015625 0.01640625
0 0.46796875 0.81875 0.046875 0.05546875
0 0.446875 0.0859375 0.01640625 0.01796875
0 0.33203125 0.86015625 0.02890625 0.02734375
0 0.3703125 0.8609375 0.0265625 0.02421875
0 0.6 0.08671875 0.0265625 0.02109375
0 0.5234375 0.86875 0.0609375 0.059375
0 0.12578125 0.88828125 0.02734375 0.02109375
0 0.61484375 0.88984375 0.025 0.02734375
0 0.83515625 0.89375 0.025 0.021875
0 0.08515625 0.9015625 0.0234375 0.02578125
0 0.33046875 0.92109375 0.01484375 0.0171875
0 0.43125 0.9375 0.03671875 0.0296875
0 0.55 0.93828125 0.03046875 0.0328125
0 0.3296875 0.94921875 0.0203125 0.021875
0 0.37734375 0.9796875 0.02890625 0.03828125
0 0.3375 0.1078125 0.03671875 0.04140625
0 0.27109375 0.13046875 0.02421875 0.03125