0 0.61875 0.49296875 0.128125 0.090625
0 0.23671875 0.49453125 0.09140625 0.07578125
0 0.74765625 0.4984375 0.13359375 0.09921875
0 0.8453125 0.52578125 0.0796875 0.05703125
0 0.384375 0.5359375 0.19765625 0.13046875
0 0.875 0.58984375 0.08359375 0.05546875
0 0.10390625 0.6046875 0.08203125 0.06171875
0 0.1703125 0.6578125 0.096875 0.07265625
0 0.94375 0.6578125 0.11015625 0.0875
0 0.7625 0.7203125 0.06796875 0.07421875
1 0.92578125 0.80625 0.1453125 0.115625
0 0.5515625 0.109375 0.0859375 0.0546875
0 0.4953125 0.1453125 0.05546875 0.03828125
0 0.8734375 0.1484375 0.05703125 0.05234375
0 0.79609375 0.02265625 0.0703125 0.0453125
0 0.73984375 0.22578125 0.0625 0.0453125
1 0.18671875 0.22734375 0.36796875 0.29921875
1 0.6 0.33046875 0.134375 0.09296875
0 0.115625 0.3796875 0.0609375 0.0453125
1 0.49375 0.4078125 0.153125 0.128125
0 0.1265625 0.44296875 0.1265625 0.07734375