0 0.25625 0.23515625 0.07578125 0.0796875
0 0.16484375 0.30625 0.03125 0.0375
0 0.2265625 0.34765625 0.02265625 0.021875
0 0.57578125 0.375 0.025 0.02734375
0 0.68515625 0.41328125 0.06015625 0.05625
0 0.35859375 0.4140625 0.0359375 0.04453125
0 0.63515625 0.415625 0.0390625 0.0640625
0 0.27890625 0.41953125 0.05546875 0.071875
0 0.5828125 0.46953125 0.028125 0.03125
0 0.81015625 0.5265625 0.034375 0.03515625
0 0.48828125 0.57109375 0.02578125 0.0375
0 0.321875 0.5921875 0.03515625 0.03984375
0 0.83984375 0.67109375 0.03125 0.0421875
0 0.2171875 0.70078125 0.075 0.06875
0 0.1265625 0.77109375 0.03046875 0.0296875
0 0.0375 0.78203125 0.03203125 0.03515625
0 0.403125 0.8140625 0.06640625 0.07734375
0 0.3640625 0.909375 0.034375 0.03359375
0 0.4015625 0.96640625 0.0296875 0.03828125
0 0.29921875 0.11328125 0.07109375 0.071875
0 0.24765625 0.1453125 0.04140625 0.04609375
0 0.36875 0.16953125 0.05546875 0.0703125
0 0.21328125 0.184375 0.046875 0.065625