0 0.496875 0.3578125 0.0578125 0.078125
0 0.52734375 0.03828125 0.0375 0.05390625
0 0.48359375 0.43515625 0.0234375 0.03046875
0 0.9015625 0.47109375 0.03359375 0.03828125
0 0.5796875 0.478125 0.04296875 0.06640625
0 0.66640625 0.4875 0.1296875 0.10546875
0 0.74765625 0.48828125 0.03671875 0.05390625
0 0.8015625 0.490625 0.03203125 0.03203125
0 0.4765625 0.50234375 0.059375 0.08828125
0 0.2421875 0.534375 0.04921875 0.06640625
0 0.2796875 0.5578125 0.02890625 0.04140625
0 0.125 0.565625 0.0453125 0.04921875
0 0.315625 0.56796875 0.040625 0.04296875
0 0.0796875 0.571875 0.03828125 0.059375
0 0.27578125 0.59609375 0.02421875 0.034375
0 0.2375 0.5984375 0.05625 0.05390625
0 0.540625 0.65625 0.065625 0.1015625
0 0.3609375 0.72890625 0.0375 0.04609375
0 0.4265625 0.73359375 0.075 0.05
0 0.61328125 0.7453125 0.08828125 0.10859375
0 0.73671875 0.78359375 0.03359375 0.0453125
0 0.03046875 0.803125 0.03359375 0.0453125
0 0.29609375 0.81015625 0.00703125 0.00859375
0 0.3234375 0.8140625 0.00703125 0.00859375
0 0.34921875 0.8203125 0.00703125 0.00703125
0 0.37734375 0.82578125 0.0078125 0.0109375
0 0.42421875 0.83515625 0.00859375 0.009375
0 0.35625 0.83828125 0.01953125 0.028125
0 0.43515625 0.85625 0.00703125 0.01015625
0 0.4953125 0.8703125 0.05703125 0.05625
0 0.37578125 0.87109375 0.00625 0.009375
0 0.43515625 0.87890625 0.0078125 0.00859375
0 0.35703125 0.88828125 0.028125 0.040625
0 0.04453125 0.909375 0.03671875 0.08828125
0 0.49375 0.92890625 0.046875 0.06015625
0 0.76875 0.09296875 0.05390625 0.059375
0 0.4203125 0.9484375 0.040625 0.07265625
0 0.34375 0.9625 0.03828125 0.0421875
0 0.58046875 0.09765625 0.034375 0.046875
0 0.50625 0.125 0.05 0.06953125
0 0.8328125 0.01875 0.0328125 0.03515625
0 0.76796875 0.18359375 0.04375 0.0515625
0 0.51875 0.1921875 0.05546875 0.053125
0 0.575 0.2171875 0.03046875 0.04140625