0 0.09609375 0.30234375 0.08515625 0.096875
0 0.25 0.3328125 0.03125 0.0390625
0 0.1625 0.3359375 0.01328125 0.015625
0 0.14609375 0.38359375 0.06796875 0.078125
0 0.23125 0.4171875 0.08828125 0.08671875
0 0.0578125 0.4484375 0.025 0.03359375
0 0.07578125 0.4828125 0.02265625 0.0296875
0 0.484375 0.48671875 0.0296875 0.03671875
0 0.2328125 0.521875 0.0640625 0.09375
0 0.6203125 0.53671875 0.07109375 0.06796875
0 0.5578125 0.5390625 0.04453125 0.0859375
0 0.12109375 0.5453125 0.06328125 0.10234375
0 0.49140625 0.61171875 0.03203125 0.04375
0 0.76796875 0.68671875 0.040625 0.04375
0 0.3765625 0.746875 0.03046875 0.05078125
0 0.17890625 0.775 0.04453125 0.0546875
0 0.80546875 0.88125 0.040625 0.059375
0 0.04375 0.92265625 0.07421875 0.08828125
0 0.146875 0.13359375 0.08203125 0.10625
0 0.08671875 0.1828125 0.06015625 0.07265625
0 0.2328125 0.2125 0.0703125 0.0859375
0 0.16328125 0.21953125 0.0125 0.01953125
0 0.14453125 0.22109375 0.01796875 0.02734375
0 0.040625 0.23046875 0.06640625 0.09609375
0 0.1546875 0.24765625 0.01796875 0.0203125
0 0.5890625 0.2703125 0.128125 0.19609375
0 0.16328125 0.3 0.015625 0.021875