0 0.271875 0.2546875 0.1484375 0.14921875
0 0.15625 0.3359375 0.1203125 0.15859375
0 0.68984375 0.42109375 0.1234375 0.1390625
0 0.21953125 0.4953125 0.1421875 0.11875
0 0.4890625 0.53125 0.1015625 0.11328125
0 0.80390625 0.5765625 0.1109375 0.1109375
0 0.8640625 0.68515625 0.109375 0.1078125
0 0.3703125 0.696875 0.1375 0.12109375
0 0.58671875 0.70234375 0.14921875 0.18984375
0 0.215625 0.71796875 0.11328125 0.13359375
0 0.0625 0.73828125 0.125 0.1890625
0 0.9078125 0.7890625 0.10703125 0.10625
1 0.703125 0.8703125 0.13828125 0.10390625
0 0.31484375 0.88359375 0.15625 0.17734375
1 0.16640625 0.9046875 0.13984375 0.1890625
0 0.4484375 0.12734375 0.19453125 0.23671875
1 0.08359375 0.18046875 0.1515625 0.18828125