0 0.771875 0.47109375 0.09296875 0.05
1 0.5640625 0.47578125 0.30078125 0.33359375
1 0.9 0.5875 0.11171875 0.08828125
0 0.928125 0.60078125 0.0609375 0.0625
0 0.7875 0.63046875 0.08359375 0.071875
0 0.86171875 0.65625 0.090625 0.06640625
0 0.7921875 0.70234375 0.05078125 0.06328125
0 0.51640625 0.70390625 0.10078125 0.0875
0 0.415625 0.7125 0.0859375 0.11015625
0 0.91171875 0.75390625 0.09453125 0.08984375
1 0.6 0.778125 0.08671875 0.1296875
1 0.725 0.78984375 0.1609375 0.1390625
1 0.49609375 0.8640625 0.0734375 0.0765625
0 0.40390625 0.0890625 0.05859375 0.05625
1 0.1828125 0.91171875 0.2078125 0.1578125
1 0.55625 0.92109375 0.0734375 0.08828125
1 0.23515625 0.09296875 0.15625 0.10390625
0 0.04609375 0.10703125 0.0859375 0.0875
0 0.38828125 0.190625 0.2015625 0.16875
0 0.34140625 0.02109375 0.05625 0.04140625
1 0.11796875 0.2359375 0.15546875 0.17578125
0 0.23359375 0.2640625 0.0703125 0.08359375
0 0.8609375 0.353125 0.06640625 0.06484375
0 0.8140625 0.38828125 0.03828125 0.040625
0 0.378125 0.04453125 0.0546875 0.05546875