0 0.74296875 0.9859375 0.0265625 0.025
0 0.70078125 0.98828125 0.03203125 0.02265625
0 0.9375 0.10546875 0.0203125 0.02421875
0 0.0734375 0.18671875 0.03359375 0.03359375
0 0.7390625 0.2109375 0.02578125 0.0265625
0 0.06484375 0.02265625 0.03828125 0.0375
0 0.68046875 0.2796875 0.01875 0.01796875
0 0.68515625 0.3796875 0.0375 0.04140625
0 0.9203125 0.45859375 0.071875 0.0640625
0 0.128125 0.56796875 0.053125 0.05625
0 0.78984375 0.56875 0.02421875 0.02109375
0 0.0765625 0.58515625 0.04296875 0.040625
0 0.175 0.58671875 0.03671875 0.0359375
0 0.7796875 0.596875 0.02890625 0.025
0 0.72890625 0.61953125 0.05234375 0.04765625
0 0.76015625 0.665625 0.03359375 0.034375
0 0.80703125 0.665625 0.03125 0.03359375
0 0.8546875 0.0671875 0.0390625 0.04453125
0 0.02421875 0.67578125 0.0484375 0.0375
0 0.7578125 0.72421875 0.03359375 0.0296875
0 0.9734375 0.07734375 0.04609375 0.04921875
0 0.1265625 0.7921875 0.01875 0.0171875
0 0.09453125 0.84609375 0.01796875 0.01796875
0 0.78984375 0.84609375 0.03359375 0.02890625
0 0.734375 0.8578125 0.03828125 0.03359375
1 0.6859375 0.875 0.04453125 0.0671875
0 0.728125 0.8953125 0.0296875 0.0328125
0 0.40703125 0.92421875 0.02265625 0.021875
0 0.67890625 0.9328125 0.03359375 0.034375
0 0.52421875 0.96171875 0.02734375 0.02578125