0 0.9546875 0.25234375 0.06796875 0.07421875
0 0.78359375 0.334375 0.025 0.0234375
0 0.76015625 0.3640625 0.0296875 0.03359375
0 0.70390625 0.37109375 0.04609375 0.05234375
0 0.71640625 0.43671875 0.03203125 0.0453125
0 0.76328125 0.45625 0.0296875 0.03671875
1 0.12265625 0.05546875 0.0625 0.0671875
1 0.059375 0.05859375 0.04609375 0.0546875
1 0.57265625 0.63203125 0.0359375 0.0359375
0 0.75078125 0.0640625 0.034375 0.04296875
0 0.61953125 0.65390625 0.03671875 0.0390625
0 0.6796875 0.6625 0.03359375 0.03515625
1 0.55546875 0.66640625 0.040625 0.04453125
0 0.371875 0.68984375 0.0265625 0.03125
0 0.5984375 0.69453125 0.03203125 0.0359375
0 0.30390625 0.70390625 0.025 0.02734375
0 0.2484375 0.7109375 0.03828125 0.059375
0 0.5375 0.71953125 0.0375 0.03984375
0 0.278125 0.734375 0.01953125 0.02421875
0 0.3625 0.75078125 0.03671875 0.046875
0 0.53828125 0.796875 0.0359375 0.0390625
1 0.57890625 0.821875 0.02890625 0.0578125
0 0.309375 0.834375 0.03359375 0.0421875
0 0.5453125 0.83828125 0.0296875 0.034375
0 0.61015625 0.88125 0.02421875 0.025
0 0.1578125 0.1 0.0390625 0.04453125