0 0.72265625 0.2375 0.05078125 0.04609375
0 0.6328125 0.275 0.06015625 0.0671875
0 0.95625 0.3328125 0.05390625 0.10703125
0 0.703125 0.34921875 0.090625 0.13125
0 0.8578125 0.396875 0.08046875 0.1109375
0 0.05859375 0.04296875 0.053125 0.08046875
0 0.91484375 0.43515625 0.03984375 0.059375
0 0.8015625 0.75234375 0.0484375 0.06015625
0 0.975 0.8265625 0.0359375 0.04765625
0 0.134375 0.08671875 0.03671875 0.059375
0 0.49140625 0.875 0.04140625 0.05703125
0 0.77578125 0.95625 0.04609375 0.0609375
0 0.20234375 0.12265625 0.06796875 0.09296875