0 0.734375 0.1953125 0.04140625 0.0421875
0 0.96796875 0.2375 0.0375 0.07265625
0 0.7859375 0.25 0.059375 0.084375
0 0.8984375 0.2796875 0.06015625 0.07734375
0 0.93984375 0.309375 0.03203125 0.040625
0 0.0234375 0.03203125 0.03671875 0.0515625
0 0.315625 0.03515625 0.03828125 0.059375
0 0.209375 0.4296875 0.03984375 0.059375
0 0.1203125 0.4734375 0.04140625 0.05546875
0 0.8578125 0.52890625 0.034375 0.0375
0 0.98359375 0.5796875 0.02734375 0.03125
0 0.63046875 0.61328125 0.02578125 0.034375
0 0.8375 0.67265625 0.03046875 0.03828125
0 0.3703125 0.0671875 0.02734375 0.03984375
0 0.86796875 0.696875 0.02890625 0.0296875
0 0.0671875 0.71796875 0.03203125 0.04609375
0 0.42109375 0.0890625 0.04765625 0.0625
0 0.92734375 0.94296875 0.046875 0.0625
0 0.240625 0.13203125 0.03671875 0.05234375