0 0.67265625 0.11875 0.0296875 0.03125
0 0.621875 0.14296875 0.04296875 0.0546875
0 0.64921875 0.2 0.034375 0.0421875
0 0.6953125 0.2046875 0.02734375 0.03984375
0 0.64296875 0.27265625 0.0265625 0.03203125
0 0.01796875 0.29921875 0.01953125 0.021875
1 0.0359375 0.03046875 0.04921875 0.05703125
0 0.56640625 0.42109375 0.03046875 0.03359375
0 0.66484375 0.421875 0.03046875 0.03515625
0 0.66484375 0.421875 0.03203125 0.03203125
0 0.61015625 0.4296875 0.0359375 0.04296875
0 0.5578125 0.45390625 0.0296875 0.0265625
0 0.6015625 0.47734375 0.028125 0.0359375
0 0.284375 0.484375 0.02109375 0.0265625
0 0.55078125 0.51796875 0.03203125 0.0421875
0 0.39609375 0.53984375 0.0265625 0.03203125
0 0.078125 0.05703125 0.03671875 0.0390625
0 0.33984375 0.5734375 0.025 0.028125
0 0.56953125 0.58984375 0.03125 0.03359375
1 0.303125 0.596875 0.05859375 0.0625
0 0.40234375 0.59921875 0.0359375 0.04921875
1 0.61171875 0.60078125 0.0265625 0.05625
0 0.5828125 0.625 0.02734375 0.03359375
0 0.64921875 0.64609375 0.02421875 0.028125
0 0.37265625 0.69375 0.03671875 0.04296875
0 0.6859375 0.084375 0.02265625 0.02421875
0 0.48671875 0.95 0.02734375 0.0359375
0 0.4375 0.978125 0.03046875 0.0359375