0 0.946875 0.63515625 0.04375 0.05546875
0 0.446875 0.63515625 0.01484375 0.01796875
0 0.51796875 0.6359375 0.0171875 0.02109375
0 0.37109375 0.6390625 0.01875 0.02265625
0 0.88359375 0.64375 0.0234375 0.015625
0 0.296875 0.64765625 0.01875 0.021875
0 0.56015625 0.6484375 0.0140625 0.015625
0 0.4890625 0.64921875 0.0125 0.01328125
0 0.41484375 0.65390625 0.01640625 0.02578125
0 0.34140625 0.6546875 0.0203125 0.02265625
0 0.60234375 0.65703125 0.02109375 0.02109375
0 0.26796875 0.6625 0.01796875 0.01875
0 0.4578125 0.66484375 0.02265625 0.0234375
0 0.3875 0.6671875 0.0171875 0.02109375
0 0.3125 0.6734375 0.01796875 0.0203125
0 0.57265625 0.6734375 0.01640625 0.02265625
0 0.23984375 0.67734375 0.01328125 0.01484375
0 0.50078125 0.68046875 0.015625 0.021875
0 0.425 0.68046875 0.01796875 0.0203125
0 0.35390625 0.684375 0.01953125 0.0234375
0 0.61484375 0.6875 0.0203125 0.021875
0 0.28125 0.690625 0.0171875 0.0203125
0 0.471875 0.69296875 0.009375 0.01484375
0 0.5421875 0.69296875 0.0171875 0.0203125
0 0.209375 0.69375 0.01796875 0.01953125
0 0.39609375 0.69765625 0.01875 0.01875
0 0.32421875 0.70234375 0.0140625 0.01640625
0 0.25078125 0.70625 0.0140625 0.01640625
0 0.51171875 0.7078125 0.015625 0.01796875
0 0.4390625 0.70859375 0.01328125 0.01875
0 0.36640625 0.7109375 0.0203125 0.02109375
0 0.62578125 0.71484375 0.01796875 0.021875
0 0.29453125 0.71875 0.01796875 0.02109375
0 0.55546875 0.71953125 0.0171875 0.0203125
0 0.48125 0.721875 0.01640625 0.02421875
0 0.3359375 0.73046875 0.01875 0.0203125
0 0.2640625 0.734375 0.01875 0.0203125
0 0.52578125 0.73671875 0.01484375 0.021875
0 0.453125 0.7390625 0.0203125 0.0234375
0 0.37890625 0.73984375 0.02109375 0.02109375
0 0.63828125 0.74296875 0.01875 0.02265625
0 0.3078125 0.746875 0.0140625 0.01796875
0 0.56953125 0.74921875 0.021875 0.0265625
0 0.49375 0.75234375 0.01484375 0.0171875
0 0.421875 0.7546875 0.01875 0.025
0 0.35 0.759375 0.015625 0.0203125
0 0.60859375 0.7609375 0.01640625 0.01875
0 0.278125 0.7609375 0.01640625 0.021875
0 0.5359375 0.765625 0.0140625 0.015625
0 0.46640625 0.76640625 0.015625 0.01640625
0 0.3921875 0.76953125 0.02265625 0.02421875
0 0.321875 0.7734375 0.01640625 0.0171875
0 0.64921875 0.77421875 0.01796875 0.01953125
0 0.50546875 0.77890625 0.0171875 0.01875
0 0.43515625 0.7828125 0.015625 0.01796875
0 0.36171875 0.7859375 0.01328125 0.015625
0 0.28984375 0.78828125 0.01640625 0.01875
0 0.62265625 0.7890625 0.0203125 0.02578125
0 0.54921875 0.79140625 0.01640625 0.01484375
0 0.4796875 0.7953125 0.01328125 0.01484375
0 0.40625 0.796875 0.0171875 0.01875
0 0.33203125 0.80234375 0.0171875 0.021875
0 0.5890625 0.80390625 0.0203125 0.02265625
0 0.446875 0.8109375 0.021875 0.02265625
0 0.375 0.815625 0.015625 0.02265625
0 0.303125 0.8171875 0.01796875 0.02109375
0 0.559375 0.821875 0.0140625 0.01484375
0 0.49140625 0.82265625 0.01328125 0.01640625
0 0.41796875 0.82578125 0.01875 0.01953125
0 0.34765625 0.83125 0.015625 0.0203125
0 0.53203125 0.83671875 0.0140625 0.0171875
0 0.4625 0.83671875 0.01953125 0.02109375
0 0.3171875 0.84140625 0.01484375 0.0203125
0 0.38984375 0.8421875 0.015625 0.01953125
0 0.50078125 0.853125 0.015625 0.01875
0 0.43203125 0.85625 0.0171875 0.01953125
0 0.3609375 0.859375 0.01640625 0.01796875
0 0.475 0.8671875 0.01328125 0.0140625
0 0.3296875 0.87109375 0.01484375 0.0171875
0 0.40078125 0.87109375 0.01953125 0.01796875
0 0.44296875 0.88359375 0.01640625 0.01953125
0 0.37109375 0.8890625 0.0203125 0.02421875
0 0.41328125 0.90078125 0.0125 0.015625
0 0.34140625 0.90078125 0.01640625 0.021875
0 0.3859375 0.91328125 0.01796875 0.0171875
0 0.35234375 0.92890625 0.025 0.021875
0 0.49453125 0.35625 0.046875 0.05546875
0 0.67578125 0.0390625 0.06171875 0.05859375
0 0.59296875 0.409375 0.05625 0.11328125
0 0.51328125 0.45546875 0.01171875 0.01640625
0 0.89765625 0.0453125 0.11015625 0.071875
0 0.48515625 0.471875 0.01640625 0.01953125
0 0.4109375 0.47734375 0.01484375 0.015625
0 0.3421875 0.48359375 0.01796875 0.015625
0 0.52734375 0.484375 0.015625 0.02109375
0 0.45703125 0.4890625 0.0171875 0.01875
0 0.384375 0.4921875 0.0125 0.015625
0 0.31015625 0.49609375 0.021875 0.021875
0 0.4953125 0.50234375 0.015625 0.01875
0 0.425 0.50546875 0.01796875 0.01875
0 0.278125 0.50859375 0.01328125 0.01640625
0 0.86171875 0.51015625 0.0484375 0.06484375
0 0.35390625 0.5109375 0.01953125 0.02265625
0 0.5390625 0.51328125 0.01640625 0.021875
0 0.46953125 0.51875 0.01875 0.01875
0 0.2109375 0.51953125 0.0171875 0.021875
0 0.3234375 0.5234375 0.01875 0.02421875
0 0.39609375 0.5234375 0.015625 0.01875
0 0.253125 0.528125 0.01796875 0.0234375
0 0.4375 0.53125 0.01640625 0.0203125
0 0.5515625 0.5453125 0.0140625 0.015625
0 0.4796875 0.5515625 0.0203125 0.02421875
0 0.3359375 0.5515625 0.021875 0.0234375
0 0.2640625 0.55703125 0.0171875 0.0234375
0 0.196875 0.56171875 0.01875 0.02421875
0 0.45 0.5625 0.0171875 0.01640625
0 0.51875 0.5625 0.01796875 0.02109375
0 0.37734375 0.5671875 0.01875 0.02109375
0 0.303125 0.5703125 0.0203125 0.0203125
0 0.56484375 0.5734375 0.015625 0.02109375
0 0.49296875 0.57734375 0.0140625 0.01484375
0 0.1609375 0.57734375 0.01484375 0.0171875
0 0.34453125 0.58203125 0.0171875 0.01953125
0 0.8625 0.5828125 0.0375 0.04765625
0 0.2765625 0.58671875 0.015625 0.01953125
0 0.9 0.58671875 0.02578125 0.028125
0 0.5359375 0.58828125 0.01953125 0.02109375
0 0.2046875 0.5890625 0.01484375 0.01796875
0 0.4640625 0.58984375 0.01328125 0.0140625
0 0.7640625 0.590625 0.06875 0.08046875
0 0.3140625 0.5984375 0.015625 0.02109375
0 0.17421875 0.6046875 0.01328125 0.0140625
0 0.4296875 0.60625 0.0171875 0.01640625
0 0.35625 0.6078125 0.01953125 0.02421875
0 0.50546875 0.6078125 0.01640625 0.01953125
0 0.2875 0.61328125 0.01796875 0.0203125
0 0.5453125 0.61875 0.02109375 0.02734375
0 0.403125 0.62265625 0.01796875 0.01953125
0 0.21328125 0.6234375 0.01640625 0.02265625
0 0.47421875 0.62421875 0.02109375 0.0265625
0 0.32890625 0.62578125 0.0171875 0.02265625
0 0.2578125 0.63203125 0.01640625 0.0203125