0 0.803125 0.125 0.040625 0.03046875
0 0.865625 0.12890625 0.0375 0.03203125
0 0.9296875 0.153125 0.05 0.04609375
0 0.85859375 0.17578125 0.0390625 0.03203125
0 0.79375 0.17890625 0.040625 0.028125
0 0.9734375 0.22109375 0.03515625 0.0265625
0 0.8359375 0.2265625 0.03203125 0.028125
0 0.496875 0.22890625 0.040625 0.02578125
0 0.78125 0.234375 0.034375 0.02578125
0 0.6578125 0.24453125 0.0828125 0.07890625
0 0.46640625 0.25 0.05078125 0.02734375
0 0.92265625 0.25 0.053125 0.04609375
0 0.82734375 0.27578125 0.03359375 0.03125
0 0.76640625 0.2828125 0.03828125 0.02421875
0 0.9671875 0.28828125 0.040625 0.0296875
0 0.5578125 0.29140625 0.01640625 0.01484375
0 0.815625 0.3296875 0.03984375 0.034375
0 0.91015625 0.334375 0.05703125 0.034375
0 0.75859375 0.33671875 0.034375 0.03203125
0 0.87109375 0.3703125 0.0375 0.0296875
0 0.81328125 0.37734375 0.040625 0.03046875
0 0.32109375 0.38203125 0.03359375 0.02734375
0 0.75234375 0.3921875 0.0359375 0.028125
0 0.940625 0.3953125 0.03203125 0.028125
0 0.471875 0.3953125 0.04140625 0.0296875
0 0.86875 0.4234375 0.04453125 0.034375
0 0.80703125 0.43125 0.040625 0.0296875
0 0.7546875 0.44296875 0.0328125 0.02734375
0 0.94140625 0.4671875 0.03671875 0.03125
0 0.86875 0.475 0.04609375 0.03515625
0 0.81328125 0.4859375 0.03359375 0.025
0 0.7578125 0.49453125 0.03828125 0.0328125
0 0.9484375 0.5171875 0.03203125 0.02578125
0 0.8828125 0.52109375 0.03125 0.02421875
0 0.82109375 0.5359375 0.0359375 0.0265625
0 0.95234375 0.56640625 0.03203125 0.03125
0 0.8875 0.5765625 0.03046875 0.02578125
0 0.821875 0.58359375 0.02578125 0.02421875
0 0.9546875 0.61953125 0.034375 0.02890625
0 0.59375 0.6265625 0.00625 0.00625
0 0.89453125 0.62890625 0.0375 0.025
0 0.83125 0.63828125 0.0296875 0.01953125
0 0.7765625 0.65078125 0.0234375 0.01953125
0 0.9609375 0.66875 0.03671875 0.03046875
0 0.89921875 0.68125 0.0296875 0.02578125
0 0.965625 0.7234375 0.0265625 0.02421875
0 0.81953125 0.07265625 0.0328125 0.02890625
0 0.9078125 0.73203125 0.025 0.02109375
0 0.91796875 0.834375 0.02890625 0.02578125