0 0.84765625 0.38828125 0.04453125 0.0671875
0 0.95703125 0.390625 0.05078125 0.0453125
0 0.6265625 0.39140625 0.03984375 0.05625
0 0.403125 0.39453125 0.04921875 0.0703125
0 0.5171875 0.3953125 0.05234375 0.0640625
0 0.1859375 0.39609375 0.04140625 0.0515625
0 0.29609375 0.4 0.05234375 0.065625
0 0.7421875 0.40859375 0.046875 0.0671875
0 0.775 0.45625 0.0515625 0.05859375
0 0.6609375 0.459375 0.04609375 0.053125
0 0.88046875 0.46015625 0.05625 0.065625
0 0.4390625 0.46171875 0.053125 0.075
0 0.5546875 0.46171875 0.05234375 0.05859375
0 0.225 0.4640625 0.04140625 0.05703125
0 0.11875 0.46640625 0.03515625 0.04375
0 0.01328125 0.46640625 0.0265625 0.0515625
0 0.33671875 0.4671875 0.053125 0.0734375
0 0.8046875 0.521875 0.04765625 0.05625
0 0.91875 0.5265625 0.05546875 0.071875
0 0.25703125 0.528125 0.05625 0.06015625
0 0.47890625 0.53125 0.04765625 0.06796875
0 0.696875 0.5328125 0.0515625 0.0703125
0 0.5921875 0.534375 0.0375 0.0609375
0 0.046875 0.53515625 0.03984375 0.05546875
0 0.1546875 0.53671875 0.04453125 0.0609375
0 0.36875 0.53671875 0.0578125 0.07265625
0 0.73203125 0.5921875 0.04296875 0.05703125
0 0.621875 0.59375 0.04453125 0.065625
0 0.8421875 0.5953125 0.053125 0.06796875
0 0.51484375 0.59609375 0.046875 0.06640625
0 0.95625 0.59765625 0.046875 0.06796875
0 0.40546875 0.6 0.053125 0.071875
0 0.296875 0.6 0.053125 0.0703125
0 0.1890625 0.60078125 0.046875 0.05546875
0 0.08046875 0.60078125 0.04140625 0.0578125
0 0.771875 0.659375 0.03828125 0.05546875
0 0.66015625 0.66328125 0.053125 0.0640625
0 0.55 0.6671875 0.05078125 0.0640625
0 0.44296875 0.66796875 0.053125 0.059375
0 0.225 0.66875 0.05 0.05703125
0 0.88515625 0.66953125 0.04921875 0.05859375
0 0.334375 0.67109375 0.04609375 0.05234375
0 0.10859375 0.67109375 0.034375 0.04765625
0 0.14921875 0.72890625 0.04609375 0.046875
0 0.26328125 0.73125 0.0484375 0.07109375
0 0.915625 0.73359375 0.046875 0.0640625
0 0.81171875 0.73359375 0.0421875 0.0578125
0 0.48125 0.7359375 0.05859375 0.059375
0 0.58828125 0.7359375 0.0453125 0.05546875
0 0.04140625 0.7359375 0.0390625 0.05625
0 0.07890625 0.79765625 0.04296875 0.05078125
0 0.515625 0.7984375 0.0546875 0.0671875
0 0.29453125 0.80078125 0.05 0.0640625
0 0.96015625 0.80234375 0.0484375 0.05703125
0 0.18125 0.803125 0.05 0.06328125
0 0.84296875 0.803125 0.04296875 0.05390625
0 0.40546875 0.80390625 0.04296875 0.05703125
0 0.63046875 0.8046875 0.0453125 0.0609375
0 0.55703125 0.86640625 0.05 0.0734375
0 0.11953125 0.86796875 0.040625 0.0515625
0 0.22421875 0.86953125 0.04765625 0.06875
0 0.88359375 0.8734375 0.03828125 0.05234375
0 0.33671875 0.87421875 0.05 0.0578125
0 0.43984375 0.87421875 0.03359375 0.0453125
0 0.01328125 0.88203125 0.0265625 0.04921875
0 0.36953125 0.93515625 0.0515625 0.065625
0 0.91484375 0.93671875 0.04453125 0.0625
0 0.47734375 0.93671875 0.04609375 0.05390625
0 0.15625 0.9421875 0.04453125 0.0515625
0 0.259375 0.9421875 0.04921875 0.06796875
0 0.590625 0.9453125 0.04140625 0.0609375
0 0.0375 0.94609375 0.04375 0.065625
0 0.3046875 0.20625 0.03828125 0.0515625
0 0.44453125 0.25390625 0.0515625 0.06171875
0 0.33203125 0.26015625 0.05234375 0.05859375
0 0.2203125 0.26171875 0.03515625 0.04140625
0 0.13984375 0.3109375 0.0546875 0.0765625
0 0.48203125 0.32421875 0.04921875 0.0640625
0 0.3640625 0.3296875 0.0421875 0.06171875
0 0.2609375 0.3296875 0.0421875 0.059375
0 0.5953125 0.346875 0.05 0.05625
0 0.08359375 0.38203125 0.03984375 0.05703125