0 0.40390625 0.28515625 0.0359375 0.03828125
0 0.3875 0.3359375 0.0359375 0.04453125
0 0.3296875 0.34296875 0.0625 0.0640625
0 0.11796875 0.34453125 0.0359375 0.034375
0 0.26796875 0.35 0.04296875 0.046875
0 0.453125 0.36015625 0.0359375 0.05546875
0 0.39921875 0.41015625 0.04453125 0.046875
0 0.3515625 0.41328125 0.04375 0.046875
0 0.4453125 0.43046875 0.0328125 0.03203125
0 0.28203125 0.45625 0.0390625 0.04765625
0 0.19609375 0.46953125 0.0546875 0.05234375
0 0.3578125 0.475 0.06171875 0.053125
0 0.43671875 0.4765625 0.034375 0.03671875
0 0.365625 0.53125 0.02578125 0.0359375
0 0.2875 0.56484375 0.06484375 0.10625
0 0.3546875 0.59609375 0.06015625 0.053125
0 0.40546875 0.64765625 0.03359375 0.0375
0 0.34921875 0.66171875 0.0265625 0.0234375
0 0.40390625 0.70625 0.05703125 0.03984375
0 0.31171875 0.71953125 0.0359375 0.04296875
0 0.4125 0.7625 0.04140625 0.04609375
0 0.34765625 0.77578125 0.0328125 0.034375
0 0.73125 0.8234375 0.04140625 0.0328125
0 0.159375 0.09296875 0.17578125 0.184375
0 0.3625 0.1359375 0.03359375 0.03515625
0 0.51015625 0.1875 0.04140625 0.03359375
0 0.33828125 0.2046875 0.04296875 0.03359375
0 0.42109375 0.2234375 0.028125 0.02421875
0 0.26015625 0.2265625 0.03671875 0.04140625
0 0.4671875 0.24921875 0.02265625 0.02578125