0 0.5609375 0.54765625 0.09921875 0.10390625
0 0.9515625 0.5796875 0.09609375 0.1640625
0 0.7609375 0.58359375 0.0828125 0.08203125
0 0.42109375 0.63515625 0.08828125 0.115625
0 0.57421875 0.66953125 0.1296875 0.121875
0 0.73984375 0.675 0.075 0.08984375
0 0.33046875 0.7765625 0.06953125 0.0765625
0 0.58515625 0.79375 0.07734375 0.08828125
0 0.91484375 0.828125 0.09921875 0.109375
0 0.428125 0.86328125 0.11953125 0.234375
0 0.33359375 0.9265625 0.065625 0.08515625
0 0.5671875 0.93203125 0.11640625 0.09921875
0 0.53671875 0.115625 0.09296875 0.0765625
0 0.7015625 0.1484375 0.0609375 0.05234375
0 0.37578125 0.15234375 0.07890625 0.096875
0 0.25546875 0.159375 0.07109375 0.06796875
0 0.81015625 0.20859375 0.0765625 0.084375
0 0.6765625 0.27578125 0.10390625 0.09609375
0 0.275 0.2953125 0.08125 0.08125
0 0.6359375 0.3890625 0.075 0.0984375
0 0.51328125 0.39921875 0.1203125 0.13671875
0 0.3921875 0.40703125 0.09375 0.11328125
0 0.29296875 0.42421875 0.08125 0.084375
0 0.77265625 0.43984375 0.084375 0.1109375
0 0.6578125 0.53984375 0.0875 0.09765625