0 0.08984375 0.49453125 0.0703125 0.0859375
0 0.33203125 0.4953125 0.06953125 0.07578125
0 0.95703125 0.50625 0.06640625 0.078125
0 0.71640625 0.51484375 0.06015625 0.07265625
0 0.47109375 0.53359375 0.06484375 0.07890625
0 0.23203125 0.546875 0.0609375 0.09296875
0 0.85859375 0.55546875 0.0640625 0.07890625
0 0.61015625 0.57578125 0.06796875 0.08515625
0 0.115625 0.6 0.06640625 0.08671875
0 0.7484375 0.6171875 0.0703125 0.09140625
0 0.50546875 0.63671875 0.07265625 0.075
0 0.25546875 0.65 0.07109375 0.08671875
0 0.88828125 0.65703125 0.05546875 0.0703125
0 0.64296875 0.665625 0.06640625 0.0796875
0 0.40390625 0.68828125 0.06171875 0.07890625
0 0.14921875 0.703125 0.06484375 0.078125
0 0.78125 0.72421875 0.05625 0.08671875
0 0.53828125 0.72421875 0.06484375 0.0859375
0 0.29765625 0.74609375 0.0703125 0.08125
0 0.921875 0.7609375 0.05546875 0.0796875
0 0.68046875 0.775 0.059375 0.078125
0 0.4296875 0.784375 0.0609375 0.075
0 0.18125 0.79921875 0.075 0.08671875
0 0.57265625 0.82265625 0.065625 0.0921875
0 0.32265625 0.834375 0.0703125 0.08984375
0 0.9484375 0.85078125 0.0640625 0.0828125
0 0.45 0.0875 0.07578125 0.0765625
0 0.45859375 0.88359375 0.06484375 0.0890625
0 0.6015625 0.93515625 0.059375 0.07578125
0 0.3515625 0.9359375 0.0671875 0.09140625
0 0.20859375 0.096875 0.0609375 0.07421875
0 0.5984375 0.11875 0.06328125 0.08359375
0 0.3484375 0.14296875 0.07109375 0.0890625
0 0.10859375 0.14609375 0.06328125 0.0890625
0 0.4828125 0.1828125 0.0703125 0.0859375
0 0.73359375 0.19765625 0.04921875 0.065625
0 0.23984375 0.19921875 0.05625 0.07734375
0 0.625 0.2203125 0.06484375 0.08671875
0 0.378125 0.2421875 0.07578125 0.090625
0 0.1359375 0.26171875 0.05625 0.08359375
0 0.76484375 0.26640625 0.059375 0.06953125
0 0.5203125 0.28359375 0.075 0.07890625
0 0.2671875 0.28984375 0.0765625 0.08046875
0 0.03046875 0.309375 0.0609375 0.0875
0 0.6578125 0.31875 0.06953125 0.07578125
0 0.909375 0.32109375 0.059375 0.07109375
0 0.40546875 0.346875 0.08046875 0.08125
0 0.16640625 0.34765625 0.0625 0.07421875
0 0.78984375 0.3609375 0.06015625 0.0796875
0 0.5515625 0.37734375 0.065625 0.0828125
0 0.3 0.39453125 0.075 0.09453125
0 0.93671875 0.3984375 0.06953125 0.078125
0 0.0578125 0.4078125 0.0625 0.06484375
0 0.69296875 0.421875 0.05859375 0.084375
0 0.31875 0.04296875 0.0640625 0.0796875
0 0.43828125 0.4328125 0.07265625 0.08359375
0 0.1953125 0.45078125 0.0625 0.0828125
0 0.08203125 0.04609375 0.06328125 0.07734375
0 0.82890625 0.46796875 0.07109375 0.08984375
0 0.58125 0.4734375 0.06484375 0.09296875