0 0.03984375 0.334375 0.05859375 0.05703125
0 0.13984375 0.3546875 0.05078125 0.05390625
0 0.25 0.38828125 0.0515625 0.04921875
0 0.0296875 0.39296875 0.05703125 0.05625
0 0.13203125 0.425 0.05078125 0.0453125
0 0.23203125 0.4484375 0.0453125 0.0359375
0 0.33125 0.46796875 0.0484375 0.05078125
0 0.1171875 0.4890625 0.0671875 0.05625
0 0.2125 0.5171875 0.0546875 0.05625
0 0.31953125 0.5328125 0.05234375 0.05390625
0 0.434375 0.5421875 0.065625 0.06171875
0 0.52890625 0.55546875 0.05703125 0.075
0 0.10390625 0.5609375 0.059375 0.05546875
0 0.2046875 0.584375 0.0609375 0.05625
0 0.62265625 0.59140625 0.04375 0.05234375
0 0.30703125 0.6078125 0.06171875 0.0546875
0 0.4109375 0.6203125 0.0546875 0.0546875
0 0.72734375 0.625 0.05859375 0.04140625
0 0.08359375 0.63515625 0.05234375 0.05078125
0 0.5125 0.63828125 0.06171875 0.0546875
0 0.1890625 0.65234375 0.06484375 0.05703125
0 0.6140625 0.65859375 0.059375 0.0578125
0 0.29375 0.67421875 0.05703125 0.04921875
0 0.7140625 0.6796875 0.0609375 0.05234375
0 0.39375 0.69609375 0.05703125 0.0546875
0 0.06953125 0.7078125 0.05 0.0484375
0 0.4953125 0.7109375 0.06328125 0.04765625
0 0.1703125 0.7234375 0.0578125 0.05234375
0 0.59375 0.73125 0.0703125 0.0609375
0 0.2765625 0.73671875 0.05625 0.05234375
0 0.69765625 0.75 0.06171875 0.05625
0 0.38359375 0.759375 0.05390625 0.05234375
0 0.80546875 0.76640625 0.06015625 0.059375
0 0.0515625 0.77578125 0.053125 0.05078125
0 0.484375 0.77734375 0.0765625 0.0546875
0 0.165625 0.7890625 0.05546875 0.0546875
0 0.58359375 0.80546875 0.06875 0.05859375
0 0.271875 0.81171875 0.06484375 0.06015625
0 0.68515625 0.8203125 0.06328125 0.06015625
0 0.371875 0.8296875 0.05625 0.053125
0 0.79296875 0.83984375 0.06328125 0.05625
0 0.03828125 0.84375 0.07265625 0.05703125
0 0.46953125 0.85 0.0703125 0.06796875
0 0.15625 0.865625 0.05859375 0.0578125
0 0.565625 0.87421875 0.06796875 0.06015625
0 0.2515625 0.88359375 0.065625 0.0625
0 0.678125 0.89453125 0.0734375 0.06875
0 0.3546875 0.9046875 0.05703125 0.05390625
0 0.77734375 0.91640625 0.06875 0.0546875
0 0.45234375 0.92578125 0.065625 0.05703125
0 0.13125 0.9359375 0.06328125 0.0484375
0 0.55625 0.9390625 0.06328125 0.06015625
0 0.87109375 0.95 0.05625 0.04921875
0 0.2359375 0.953125 0.07265625 0.05625
0 0.6625 0.96484375 0.07265625 0.06015625
0 0.33828125 0.971875 0.08046875 0.05546875