0 0.88515625 0.51953125 0.07265625 0.08046875
0 0.25078125 0.52421875 0.071875 0.07890625
0 0.56640625 0.52578125 0.08046875 0.084375
0 0.4125 0.5265625 0.0765625 0.0734375
0 0.725 0.5265625 0.0765625 0.0890625
0 0.146875 0.59609375 0.07890625 0.07265625
0 0.778125 0.6015625 0.07109375 0.075
0 0.30546875 0.603125 0.06875 0.08828125
0 0.6265625 0.60859375 0.0890625 0.08203125
0 0.83828125 0.68046875 0.0609375 0.06953125
0 0.04375 0.684375 0.0640625 0.0671875
0 0.6734375 0.68671875 0.0765625 0.08125
0 0.34921875 0.6875 0.06484375 0.07265625
0 0.5140625 0.68828125 0.0703125 0.084375
0 0.1953125 0.68828125 0.08203125 0.0875
0 0.1203125 0.06953125 0.05546875 0.06640625
0 0.56640625 0.76640625 0.06328125 0.0796875
0 0.73359375 0.76796875 0.06953125 0.08203125
0 0.25390625 0.76875 0.06796875 0.0796875
0 0.1 0.7703125 0.0609375 0.0734375
0 0.41484375 0.77421875 0.071875 0.07265625
0 0.46171875 0.85390625 0.08046875 0.08671875
0 0.61875 0.8546875 0.0765625 0.0828125
0 0.30390625 0.85546875 0.078125 0.0859375
0 0.78203125 0.8578125 0.06953125 0.08515625
0 0.5140625 0.9265625 0.07578125 0.08046875
0 0.3609375 0.93828125 0.06171875 0.0625
0 0.68203125 0.93984375 0.075 0.05703125
0 0.83671875 0.94375 0.075 0.084375
0 0.04140625 0.9515625 0.08203125 0.07578125
0 0.62421875 0.109375 0.0671875 0.07578125
0 0.45390625 0.1125 0.07109375 0.09140625
0 0.30546875 0.1125 0.0671875 0.07734375
0 0.78828125 0.134375 0.06875 0.07109375
0 0.05 0.175 0.0703125 0.08046875
0 0.19765625 0.19296875 0.06640625 0.06171875
0 0.83515625 0.19296875 0.07109375 0.07421875
0 0.51171875 0.19453125 0.078125 0.0921875
0 0.678125 0.196875 0.07421875 0.07421875
0 0.35625 0.1984375 0.08046875 0.084375
0 0.09609375 0.27109375 0.07109375 0.08984375
0 0.88359375 0.271875 0.0625 0.0671875
0 0.565625 0.27265625 0.084375 0.09609375
0 0.7296875 0.278125 0.071875 0.065625
0 0.2546875 0.2796875 0.06015625 0.0671875
0 0.41328125 0.2828125 0.08515625 0.09375
0 0.57265625 0.03046875 0.075 0.0609375
0 0.2453125 0.03515625 0.0546875 0.04765625
0 0.30234375 0.3546875 0.08515625 0.07578125
0 0.40546875 0.0359375 0.07890625 0.06640625
0 0.9359375 0.36015625 0.07890625 0.08359375
0 0.62265625 0.36015625 0.0765625 0.0875
0 0.78359375 0.3625 0.053125 0.0734375
0 0.1515625 0.36328125 0.0671875 0.06875
0 0.45859375 0.365625 0.090625 0.0859375
0 0.82734375 0.43828125 0.06875 0.071875
0 0.515625 0.4421875 0.08046875 0.0890625
0 0.67109375 0.44375 0.075 0.084375
0 0.3578125 0.44375 0.0828125 0.08046875
0 0.196875 0.4453125 0.0671875 0.06875
0 0.04296875 0.44609375 0.05859375 0.075