0 0.93671875 0.6390625 0.0796875 0.09140625
0 0.765625 0.65859375 0.07890625 0.1046875
0 0.596875 0.6640625 0.084375 0.10390625
0 0.4296875 0.675 0.0921875 0.09609375
0 0.096875 0.67734375 0.0984375 0.09921875
0 0.7734375 0.7859375 0.08046875 0.10078125
0 0.93984375 0.7859375 0.0984375 0.096875
0 0.6046875 0.8015625 0.0953125 0.11796875
0 0.440625 0.80625 0.1015625 0.096875
0 0.26875 0.81328125 0.0875 0.090625
0 0.10390625 0.81796875 0.09140625 0.09296875
0 0.940625 0.91796875 0.09375 0.096875
0 0.778125 0.92109375 0.0953125 0.10859375
0 0.4421875 0.93046875 0.09921875 0.1
0 0.6125 0.93359375 0.0921875 0.09921875
0 0.10859375 0.9453125 0.0921875 0.09921875
0 0.278125 0.94609375 0.08046875 0.084375
0 0.74609375 0.09765625 0.11015625 0.10546875
0 0.56875 0.11328125 0.08984375 0.1
0 0.40703125 0.12734375 0.103125 0.12578125
0 0.2421875 0.13203125 0.08125 0.0828125
0 0.0734375 0.14921875 0.0921875 0.096875
0 0.7515625 0.24375 0.0875 0.09296875
0 0.5765625 0.253125 0.090625 0.10078125
0 0.25078125 0.26171875 0.09921875 0.0984375
0 0.41328125 0.26640625 0.09765625 0.1109375
0 0.0796875 0.2765625 0.08671875 0.0921875
0 0.7578125 0.38359375 0.08671875 0.10546875
0 0.58359375 0.390625 0.09609375 0.1265625
0 0.409375 0.39921875 0.10546875 0.11328125
0 0.25390625 0.40390625 0.1 0.10546875
0 0.08359375 0.41171875 0.08984375 0.09765625
0 0.9203125 0.41328125 0.0875 0.08828125
0 0.92890625 0.5125 0.08515625 0.084375
0 0.759375 0.51953125 0.10078125 0.0890625
0 0.58984375 0.5265625 0.0890625 0.1
0 0.4265625 0.52734375 0.0984375 0.10546875
0 0.09453125 0.54140625 0.09140625 0.11328125
0 0.2546875 0.54453125 0.096875 0.090625