0 0.49765625 0.7484375 0.18046875 0.12890625
0 0.5015625 0.9015625 0.15859375 0.1046875
0 0.19609375 0.90546875 0.13828125 0.09921875
0 0.21171875 0.090625 0.19921875 0.1203125
0 0.80703125 0.9125 0.2140625 0.15
0 0.53359375 0.0953125 0.178125 0.1234375
0 0.85625 0.09921875 0.16796875 0.1171875
0 0.20546875 0.24296875 0.159375 0.121875
0 0.52421875 0.25390625 0.19296875 0.13671875
0 0.83515625 0.26171875 0.17109375 0.12421875
0 0.2 0.4109375 0.1609375 0.12265625
0 0.5125 0.41875 0.2109375 0.15078125
0 0.84140625 0.425 0.18515625 0.1390625
0 0.20703125 0.578125 0.1453125 0.12734375
0 0.82734375 0.5875 0.16796875 0.13203125
0 0.51328125 0.59453125 0.1546875 0.1078125
0 0.1875 0.73515625 0.134375 0.11875