0 0.096875 0.63828125 0.1078125 0.12734375
0 0.7359375 0.73984375 0.1140625 0.14765625
0 0.4921875 0.78671875 0.1484375 0.15546875
0 0.30390625 0.85078125 0.11015625 0.1171875
0 0.11171875 0.89140625 0.13515625 0.159375
0 0.3015625 0.09296875 0.13125 0.14140625
0 0.62265625 0.096875 0.16875 0.13515625
0 0.10546875 0.115625 0.11796875 0.13046875
0 0.81015625 0.15546875 0.1046875 0.10390625
0 0.48984375 0.271875 0.12734375 0.12421875
0 0.29609375 0.3234375 0.1390625 0.15390625
0 0.728125 0.3875 0.10078125 0.1328125
0 0.08359375 0.3953125 0.11640625 0.12890625
0 0.49140625 0.53359375 0.13203125 0.15234375
0 0.28203125 0.58125 0.13046875 0.12421875