0 0.15234375 0.14453125 0.04140625 0.05
0 0.6625 0.1515625 0.0453125 0.05390625
0 0.01875 0.15390625 0.0375 0.0484375
0 0.52109375 0.15546875 0.03671875 0.0484375
0 0.3796875 0.16640625 0.03671875 0.04375
0 0.75390625 0.16796875 0.03984375 0.04765625
0 0.234375 0.16953125 0.0390625 0.04921875
0 0.61171875 0.18359375 0.03359375 0.04140625
0 0.3171875 0.19453125 0.0359375 0.04296875
0 0.18046875 0.2046875 0.03671875 0.04140625
0 0.83359375 0.20546875 0.0421875 0.053125
0 0.69609375 0.20859375 0.03984375 0.04453125
0 0.034375 0.2109375 0.03359375 0.0359375
0 0.553125 0.2125 0.03359375 0.0328125
0 0.2515625 0.22890625 0.03359375 0.0515625
0 0.11796875 0.23671875 0.0359375 0.05078125
0 0.615625 0.025 0.03671875 0.046875
0 0.48515625 0.24765625 0.04375 0.04609375
0 0.634375 0.24765625 0.03984375 0.0453125
0 0.33984375 0.24921875 0.0359375 0.04609375
0 0.2015625 0.2640625 0.04609375 0.0484375
0 0.8578125 0.2671875 0.03515625 0.04140625
0 0.71328125 0.2703125 0.03671875 0.04140625
0 0.05234375 0.2796875 0.0359375 0.046875
0 0.571875 0.2796875 0.0421875 0.0515625
0 0.4296875 0.2859375 0.03515625 0.04296875
0 0.2828125 0.2875 0.04140625 0.05234375
0 0.80390625 0.2953125 0.03828125 0.0375
0 0.13984375 0.303125 0.03359375 0.04296875
0 0.47265625 0.03125 0.034375 0.04296875
0 0.66015625 0.31015625 0.04140625 0.0515625
0 0.51484375 0.3109375 0.0359375 0.040625
0 0.36875 0.31953125 0.0328125 0.04375
0 0.21953125 0.33203125 0.040625 0.05234375
0 0.88125 0.3359375 0.0296875 0.0421875
0 0.74453125 0.3375 0.02890625 0.03671875
0 0.60546875 0.3390625 0.03046875 0.040625
0 0.4546875 0.34765625 0.034375 0.05
0 0.30859375 0.3484375 0.04296875 0.05234375
0 0.82578125 0.35625 0.040625 0.0515625
0 0.95078125 0.3609375 0.0953125 0.2203125
0 0.16328125 0.3640625 0.0359375 0.046875
0 0.540625 0.3734375 0.05078125 0.05234375
0 0.1828125 0.03828125 0.0375 0.04140625
0 0.39921875 0.37890625 0.0375 0.04765625
0 0.2484375 0.3875 0.0359375 0.04921875
0 0.7703125 0.3921875 0.0390625 0.04609375
0 0.90546875 0.396875 0.0375 0.053125
0 0.10703125 0.396875 0.028125 0.03984375
0 0.475 0.40078125 0.0375 0.04921875
0 0.625 0.40390625 0.03515625 0.05078125
0 0.33359375 0.415625 0.04453125 0.05234375
0 0.85546875 0.421875 0.04453125 0.053125
0 0.18515625 0.42578125 0.0390625 0.0390625
0 0.56640625 0.4296875 0.0328125 0.03984375
0 0.04453125 0.43046875 0.0328125 0.04609375
0 0.70546875 0.43359375 0.0375 0.04296875
0 0.41953125 0.440625 0.040625 0.04609375
0 0.2734375 0.45234375 0.0328125 0.034375
0 0.79140625 0.45625 0.0359375 0.0421875
0 0.128125 0.45859375 0.03125 0.0484375
0 0.50234375 0.46328125 0.04375 0.04765625
0 0.65078125 0.46328125 0.0359375 0.0453125
0 0.35859375 0.471875 0.03828125 0.04921875
0 0.3328125 0.0484375 0.04609375 0.04296875
0 0.87890625 0.478125 0.040625 0.05234375
0 0.70078125 0.0484375 0.0375 0.04296875
0 0.21484375 0.4875 0.03515625 0.0484375
0 0.7359375 0.4890625 0.04140625 0.0515625
0 0.58671875 0.49453125 0.03984375 0.06015625
0 0.2953125 0.51171875 0.03671875 0.046875
0 0.82265625 0.5140625 0.03671875 0.04375
0 0.15390625 0.5171875 0.0421875 0.05
0 0.6765625 0.5234375 0.03671875 0.04765625
0 0.53046875 0.52578125 0.04296875 0.05546875
0 0.38125 0.534375 0.0390625 0.05
0 0.9 0.540625 0.04140625 0.0515625
0 0.240625 0.54609375 0.03359375 0.0390625
0 0.759375 0.5515625 0.04296875 0.05859375
0 0.56328125 0.05546875 0.0453125 0.059375
0 0.6109375 0.55625 0.0328125 0.04140625
0 0.46796875 0.5640625 0.04140625 0.053125
0 0.32421875 0.5703125 0.03671875 0.0484375
0 0.84140625 0.57421875 0.040625 0.04375
0 0.17890625 0.5765625 0.0359375 0.0515625
0 0.04765625 0.05859375 0.03828125 0.0453125
0 0.6921875 0.5828125 0.0328125 0.04140625
0 0.55703125 0.5859375 0.02890625 0.0453125
0 0.4078125 0.59453125 0.0453125 0.05078125
0 0.26796875 0.6 0.03046875 0.040625
0 0.92265625 0.6015625 0.04453125 0.046875
0 0.63515625 0.615625 0.03828125 0.0453125
0 0.49453125 0.621875 0.03515625 0.05
0 0.346875 0.62578125 0.03359375 0.04140625
0 0.20390625 0.6375 0.03828125 0.0453125
0 0.86875 0.63828125 0.04375 0.05859375
0 0.721875 0.63984375 0.03828125 0.04765625
0 0.5796875 0.6484375 0.0328125 0.03828125
0 0.43671875 0.6515625 0.0375 0.04375
0 0.80546875 0.66640625 0.0421875 0.053125
0 0.29140625 0.66640625 0.0375 0.04609375
0 0.6578125 0.67265625 0.015625 0.02109375
0 0.41796875 0.06796875 0.03671875 0.046875
0 0.51640625 0.6828125 0.03984375 0.046875
0 0.37421875 0.69375 0.0390625 0.05546875
0 0.23125 0.696875 0.0375 0.04765625
0 0.74375 0.7 0.03046875 0.04765625
0 0.78203125 0.071875 0.03125 0.03984375
0 0.60625 0.70703125 0.03359375 0.03984375
0 0.26875 0.071875 0.03828125 0.0515625
0 0.459375 0.7171875 0.0359375 0.04453125
0 0.31875 0.7234375 0.034375 0.0421875
0 0.6859375 0.73671875 0.0359375 0.03984375
0 0.54765625 0.73984375 0.0375 0.04453125
0 0.2609375 0.7484375 0.034375 0.040625
0 0.4015625 0.75078125 0.0375 0.05234375
0 0.13203125 0.07734375 0.0390625 0.05078125
0 0.61796875 0.77578125 0.03359375 0.03828125
0 0.4859375 0.78203125 0.03515625 0.040625
0 0.3484375 0.7859375 0.0296875 0.0421875
0 0.571875 0.80234375 0.025 0.03125
0 0.28203125 0.8078125 0.03046875 0.03984375
0 0.42578125 0.8125 0.0390625 0.04375
0 0.509375 0.84140625 0.0328125 0.04609375
0 0.3671875 0.846875 0.03984375 0.0578125
0 0.640625 0.08671875 0.03125 0.04140625
0 0.3046875 0.86796875 0.03828125 0.0421875
0 0.44921875 0.8734375 0.03203125 0.03671875
0 0.50078125 0.090625 0.0390625 0.04296875
0 0.39375 0.89921875 0.0359375 0.03984375
0 0.3328125 0.93359375 0.03359375 0.05703125
0 0.075 0.10859375 0.034375 0.0453125
0 0.83203125 0.12578125 0.06796875 0.08203125
0 0.5875 0.13125 0.0484375 0.059375
0 0.2953125 0.1328125 0.0390625 0.0484375