0 0.4953125 0.34609375 0.09296875 0.08359375
0 0.72734375 0.35078125 0.14296875 0.090625
0 0.3546875 0.359375 0.0765625 0.06484375
0 0.865625 0.3859375 0.09453125 0.0546875
0 0.6328125 0.44609375 0.0859375 0.0734375
0 0.49296875 0.465625 0.0890625 0.07265625
0 0.68671875 0.04921875 0.0921875 0.06640625
0 0.34453125 0.496875 0.0828125 0.0640625
0 0.8046875 0.50703125 0.07578125 0.06796875
0 0.62734375 0.57265625 0.10625 0.08515625
0 0.47421875 0.59609375 0.08203125 0.06953125
0 0.346875 0.61953125 0.07578125 0.06640625
0 0.80234375 0.67890625 0.08203125 0.078125
0 0.62265625 0.7 0.11015625 0.07109375
0 0.484375 0.72734375 0.09375 0.05859375
0 0.35234375 0.7484375 0.08984375 0.071875
0 0.81875 0.8046875 0.07265625 0.06171875
0 0.6609375 0.809375 0.065625 0.05546875
0 0.89140625 0.08359375 0.090625 0.06796875
0 0.50703125 0.84765625 0.07265625 0.059375
0 0.3671875 0.86796875 0.0625 0.04921875
0 0.5453125 0.090625 0.06796875 0.0609375
0 0.83046875 0.921875 0.078125 0.07578125
0 0.671875 0.946875 0.078125 0.06640625
0 0.51015625 0.965625 0.0609375 0.05390625
0 0.41015625 0.1078125 0.07734375 0.06015625
0 0.1109375 0.1453125 0.19921875 0.178125
0 0.759375 0.15625 0.128125 0.10546875
0 0.52421875 0.21484375 0.078125 0.0796875
0 0.375 0.22890625 0.0921875 0.0578125
0 0.865625 0.23984375 0.09921875 0.0796875
0 0.6421875 0.24609375 0.071875 0.06015625