0 0.28515625 0.5609375 0.0546875 0.0890625
0 0.4640625 0.56328125 0.08984375 0.1109375
0 0.425 0.065625 0.08984375 0.125
0 0.54140625 0.6609375 0.05546875 0.07734375
0 0.69140625 0.67890625 0.0828125 0.1234375
0 0.328125 0.06953125 0.07265625 0.1078125
0 0.453125 0.69140625 0.04453125 0.04921875
0 0.33125 0.746875 0.0609375 0.08046875
0 0.5390625 0.7734375 0.09453125 0.096875
0 0.3953125 0.8046875 0.07109375 0.09140625
0 0.3609375 0.8875 0.05234375 0.07734375
0 0.5546875 0.89375 0.07734375 0.1015625
0 0.45234375 0.92421875 0.05859375 0.08515625
0 0.36953125 0.96875 0.0546875 0.06171875
0 0.62109375 0.0984375 0.071875 0.109375
0 0.5328125 0.19609375 0.0671875 0.09609375
0 0.459375 0.20078125 0.075 0.10546875
0 0.7671875 0.22734375 0.065625 0.1140625
0 0.60625 0.2375 0.0609375 0.07890625
0 0.3421875 0.2859375 0.0765625 0.11171875
0 0.78828125 0.03125 0.04375 0.0609375
0 0.21484375 0.31171875 0.08671875 0.10625
0 0.465625 0.32265625 0.09453125 0.1078125
0 0.59375 0.32734375 0.059375 0.07421875
0 0.28125 0.41640625 0.0578125 0.08046875
0 0.4765625 0.43671875 0.0609375 0.09296875
0 0.7265625 0.46171875 0.0828125 0.10546875
0 0.52265625 0.04765625 0.0734375 0.0953125
0 0.3578125 0.49296875 0.09453125 0.22421875