0 0.665625 0.65859375 0.0921875 0.0828125
0 0.3203125 0.6953125 0.10390625 0.084375
0 0.56171875 0.71640625 0.103125 0.10703125
0 0.87109375 0.07734375 0.090625 0.1109375
0 0.17265625 0.7875 0.13359375 0.15
0 0.0421875 0.8859375 0.0640625 0.06171875
0 0.60234375 0.296875 0.1671875 0.14140625
0 0.85625 0.34140625 0.1125 0.10390625
0 0.72890625 0.3984375 0.11640625 0.10234375
0 0.3 0.415625 0.12578125 0.1140625
0 0.5140625 0.4515625 0.115625 0.10703125
0 0.6 0.5390625 0.1078125 0.1015625
0 0.8015625 0.559375 0.12890625 0.1203125
0 0.41484375 0.58515625 0.14296875 0.121875
0 0.115625 0.609375 0.23125 0.203125