0 0.096875 0.54375 0.06484375 0.0890625
1 0.26796875 0.5609375 0.2046875 0.35546875
0 0.521875 0.56640625 0.040625 0.05078125
0 0.7109375 0.56953125 0.05234375 0.04296875
0 0.62265625 0.6625 0.03125 0.0328125
0 0.6890625 0.665625 0.046875 0.06953125
0 0.52421875 0.68046875 0.053125 0.04140625
0 0.12890625 0.7 0.071875 0.121875
0 0.14296875 0.071875 0.06640625 0.0765625
0 0.44453125 0.7421875 0.05078125 0.05546875
0 0.628125 0.75078125 0.0515625 0.06015625
0 0.63359375 0.83359375 0.046875 0.0625
0 0.71640625 0.83671875 0.0515625 0.0765625
0 0.23359375 0.83828125 0.07578125 0.07890625
0 0.1359375 0.84140625 0.07578125 0.11953125
0 0.56953125 0.8765625 0.05078125 0.07578125
0 0.50234375 0.91171875 0.05859375 0.06875
0 0.66875 0.934375 0.05078125 0.0640625
0 0.734375 0.9359375 0.0453125 0.05703125
0 0.6171875 0.95625 0.05 0.06328125
0 0.04921875 0.11796875 0.0953125 0.10703125
0 0.1578125 0.21953125 0.090625 0.103125
0 0.0453125 0.25078125 0.08828125 0.121875
0 0.16796875 0.365625 0.06328125 0.09609375
0 0.0859375 0.384375 0.07578125 0.09453125