0 0.3484375 0.86953125 0.02421875 0.021875
0 0.40234375 0.08828125 0.025 0.02109375
0 0.48046875 0.88671875 0.02890625 0.02265625
0 0.3828125 0.92578125 0.0234375 0.02109375
0 0.915625 0.09609375 0.02734375 0.02734375
0 0.27890625 0.96640625 0.04453125 0.02890625
0 0.5421875 0.109375 0.0296875 0.0265625
0 0.165625 0.1125 0.0359375 0.025
0 0.671875 0.125 0.02890625 0.03203125
0 0.30390625 0.1328125 0.02890625 0.0234375
0 0.8109375 0.14140625 0.0296875 0.02265625
0 0.434375 0.15 0.02890625 0.0234375
0 0.06328125 0.15703125 0.02734375 0.02734375
0 0.9421875 0.159375 0.03671875 0.02734375
0 0.57265625 0.16484375 0.0265625 0.02734375
0 0.19609375 0.1765625 0.028125 0.02421875
0 0.74140625 0.01953125 0.02265625 0.0234375
0 0.7078125 0.18984375 0.03046875 0.02109375
0 0.33671875 0.19375 0.028125 0.01953125
0 0.84765625 0.20078125 0.028125 0.0265625
0 0.46875 0.21015625 0.02890625 0.0234375
0 0.97578125 0.21875 0.02734375 0.02109375
0 0.0953125 0.21953125 0.03359375 0.025
0 0.61484375 0.2265625 0.025 0.0234375
0 0.22890625 0.2375 0.02265625 0.025
0 0.74296875 0.24609375 0.028125 0.02265625
0 0.3703125 0.25546875 0.0265625 0.028125
0 0.36015625 0.0265625 0.03515625 0.028125
0 0.88046875 0.2671875 0.0359375 0.03046875
0 0.50390625 0.26796875 0.0390625 0.0296875
0 0.64296875 0.2859375 0.028125 0.0203125
0 0.13046875 0.28671875 0.021875 0.0234375
0 0.26796875 0.29765625 0.02578125 0.0296875
0 0.775 0.3046875 0.0296875 0.02265625
0 0.403125 0.315625 0.021875 0.01875
0 0.02890625 0.32109375 0.02890625 0.0203125
0 0.91171875 0.325 0.03203125 0.02265625
0 0.54375 0.3296875 0.02265625 0.0171875
0 0.16796875 0.3359375 0.025 0.02265625
0 0.678125 0.3484375 0.02890625 0.02265625
0 0.303125 0.35859375 0.02109375 0.01640625
0 0.809375 0.36796875 0.03203125 0.025
0 0.43984375 0.37265625 0.02421875 0.0203125
0 0.9515625 0.38671875 0.034375 0.02734375
0 0.06640625 0.3875 0.028125 0.0234375
0 0.57109375 0.3890625 0.0421875 0.03359375
0 0.87421875 0.03984375 0.03203125 0.0234375
0 0.20078125 0.4015625 0.03671875 0.0234375
0 0.71796875 0.40859375 0.02734375 0.028125
0 0.3328125 0.41640625 0.0265625 0.02109375
0 0.84765625 0.42265625 0.03984375 0.03359375
0 0.475 0.43671875 0.0296875 0.021875
0 0.08984375 0.44765625 0.03046875 0.0265625
0 0.61328125 0.4546875 0.03203125 0.02265625
0 0.2359375 0.45703125 0.025 0.02578125
0 0.7515625 0.4703125 0.03359375 0.02734375
0 0.37109375 0.48046875 0.02578125 0.0203125
0 0.88671875 0.4890625 0.025 0.021875
0 0.509375 0.49609375 0.02578125 0.02265625
0 0.50234375 0.05078125 0.02734375 0.0265625
0 0.13046875 0.50546875 0.02578125 0.0296875
0 0.64140625 0.5140625 0.02578125 0.02265625
0 0.2734375 0.51640625 0.028125 0.02734375
0 0.790625 0.53671875 0.02734375 0.02734375
0 0.40546875 0.5375 0.02578125 0.01953125
0 0.91640625 0.55234375 0.0296875 0.0203125
0 0.5453125 0.5546875 0.02421875 0.01953125
0 0.171875 0.56328125 0.034375 0.02578125
0 0.67890625 0.57265625 0.025 0.0203125
0 0.30078125 0.5859375 0.0296875 0.02578125
0 0.82578125 0.59609375 0.03046875 0.02890625
0 0.44375 0.59921875 0.0234375 0.0203125
0 0.6359375 0.0609375 0.03125 0.0375
0 0.94375 0.61015625 0.0328125 0.02734375
0 0.58125 0.61796875 0.02578125 0.0265625
0 0.2046875 0.62421875 0.03984375 0.03046875
0 0.71796875 0.63359375 0.02578125 0.02265625
0 0.33359375 0.63828125 0.02890625 0.01953125
0 0.85625 0.65234375 0.03125 0.0296875
0 0.4765625 0.659375 0.0296875 0.02421875
0 0.10390625 0.66640625 0.0328125 0.02421875
0 0.61875 0.675 0.03125 0.02421875
0 0.23671875 0.68671875 0.0296875 0.02421875
0 0.74453125 0.69296875 0.028125 0.021875
0 0.37734375 0.69921875 0.02890625 0.02265625
0 0.89296875 0.7078125 0.02734375 0.03828125
0 0.26796875 0.071875 0.02734375 0.02421875
0 0.515625 0.71640625 0.0328125 0.028125
0 0.1375 0.72578125 0.03125 0.0296875
0 0.65234375 0.73828125 0.0328125 0.025
0 0.275 0.74375 0.02578125 0.0265625
0 0.78671875 0.7515625 0.03046875 0.021875
0 0.41328125 0.7625 0.0265625 0.0234375
0 0.54765625 0.778125 0.0296875 0.02734375
0 0.178125 0.79375 0.0359375 0.02265625
0 0.6875 0.796875 0.02734375 0.025
0 0.309375 0.8046875 0.02734375 0.0296875
0 0.4453125 0.82265625 0.028125 0.0265625
0 0.778125 0.084375 0.02734375 0.01953125
0 0.58515625 0.83984375 0.0328125 0.0296875
0 0.2109375 0.84609375 0.03359375 0.0265625