0 0.94375 0.4328125 0.1109375 0.14140625
0 0.11171875 0.44453125 0.0609375 0.0875
0 0.784375 0.45 0.04765625 0.10625
0 0.51796875 0.48203125 0.08671875 0.125
0 0.59453125 0.490625 0.053125 0.08828125
0 0.465625 0.57890625 0.0578125 0.0890625
0 0.3953125 0.5953125 0.06015625 0.10234375
0 0.234375 0.603125 0.06953125 0.19609375
0 0.3046875 0.7078125 0.1234375 0.17109375
1 0.4640625 0.71015625 0.1515625 0.16484375
0 0.45 0.71640625 0.10546875 0.15703125
0 0.8828125 0.07265625 0.034375 0.05546875
0 0.609375 0.790625 0.09921875 0.14140625
0 0.49140625 0.8078125 0.06796875 0.08828125
1 0.8640625 0.815625 0.1234375 0.25546875
0 0.3421875 0.86484375 0.103125 0.146875
0 0.74765625 0.878125 0.109375 0.1296875
0 0.225 0.896875 0.1125 0.16015625
0 0.471875 0.91484375 0.090625 0.12734375
0 0.66328125 0.91484375 0.06328125 0.1109375
0 0.58125 0.921875 0.06875 0.0953125
0 0.096875 0.95 0.06796875 0.084375
0 0.34140625 0.10390625 0.0421875 0.05703125
0 0.6421875 0.1109375 0.10078125 0.1265625
0 0.525 0.11796875 0.09453125 0.14140625
0 0.08046875 0.13671875 0.06484375 0.1046875
0 0.14453125 0.17890625 0.059375 0.10234375
0 0.03046875 0.2171875 0.05546875 0.08984375
0 0.09296875 0.2359375 0.0375 0.0578125
0 0.81015625 0.29765625 0.034375 0.05625
0 0.896875 0.309375 0.121875 0.11875
0 0.08671875 0.328125 0.0515625 0.07890625
0 0.14609375 0.33515625 0.05078125 0.07109375
0 0.93203125 0.03515625 0.046875 0.06796875
0 0.5609375 0.3640625 0.06796875 0.08828125
0 0.44765625 0.36796875 0.08046875 0.1140625
0 0.71640625 0.3703125 0.10625 0.12578125
0 0.6171875 0.3734375 0.0390625 0.065625
0 0.32265625 0.41953125 0.08125 0.121875
0 0.83984375 0.42421875 0.0625 0.096875