0 0.1578125 0.209375 0.0234375 0.03828125
1 0.26171875 0.209375 0.02890625 0.06015625
0 0.9484375 0.21484375 0.0375 0.046875
0 0.728125 0.2171875 0.01875 0.02578125
0 0.6296875 0.21796875 0.01796875 0.0328125
0 0.75234375 0.23125 0.03125 0.03125
0 0.6609375 0.2328125 0.0265625 0.05078125
1 0.29375 0.2359375 0.03828125 0.05078125
0 0.68671875 0.24921875 0.0234375 0.034375
1 0.80859375 0.2546875 0.0546875 0.040625
0 0.5890625 0.25546875 0.0265625 0.03359375
0 0.33046875 0.2609375 0.015625 0.01796875
0 0.71640625 0.2625 0.02734375 0.04765625
1 0.278125 0.26875 0.04921875 0.03203125
0 0.7421875 0.2703125 0.02109375 0.03671875
1 0.54765625 0.028125 0.0609375 0.05625
1 0.340625 0.2765625 0.0171875 0.0203125
0 0.8234375 0.28828125 0.021875 0.01953125
1 0.3703125 0.2953125 0.03125 0.04921875
0 0.7796875 0.296875 0.0484375 0.04921875
0 0.33125 0.29765625 0.01953125 0.02578125
0 0.88046875 0.3015625 0.021875 0.0234375
0 0.1953125 0.3109375 0.0296875 0.02890625
0 0.91015625 0.31171875 0.028125 0.0375
0 0.94140625 0.3140625 0.03046875 0.04453125
0 0.8421875 0.31875 0.0328125 0.0375
1 0.45 0.32578125 0.0828125 0.09921875
0 0.2375 0.0328125 0.05 0.065625
0 0.33359375 0.0328125 0.0296875 0.0453125
0 0.25546875 0.33359375 0.05078125 0.0671875
0 0.87265625 0.3359375 0.028125 0.03515625
0 0.90234375 0.3484375 0.02890625 0.04609375
1 0.528125 0.34921875 0.04609375 0.0578125
1 0.1875 0.34921875 0.03203125 0.0484375
1 0.32890625 0.35234375 0.03671875 0.0390625
0 0.659375 0.0359375 0.02890625 0.03359375
0 0.934375 0.36484375 0.0375 0.05234375
1 0.58125 0.36953125 0.04453125 0.05625
1 0.496875 0.3703125 0.0328125 0.05546875
1 0.1734375 0.3828125 0.034375 0.04765625
0 0.33046875 0.3890625 0.0359375 0.03203125
1 0.61484375 0.39609375 0.02890625 0.04140625
1 0.41015625 0.41015625 0.0578125 0.0703125
1 0.584375 0.4109375 0.02109375 0.02265625
1 0.46796875 0.41171875 0.05859375 0.053125
1 0.91796875 0.41875 0.0515625 0.05390625
1 0.60390625 0.4265625 0.0296875 0.0296875
0 0.6625 0.4296875 0.04296875 0.05625
0 0.7203125 0.43359375 0.0328125 0.04296875
1 0.49140625 0.44921875 0.04765625 0.06015625
1 0.71484375 0.45234375 0.05703125 0.0875
0 0.6875 0.04609375 0.02890625 0.03671875
1 0.95546875 0.4671875 0.040625 0.04765625
0 0.79921875 0.47421875 0.01484375 0.03046875
0 0.7671875 0.478125 0.04375 0.0625
1 0.90546875 0.48203125 0.03984375 0.06328125
1 0.56875 0.4859375 0.0640625 0.0609375
0 0.22265625 0.4890625 0.04296875 0.0578125
0 0.3078125 0.49921875 0.028125 0.034375
0 0.871875 0.503125 0.025 0.02890625
0 0.82109375 0.50390625 0.059375 0.07890625
0 0.25390625 0.5046875 0.02265625 0.03515625
0 0.63046875 0.5171875 0.05390625 0.05625
0 0.2796875 0.521875 0.03359375 0.046875
1 0.921875 0.52265625 0.03671875 0.059375
0 0.8890625 0.528125 0.01484375 0.0203125
0 0.36640625 0.54140625 0.0265625 0.040625
0 0.11484375 0.54140625 0.02421875 0.0265625
0 0.40390625 0.5484375 0.03359375 0.075
0 0.43671875 0.55 0.025 0.03359375
1 0.11015625 0.5609375 0.034375 0.0703125
0 0.6828125 0.56796875 0.02265625 0.021875
0 0.39140625 0.05703125 0.03515625 0.03125
0 0.10390625 0.57421875 0.03359375 0.04453125
1 0.24765625 0.57734375 0.059375 0.059375
0 0.1671875 0.57890625 0.0140625 0.01953125
1 0.73203125 0.58515625 0.03203125 0.0265625
1 0.8328125 0.58828125 0.03515625 0.04375
0 0.47734375 0.590625 0.03046875 0.03515625
0 0.71328125 0.059375 0.028125 0.03671875
0 0.303125 0.059375 0.028125 0.0390625
0 0.83671875 0.0609375 0.03671875 0.0390625
1 0.540625 0.61015625 0.0296875 0.04453125
1 0.29296875 0.6140625 0.04375 0.06171875
1 0.82578125 0.62421875 0.0265625 0.03203125
1 0.91875 0.628125 0.03671875 0.0390625
1 0.35078125 0.63203125 0.0421875 0.04765625
1 0.56171875 0.634375 0.0421875 0.0546875
0 0.3265625 0.64765625 0.034375 0.0421875
1 0.59453125 0.65 0.034375 0.05546875
0 0.959375 0.65546875 0.04453125 0.0609375
1 0.3703125 0.665625 0.0578125 0.04296875
1 0.6609375 0.67421875 0.03359375 0.0390625
0 0.690625 0.68671875 0.0171875 0.01875
0 0.74375 0.696875 0.02109375 0.0234375
0 0.43828125 0.70078125 0.0375 0.03828125
1 0.90859375 0.709375 0.053125 0.071875
0 0.54765625 0.7125 0.0203125 0.0203125
0 0.21796875 0.71328125 0.03515625 0.04609375
1 0.69453125 0.7203125 0.0359375 0.04609375
0 0.875 0.7203125 0.03125 0.034375
1 0.71953125 0.721875 0.02890625 0.06640625
0 0.4984375 0.7234375 0.02421875 0.034375
0 0.35625 0.07265625 0.025 0.0234375
0 0.26484375 0.7296875 0.01875 0.0296875
0 0.7390625 0.73515625 0.02109375 0.03515625
0 0.425 0.07421875 0.02890625 0.0390625
0 0.51953125 0.7421875 0.01796875 0.02578125
1 0.759375 0.7484375 0.025 0.0359375
0 0.55390625 0.75078125 0.0453125 0.0546875
1 0.7921875 0.7515625 0.05234375 0.07109375
0 0.284375 0.75546875 0.0390625 0.04609375
1 0.61484375 0.75859375 0.06875 0.07890625
0 0.68203125 0.77109375 0.05625 0.05703125
1 0.73984375 0.7859375 0.03984375 0.0484375
1 0.821875 0.79296875 0.06953125 0.05078125
1 0.771875 0.80859375 0.02265625 0.03046875
1 0.45078125 0.8171875 0.03046875 0.03515625
0 0.45 0.0828125 0.0203125 0.021875
0 0.69140625 0.8265625 0.0203125 0.03125
0 0.7234375 0.8328125 0.0203125 0.03203125
0 0.4078125 0.83359375 0.02421875 0.03125
0 0.7484375 0.83515625 0.028125 0.03515625
1 0.0703125 0.84140625 0.12265625 0.303125
0 0.76953125 0.084375 0.03515625 0.03984375
1 0.94140625 0.8421875 0.04296875 0.06171875
1 0.7953125 0.84765625 0.06640625 0.06015625
0 0.4765625 0.85546875 0.04375 0.0609375
0 0.13046875 0.86875 0.0265625 0.0328125
1 0.5234375 0.875 0.03046875 0.0546875
1 0.1546875 0.878125 0.053125 0.13046875
1 0.9265625 0.88125 0.04375 0.0578125
1 0.43828125 0.8859375 0.04140625 0.0484375
1 0.54609375 0.8890625 0.0328125 0.0640625
1 0.403125 0.88984375 0.028125 0.04609375
0 0.76171875 0.88984375 0.02421875 0.0296875
1 0.3609375 0.89375 0.04375 0.06640625
0 0.69765625 0.09140625 0.034375 0.04765625
1 0.47265625 0.91953125 0.0265625 0.05234375
1 0.909375 0.925 0.05078125 0.0671875
1 0.4953125 0.93125 0.02890625 0.04609375
0 0.3765625 0.93203125 0.03125 0.04140625
0 0.775 0.9421875 0.0296875 0.03828125
0 0.4359375 0.9421875 0.0484375 0.0625
1 0.5265625 0.94921875 0.034375 0.05234375
0 0.4765625 0.09609375 0.021875 0.02421875
1 0.54375 0.9734375 0.03515625 0.04609375
1 0.5859375 0.97421875 0.0296875 0.046875
1 0.33359375 0.98359375 0.0515625 0.03203125
0 0.9296875 0.103125 0.0421875 0.0453125
0 0.72734375 0.10546875 0.03046875 0.03828125
0 0.76015625 0.11953125 0.03125 0.0421875
0 0.4125 0.1203125 0.0328125 0.04296875
0 0.44453125 0.121875 0.034375 0.034375
0 0.3203125 0.121875 0.02421875 0.03359375
0 0.28203125 0.12578125 0.04609375 0.05703125
1 0.54765625 0.1328125 0.0546875 0.0421875
0 0.78828125 0.1328125 0.028125 0.04375
0 0.3421875 0.1328125 0.02578125 0.034375
0 0.8125 0.14921875 0.02421875 0.0375
1 0.58984375 0.15078125 0.0359375 0.05078125
0 0.48828125 0.15390625 0.021875 0.03046875
0 0.9203125 0.15625 0.0296875 0.04296875
0 0.840625 0.1609375 0.03046875 0.04921875
0 0.95078125 0.16484375 0.03125 0.04296875
1 0.28671875 0.1765625 0.025 0.02890625
1 0.5390625 0.1765625 0.05546875 0.04921875
0 0.871875 0.17734375 0.03125 0.04609375
0 0.63125 0.178125 0.02890625 0.04375
0 0.6296875 0.01875 0.0359375 0.03515625
0 0.8984375 0.1921875 0.03046875 0.04921875
1 0.57578125 0.19296875 0.0375 0.05234375
0 0.921875 0.2 0.01875 0.0390625
0 0.70078125 0.2015625 0.0328125 0.05
1 0.59921875 0.20625 0.03671875 0.03203125