0 0.79765625 0.35078125 0.09375 0.09453125
1 0.9359375 0.35234375 0.10546875 0.1265625
0 0.79765625 0.03671875 0.06484375 0.0578125
0 0.3125 0.3828125 0.05 0.059375
0 0.8015625 0.45078125 0.05390625 0.06328125
1 0.94609375 0.47265625 0.0828125 0.1234375
0 0.28515625 0.48984375 0.06484375 0.06953125
0 0.7984375 0.54453125 0.06953125 0.0515625
1 0.9390625 0.55078125 0.06484375 0.0484375
0 0.33125 0.5703125 0.059375 0.065625
1 0.94609375 0.5890625 0.05078125 0.03828125
0 0.165625 0.6125 0.03515625 0.0359375
0 0.8078125 0.625 0.08828125 0.10859375
1 0.9328125 0.62578125 0.0546875 0.040625
0 0.309375 0.66640625 0.06796875 0.071875
1 0.93515625 0.6734375 0.07265625 0.05
1 0.94375 0.71640625 0.05 0.03828125
0 0.80234375 0.73984375 0.078125 0.07265625
1 0.95 0.76171875 0.05390625 0.04296875
0 0.3734375 0.77421875 0.08515625 0.06640625
0 0.80859375 0.825 0.08125 0.0890625
1 0.9328125 0.828125 0.08125 0.0921875
0 0.79609375 0.09296875 0.0703125 0.05078125
1 0.97109375 0.92734375 0.0375 0.03515625
0 0.809375 0.94296875 0.07265625 0.06640625
1 0.95546875 0.9734375 0.06171875 0.05234375
1 0.93984375 0.1171875 0.08671875 0.146875
0 0.33125 0.13515625 0.053125 0.07578125
0 0.8 0.14296875 0.06328125 0.05
1 0.93515625 0.23203125 0.0890625 0.08125