0 0.36875 0.5375 0.06796875 0.09453125
0 0.2765625 0.5578125 0.10078125 0.12578125
0 0.1625 0.7328125 0.0671875 0.10625
0 0.4484375 0.8453125 0.11875 0.16875
0 0.33984375 0.11640625 0.115625 0.15625
0 0.209375 0.16640625 0.11875 0.1578125
0 0.68359375 0.221875 0.1484375 0.11796875
0 0.76328125 0.33046875 0.15859375 0.15234375
0 0.47890625 0.3515625 0.12734375 0.14140625
0 0.6390625 0.3625 0.06953125 0.1109375
0 0.36875 0.40390625 0.04453125 0.06875
0 0.86328125 0.40625 0.0734375 0.115625
0 0.578125 0.41171875 0.06015625 0.13125
0 0.3046875 0.4203125 0.078125 0.103125
0 0.1765625 0.4578125 0.0796875 0.1328125
0 0.9484375 0.459375 0.09921875 0.12265625