0 0.48828125 0.38984375 0.06484375 0.06484375
0 0.29453125 0.39453125 0.0625 0.07734375
0 0.29140625 0.040625 0.05703125 0.0671875
0 0.34921875 0.42109375 0.0515625 0.05859375
0 0.14375 0.43203125 0.05859375 0.06015625
0 0.6015625 0.4328125 0.10625 0.084375
0 0.41171875 0.44375 0.06328125 0.075
0 0.4671875 0.45859375 0.0453125 0.0671875
0 0.5453125 0.50078125 0.09921875 0.06796875
0 0.88359375 0.5359375 0.0640625 0.0796875
0 0.67578125 0.54609375 0.07421875 0.0703125
0 0.74296875 0.575 0.06484375 0.06328125
0 0.3546875 0.059375 0.065625 0.0671875
0 0.80625 0.59765625 0.05859375 0.0875
0 0.87109375 0.625 0.078125 0.0921875
0 0.68203125 0.6578125 0.05859375 0.0546875
0 0.72734375 0.6765625 0.0375 0.04140625
0 0.196875 0.684375 0.059375 0.08046875
0 0.29453125 0.74375 0.0875 0.09609375
0 0.42109375 0.75078125 0.07109375 0.07734375
0 0.36953125 0.75078125 0.046875 0.05625
0 0.9171875 0.8171875 0.0875 0.08203125
0 0.52265625 0.82578125 0.0828125 0.09609375
0 0.0734375 0.8265625 0.078125 0.090625
0 0.4125 0.084375 0.065625 0.0625
0 0.6671875 0.08515625 0.07421875 0.0765625
0 0.13046875 0.86015625 0.06171875 0.06796875
0 0.73828125 0.871875 0.05234375 0.05703125
0 0.63359375 0.88046875 0.1140625 0.159375
0 0.23125 0.89765625 0.11875 0.09140625
0 0.85 0.909375 0.0765625 0.1046875
0 0.77578125 0.9171875 0.0328125 0.03671875
0 0.528125 0.125 0.071875 0.07265625
0 0.3734375 0.14296875 0.0703125 0.0734375
0 0.86796875 0.159375 0.09921875 0.0875
0 0.43671875 0.1625 0.065625 0.07265625
0 0.5046875 0.19140625 0.065625 0.06953125
0 0.56484375 0.2125 0.053125 0.08046875
0 0.6171875 0.2453125 0.04765625 0.0640625
0 0.1484375 0.2484375 0.06953125 0.08671875
0 0.8421875 0.253125 0.05703125 0.06875
0 0.671875 0.2640625 0.06875 0.08203125
0 0.90625 0.2671875 0.06875 0.0703125
0 0.2296875 0.2921875 0.0703125 0.0890625
0 0.73828125 0.29609375 0.06328125 0.08046875
0 0.796875 0.31796875 0.05625 0.084375
0 0.84609375 0.33671875 0.04921875 0.0796875
0 0.38125 0.34296875 0.075 0.07734375
0 0.1734375 0.34765625 0.0671875 0.06328125
0 0.9 0.359375 0.08125 0.0921875
0 0.2296875 0.3703125 0.040625 0.04765625