0 0.87421875 0.3703125 0.078125 0.08359375
0 0.15390625 0.4078125 0.11875 0.103125
0 0.140625 0.49453125 0.075 0.06875
0 0.88046875 0.496875 0.08515625 0.115625
0 0.06484375 0.55078125 0.06015625 0.0828125
0 0.20625 0.56171875 0.0609375 0.05703125
0 0.56015625 0.5796875 0.0625 0.08515625
0 0.89296875 0.5921875 0.07265625 0.08203125
0 0.5 0.64140625 0.08046875 0.0671875
0 0.571875 0.64375 0.053125 0.05546875
0 0.5703125 0.76484375 0.07109375 0.0796875
0 0.51328125 0.8375 0.0640625 0.08046875
0 0.584375 0.95234375 0.0578125 0.04453125
0 0.8671875 0.2328125 0.0640625 0.06171875