0 0.7015625 0.08359375 0.134375 0.165625
0 0.4171875 0.8390625 0.1421875 0.27265625
0 0.7234375 0.84375 0.15546875 0.18671875
0 0.81328125 0.1296875 0.0984375 0.1515625
0 0.25546875 0.13984375 0.14296875 0.146875
0 0.7046875 0.25546875 0.121875 0.1546875
0 0.39140625 0.27578125 0.15546875 0.17890625
0 0.2515625 0.28203125 0.0984375 0.12109375
0 0.40625 0.41796875 0.08046875 0.10625
0 0.71875 0.41953125 0.12421875 0.153125
0 0.83359375 0.42109375 0.12421875 0.18046875
0 0.2625 0.4390625 0.125 0.16015625
0 0.3953125 0.55546875 0.10390625 0.1671875
0 0.278125 0.56875 0.10546875 0.1265625
0 0.721875 0.571875 0.13203125 0.15078125
0 0.71953125 0.71328125 0.10703125 0.11796875
0 0.26796875 0.76796875 0.13828125 0.24375