0 0.76796875 0.1328125 0.04609375 0.0453125
0 0.69609375 0.159375 0.04296875 0.04453125
0 0.55703125 0.2171875 0.040625 0.0359375
0 0.825 0.234375 0.05859375 0.0390625
0 0.47578125 0.2453125 0.04609375 0.03984375
0 0.7453125 0.25859375 0.0484375 0.04140625
0 0.40625 0.26953125 0.05078125 0.046875
0 0.0765625 0.28203125 0.06015625 0.05078125
0 0.32421875 0.2953125 0.05078125 0.04921875
0 0.9515625 0.3046875 0.05 0.04609375
0 0.2515625 0.3203125 0.04140625 0.0328125
0 0.8765625 0.3296875 0.0515625 0.053125
0 0.17890625 0.35078125 0.05 0.03984375
0 0.45390625 0.371875 0.053125 0.03828125
0 0.73125 0.39609375 0.04765625 0.04140625
0 0.6515625 0.4171875 0.05546875 0.03984375
0 0.3015625 0.42578125 0.0453125 0.04609375
0 0.5046875 0.47265625 0.046875 0.04453125
0 0.9421875 0.49453125 0.10078125 0.0984375
0 0.0765625 0.50546875 0.03125 0.03671875
0 0.8421875 0.5203125 0.09765625 0.10625
0 0.75 0.55546875 0.09140625 0.0953125
0 0.65546875 0.5875 0.084375 0.1015625
0 0.96640625 0.603125 0.0640625 0.0890625
0 0.13203125 0.6046875 0.04296875 0.04921875
0 0.5671875 0.62421875 0.10234375 0.09140625
0 0.8828125 0.63125 0.0953125 0.1203125
0 0.47109375 0.665625 0.10078125 0.10703125
0 0.7890625 0.67265625 0.0921875 0.11015625
0 0.69921875 0.70078125 0.08671875 0.11015625
0 0.37578125 0.70390625 0.0953125 0.109375
0 0.92578125 0.71796875 0.09296875 0.08203125
0 0.60859375 0.7203125 0.09765625 0.1109375
0 0.265625 0.7453125 0.11328125 0.121875
0 0.83125 0.765625 0.09765625 0.08828125
0 0.509375 0.7671875 0.09375 0.1140625
0 0.753125 0.78359375 0.0828125 0.0859375
0 0.15703125 0.78984375 0.11875 0.11640625
0 0.40546875 0.8109375 0.1125 0.0953125
0 0.96171875 0.81484375 0.0734375 0.0953125
0 0.05546875 0.82109375 0.0921875 0.12265625
0 0.65234375 0.821875 0.09921875 0.09140625
0 0.30078125 0.8515625 0.10625 0.08515625
0 0.5453125 0.85546875 0.09921875 0.07734375
0 0.878125 0.85625 0.09765625 0.09921875
0 0.78984375 0.884375 0.08203125 0.08671875
0 0.19765625 0.88828125 0.09453125 0.090625
0 0.42734375 0.89921875 0.11640625 0.08046875
0 0.70078125 0.909375 0.09296875 0.08828125
0 0.08515625 0.934375 0.10234375 0.11328125
0 0.58203125 0.940625 0.10625 0.084375
0 0.303125 0.946875 0.09921875 0.09609375
0 0.884375 0.953125 0.08515625 0.07734375
1 0.4375 0.965625 0.178125 0.06640625
0 0.79765625 0.96640625 0.07734375 0.065625
0 0.84609375 0.10078125 0.04609375 0.03984375