0 0.3921875 0.45625 0.0140625 0.0203125
0 0.05390625 0.4703125 0.05234375 0.05078125
0 0.3890625 0.48984375 0.01328125 0.01640625
0 0.39453125 0.52421875 0.01171875 0.01640625
0 0.06015625 0.55078125 0.05078125 0.11171875
0 0.40390625 0.5546875 0.0109375 0.015625
0 0.80625 0.6234375 0.01171875 0.0171875
0 0.81875 0.64140625 0.01328125 0.01640625
0 0.7921875 0.64375 0.01015625 0.0140625
0 0.59765625 0.64375 0.01328125 0.0203125
0 0.89296875 0.64453125 0.02890625 0.040625
0 0.45703125 0.646875 0.0140625 0.0203125
0 0.80625 0.6703125 0.009375 0.0125
0 0.83515625 0.671875 0.009375 0.01328125
0 0.7796875 0.67421875 0.0140625 0.01640625
0 0.46875 0.68359375 0.0171875 0.0234375
0 0.93203125 0.68984375 0.0203125 0.025
0 0.82109375 0.69921875 0.01484375 0.01953125
0 0.90390625 0.70390625 0.015625 0.0171875
0 0.79765625 0.70390625 0.01171875 0.01640625
0 0.3140625 0.70625 0.01484375 0.02109375
0 0.53203125 0.728125 0.10703125 0.103125
0 0.74453125 0.72890625 0.0125 0.01953125
0 0.33515625 0.7328125 0.01640625 0.01875
0 0.4515625 0.734375 0.05390625 0.0765625
0 0.2796875 0.73671875 0.01875 0.0265625
0 0.3109375 0.75234375 0.01796875 0.0234375
0 0.12109375 0.75234375 0.02890625 0.0390625
0 0.3546875 0.76640625 0.0203125 0.025
0 0.25078125 0.7671875 0.021875 0.02734375
0 0.20703125 0.77421875 0.0453125 0.05390625
0 0.284375 0.78515625 0.0234375 0.0296875
0 0.11640625 0.80078125 0.04765625 0.053125
0 0.5109375 0.80390625 0.04453125 0.05703125
0 0.81328125 0.80859375 0.08828125 0.08671875
0 0.6484375 0.82578125 0.0578125 0.0875
0 0.575 0.828125 0.05078125 0.0703125
0 0.7203125 0.82890625 0.0375 0.0453125
0 0.19765625 0.83046875 0.03828125 0.0609375
0 0.75546875 0.834375 0.0421875 0.04453125
0 0.359375 0.84296875 0.075 0.08515625
0 0.265625 0.853125 0.1109375 0.08125
0 0.15 0.85546875 0.05625 0.08828125
0 0.9078125 0.1125 0.0421875 0.053125
0 0.82734375 0.1171875 0.04296875 0.05859375
0 0.49296875 0.134375 0.06796875 0.0828125
0 0.571875 0.1359375 0.07109375 0.10234375
1 0.69765625 0.1453125 0.12578125 0.1234375
0 0.4375 0.1734375 0.040625 0.06953125
0 0.33671875 0.1828125 0.0625 0.0890625
0 0.91328125 0.1953125 0.01953125 0.03046875
0 0.55546875 0.19609375 0.0171875 0.02109375
0 0.20703125 0.21875 0.04453125 0.0828125
0 0.89921875 0.22421875 0.01953125 0.025
1 0.09453125 0.23125 0.11015625 0.11015625
0 0.56796875 0.23671875 0.0140625 0.01953125
0 0.946875 0.24375 0.0109375 0.0140625
0 0.8265625 0.26640625 0.01484375 0.0203125
0 0.5890625 0.2703125 0.0125 0.015625
0 0.625 0.2765625 0.01484375 0.01875
0 0.5484375 0.2859375 0.01796875 0.02265625
0 0.46171875 0.28828125 0.0203125 0.025
0 0.81171875 0.2984375 0.0140625 0.01640625
0 0.2921875 0.309375 0.02109375 0.02265625
0 0.565625 0.32578125 0.01328125 0.01953125
0 0.45 0.32734375 0.01640625 0.0234375
0 0.0484375 0.3296875 0.059375 0.0828125
0 0.05 0.42109375 0.04453125 0.05234375
0 0.40390625 0.425 0.009375 0.01171875
0 0.10234375 0.44296875 0.01328125 0.01875