0 0.66875 0.7796875 0.1109375 0.14921875
0 0.07578125 0.85 0.08046875 0.08984375
0 0.7921875 0.08671875 0.10859375 0.11015625
0 0.56328125 0.90078125 0.08984375 0.1140625
0 0.53125 0.1359375 0.178125 0.17890625
0 0.35703125 0.165625 0.02421875 0.028125
0 0.41171875 0.18828125 0.02578125 0.0359375
0 0.6921875 0.196875 0.096875 0.1109375
0 0.31875 0.23828125 0.02265625 0.02734375
0 0.5796875 0.265625 0.1015625 0.11015625
0 0.43359375 0.284375 0.10859375 0.13203125
0 0.28671875 0.44453125 0.028125 0.0296875
0 0.23125 0.4484375 0.02734375 0.02890625
0 0.3453125 0.45078125 0.03359375 0.034375
0 0.2765625 0.5015625 0.03359375 0.03203125
0 0.21796875 0.53046875 0.03203125 0.03671875
0 0.27109375 0.58125 0.040625 0.046875
0 0.21015625 0.61015625 0.0421875 0.04375