0 0.31484375 0.0484375 0.071875 0.0734375
0 0.38984375 0.503125 0.02734375 0.028125
0 0.14453125 0.53046875 0.0546875 0.08359375
0 0.446875 0.53359375 0.021875 0.0265625
0 0.3640625 0.53671875 0.025 0.02734375
0 0.24765625 0.05625 0.06328125 0.06953125
0 0.434375 0.58203125 0.01953125 0.02265625
0 0.38984375 0.58671875 0.0203125 0.02421875
0 0.7265625 0.6515625 0.05234375 0.05546875
0 0.9671875 0.659375 0.06015625 0.08203125
0 0.82890625 0.6609375 0.06171875 0.07421875
0 0.9 0.6609375 0.06953125 0.0828125
0 0.38046875 0.68359375 0.065625 0.06875
0 0.30625 0.68828125 0.06484375 0.05234375
0 0.47421875 0.9046875 0.04140625 0.0390625
0 0.328125 0.90546875 0.05078125 0.04140625
0 0.425 0.909375 0.021875 0.02109375
0 0.7625 0.92578125 0.08828125 0.0890625
0 0.403125 0.1046875 0.059375 0.05
0 0.7265625 0.18203125 0.01640625 0.01875
0 0.759375 0.1859375 0.01796875 0.01796875
0 0.69140625 0.20859375 0.0171875 0.0140625
0 0.9140625 0.22890625 0.0203125 0.015625
0 0.859375 0.253125 0.01640625 0.0171875
0 0.27265625 0.25703125 0.021875 0.021875
0 0.72421875 0.27421875 0.015625 0.0203125
0 0.678125 0.27578125 0.01640625 0.01796875
0 0.8296875 0.29609375 0.01796875 0.01796875
0 0.6984375 0.315625 0.0171875 0.01953125
0 0.1515625 0.31875 0.05859375 0.10859375
0 0.65859375 0.321875 0.015625 0.01953125
0 0.61953125 0.328125 0.02265625 0.02421875
0 0.73359375 0.32890625 0.0203125 0.02109375
0 0.8265625 0.3453125 0.0171875 0.0171875
0 0.69609375 0.3484375 0.0171875 0.0203125
0 0.17578125 0.45234375 0.0625 0.06015625
0 0.4046875 0.04609375 0.06875 0.065625