0 0.1421875 0.97578125 0.0265625 0.0296875
0 0.06015625 0.18359375 0.1203125 0.22109375
0 0.48125 0.2671875 0.028125 0.03203125
0 0.64453125 0.403125 0.02890625 0.03203125
0 0.70390625 0.41015625 0.02890625 0.034375
0 0.3125 0.41796875 0.028125 0.0375
0 0.40703125 0.43203125 0.02734375 0.0328125
0 0.58203125 0.453125 0.03359375 0.034375
0 0.23359375 0.47890625 0.03046875 0.0390625
0 0.3515625 0.49140625 0.02734375 0.03125
0 0.7640625 0.528125 0.02578125 0.03125
0 0.28671875 0.553125 0.03125 0.034375
0 0.38984375 0.57734375 0.0296875 0.0375
0 0.55625 0.58359375 0.03828125 0.03828125
0 0.6390625 0.58671875 0.02421875 0.03671875
0 0.82578125 0.62890625 0.03359375 0.03671875
0 0.59140625 0.66875 0.03125 0.03359375
0 0.52109375 0.6765625 0.02890625 0.034375
0 0.6515625 0.69375 0.03515625 0.0390625
0 0.821875 0.7265625 0.02734375 0.03515625
0 0.58671875 0.7359375 0.03125 0.03515625