0 0.340625 0.16328125 0.0390625 0.04453125
0 0.71015625 0.1890625 0.05625 0.05859375
0 0.9046875 0.2359375 0.059375 0.0546875
0 0.634375 0.25390625 0.05703125 0.05078125
0 0.15390625 0.2578125 0.04140625 0.0546875
0 0.2984375 0.315625 0.03671875 0.053125
0 0.60703125 0.38984375 0.05703125 0.05
0 0.15546875 0.403125 0.03984375 0.04375
0 0.04296875 0.4578125 0.0765625 0.0671875
0 0.81328125 0.46328125 0.05859375 0.05546875
0 0.94765625 0.56796875 0.06953125 0.06328125
0 0.7171875 0.56875 0.059375 0.05234375
0 0.38125 0.59453125 0.04453125 0.05
0 0.0734375 0.609375 0.0484375 0.0515625
0 0.51875 0.609375 0.05390625 0.04765625
0 0.8421875 0.615625 0.0484375 0.046875
0 0.90625 0.6890625 0.05 0.05703125
0 0.25234375 0.69609375 0.05546875 0.05390625
0 0.21796875 0.071875 0.04375 0.0453125
0 0.7640625 0.71796875 0.05390625 0.0578125
0 0.378125 0.7265625 0.05625 0.0515625
0 0.6328125 0.73359375 0.12109375 0.125
0 0.509375 0.76953125 0.05 0.05390625
0 0.2234375 0.8703125 0.04453125 0.04609375
0 0.359375 0.87890625 0.05390625 0.04765625
0 0.44453125 0.1171875 0.0484375 0.05234375