0 0.10234375 0.2625 0.08671875 0.11015625
0 0.48515625 0.3125 0.07578125 0.10078125
0 0.340625 0.39140625 0.06328125 0.06953125
0 0.51484375 0.39140625 0.05234375 0.06015625
0 0.5703125 0.42890625 0.07109375 0.07265625
0 0.6171875 0.496875 0.0703125 0.06953125
0 0.25703125 0.5046875 0.08828125 0.0953125
0 0.14765625 0.5265625 0.0859375 0.09765625
0 0.6484375 0.5734375 0.07421875 0.07109375
0 0.7578125 0.684375 0.08203125 0.08515625
0 0.42578125 0.76484375 0.1046875 0.10078125
0 0.8546875 0.8234375 0.12109375 0.1234375
0 0.775 0.8953125 0.078125 0.0765625
0 0.49921875 0.90546875 0.06796875 0.08125
0 0.921875 0.92734375 0.07109375 0.084375
0 0.68359375 0.94296875 0.0640625 0.07578125