0 0.0296875 0.246875 0.05859375 0.08125
0 0.859375 0.26328125 0.07578125 0.08125
0 0.534375 0.26875 0.0796875 0.07734375
0 0.2171875 0.28515625 0.09609375 0.09453125
0 0.7375 0.32578125 0.0765625 0.06953125
0 0.40390625 0.33046875 0.09609375 0.10234375
0 0.0828125 0.36015625 0.07421875 0.07421875
0 0.93671875 0.3734375 0.0640625 0.07265625
0 0.5953125 0.39140625 0.09765625 0.0875
0 0.26328125 0.41328125 0.09375 0.09296875
0 0.7921875 0.43984375 0.08828125 0.090625
0 0.4609375 0.44140625 0.09375 0.09375
0 0.134375 0.47421875 0.08515625 0.0796875
0 0.66875 0.49765625 0.08125 0.075
0 0.434375 0.0515625 0.09921875 0.09375
0 0.3296875 0.51328125 0.08984375 0.09296875
0 0.84140625 0.54296875 0.0875 0.078125
0 0.5171875 0.55703125 0.09765625 0.0859375
0 0.19140625 0.58828125 0.07734375 0.07578125
0 0.7140625 0.61015625 0.09921875 0.07109375
0 0.384375 0.625 0.06171875 0.065625
0 0.05390625 0.640625 0.071875 0.07109375
0 0.909375 0.653125 0.0875 0.0875
0 0.57421875 0.65859375 0.084375 0.078125
0 0.24921875 0.6875 0.08203125 0.084375
0 0.11015625 0.07421875 0.10546875 0.096875
0 0.43828125 0.73671875 0.090625 0.0859375
0 0.11875 0.74765625 0.08671875 0.08359375
0 0.953125 0.7703125 0.0890625 0.1015625
0 0.6359375 0.7734375 0.08125 0.078125
0 0.30859375 0.796875 0.071875 0.06015625
0 0.82421875 0.82734375 0.09921875 0.08984375
0 0.49921875 0.84140625 0.08125 0.08203125
0 0.1765625 0.84921875 0.08359375 0.09296875
0 0.69375 0.884375 0.090625 0.0875
0 0.37578125 0.89375 0.07890625 0.07265625
0 0.884375 0.93359375 0.08125 0.075
0 0.55 0.94140625 0.075 0.07109375
0 0.23046875 0.95859375 0.0859375 0.0796875
0 0.62734375 0.11953125 0.08359375 0.08046875
0 0.29375 0.1234375 0.10078125 0.10703125
0 0.47734375 0.16484375 0.08203125 0.08359375
0 0.171875 0.18359375 0.09375 0.0859375
0 0.3359375 0.22578125 0.08125 0.0921875