0 0.53984375 0.6140625 0.06015625 0.0625
0 0.61796875 0.5875 0.06484375 0.07421875
0 0.7703125 0.4390625 0.09375 0.0484375
0 0.8640625 0.36640625 0.05078125 0.0453125
0 0.0921875 0.2640625 0.0671875 0.04296875
0 0.046875 0.15390625 0.0765625 0.0625
0 0.03984375 0.08515625 0.071875 0.09609375
0 0.09375 0.2703125 0.06953125 0.05078125
0 0.115625 0.19140625 0.10546875 0.09609375
0 0.12265625 0.0953125 0.12265625 0.12734375
0 0.1921875 0.13359375 0.1203125 0.103125
0 0.21640625 0.228125 0.12734375 0.09375
0 0.17578125 0.03125 0.10546875 0.0625
0 0.040625 0.03125 0.08125 0.0625
0 0.2328125 0.03828125 0.115625 0.0765625
0 0.34453125 0.05625 0.1359375 0.1125
0 0.321875 0.16953125 0.08203125 0.10078125
0 0.25390625 0.1203125 0.0765625 0.103125
0 0.41328125 0.134375 0.13671875 0.1421875
0 0.57421875 0.071875 0.0984375 0.10546875
0 0.5140625 0.0984375 0.10546875 0.12734375
0 0.70546875 0.06640625 0.125 0.1109375
0 0.771875 0.0375 0.10546875 0.07421875
0 0.83046875 0.0875 0.09375 0.10546875
0 0.896875 0.0515625 0.12734375 0.103125
0 0.87734375 0.98203125 0.17578125 0.0359375