0 0.07578125 0.05546875 0.14921875 0.1109375
0 0.19375 0.04453125 0.12265625 0.0890625
0 0.296875 0.0328125 0.10546875 0.06484375
0 0.3890625 0.015625 0.084375 0.03125
0 0.55390625 0.0140625 0.1078125 0.028125
0 0.7671875 0.03515625 0.08203125 0.06953125
0 0.70546875 0.07421875 0.103125 0.10546875
0 0.765625 0.12890625 0.115625 0.11328125
0 0.703125 0.13359375 0.053125 0.053125
0 0.73046875 0.18984375 0.1296875 0.08671875
0 0.66796875 0.19609375 0.08671875 0.0625
0 0.64765625 0.25625 0.0625 0.071875
0 0.7125 0.2515625 0.0796875 0.06015625
0 0.9515625 0.14765625 0.05546875 0.05078125
0 0.91796875 0.2609375 0.06484375 0.06484375
0 0.96875 0.23671875 0.0625 0.0578125
0 0.95703125 0.28125 0.04296875 0.0453125
0 0.98671875 0.2953125 0.0265625 0.071875
0 0.84609375 0.30546875 0.05078125 0.04296875
0 0.71484375 0.2984375 0.084375 0.0796875
0 0.646875 0.3078125 0.08203125 0.0578125
0 0.6359375 0.35546875 0.04296875 0.06015625
0 0.69609375 0.35078125 0.071875 0.0453125
0 0.6546875 0.390625 0.053125 0.0625
0 0.709375 0.3796875 0.053125 0.06484375
0 0.6609375 0.428125 0.05078125 0.0671875
0 0.69921875 0.4359375 0.04296875 0.06484375
0 0.7484375 0.42890625 0.06953125 0.0671875
0 0.87890625 0.3265625 0.04296875 0.0453125
0 0.77890625 0.38203125 0.06484375 0.05546875
0 0.84140625 0.36796875 0.084375 0.053125
0 0.89765625 0.4078125 0.0453125 0.03359375
0 0.96015625 0.3734375 0.04296875 0.0453125
0 0.97109375 0.42890625 0.03125 0.040625
0 0.86640625 0.4796875 0.04296875 0.03828125
0 0.93984375 0.47265625 0.0484375 0.040625
0 0.80546875 0.446875 0.03828125 0.0484375
0 0.68359375 0.4953125 0.06953125 0.0765625
0 0.73828125 0.48828125 0.06953125 0.071875
0 0.6734375 0.54921875 0.06015625 0.0625
0 0.5984375 0.5296875 0.04296875 0.03359375
0 0.69453125 0.5828125 0.115625 0.09140625
0 0.64765625 0.6359375 0.0796875 0.06484375
0 0.88359375 0.6453125 0.071875 0.06484375
0 0.76171875 0.68984375 0.0671875 0.0578125
0 0.84375 0.75703125 0.0765625 0.07421875
0 0.946875 0.81953125 0.0578125 0.0671875
0 0.98515625 0.865625 0.0296875 0.059375
0 0.96171875 0.89921875 0.02890625 0.03828125
0 0.6578125 0.9015625 0.1203125 0.09375
0 0.5734375 0.68515625 0.05078125 0.06484375
0 0.53984375 0.7234375 0.05546875 0.0359375
0 0.54453125 0.77421875 0.10546875 0.06015625
0 0.58203125 0.73203125 0.05546875 0.0578125
0 0.6734375 0.68359375 0.0890625 0.0625
0 0.61328125 0.6859375 0.05546875 0.0625
0 0.71015625 0.725 0.084375 0.07421875
0 0.6265625 0.73828125 0.07421875 0.06484375
0 0.57421875 0.8140625 0.05546875 0.0484375
0 0.52265625 0.8140625 0.0671875 0.06015625
0 0.5 0.8421875 0.06015625 0.04296875
0 0.4546875 0.9671875 0.07421875 0.06484375
0 0.55390625 0.975 0.04296875 0.04296875
0 0.4671875 0.90234375 0.06484375 0.0578125
0 0.5359375 0.92421875 0.09140625 0.071875
0 0.58046875 0.86875 0.071875 0.05546875
0 0.58046875 0.80625 0.06484375 0.05078125
0 0.65625 0.821875 0.04296875 0.03828125
0 0.74765625 0.7609375 0.0484375 0.06953125
0 0.73671875 0.8296875 0.06015625 0.053125
0 0.74296875 0.8703125 0.0578125 0.03359375
0 0.83046875 0.853125 0.1109375 0.11796875
0 0.83984375 0.9359375 0.04296875 0.05078125
0 0.7765625 0.95703125 0.03359375 0.05078125
0 0.91015625 0.9109375 0.08203125 0.0890625
0 0.93359375 0.95703125 0.103125 0.08203125
0 0.62265625 0.80078125 0.0453125 0.06953125