0 0.01953125 0.021875 0.03828125 0.04296875
0 0.0640625 0.01953125 0.0625 0.03828125
0 0.0359375 0.0625 0.03828125 0.03828125
0 0.11328125 0.01953125 0.06015625 0.03828125
0 0.1046875 0.19921875 0.0625 0.053125
0 0.05625 0.2203125 0.03828125 0.03828125
0 0.31484375 0.02265625 0.03828125 0.03125
0 0.328125 0.06875 0.03359375 0.03125
0 0.4359375 0.0828125 0.06015625 0.0578125
0 0.49296875 0.06953125 0.07421875 0.06953125
0 0.6734375 0.03359375 0.05546875 0.040625
0 0.7234375 0.02265625 0.0625 0.0453125
0 0.865625 0.10078125 0.05078125 0.05078125
0 0.9 0.0890625 0.03828125 0.03828125
0 0.5203125 0.209375 0.08203125 0.0578125
0 0.38203125 0.23203125 0.03828125 0.0359375
0 0.20546875 0.31875 0.04296875 0.04296875
0 0.2390625 0.31015625 0.03359375 0.040625
0 0.24375 0.34765625 0.0578125 0.04296875
0 0.2234375 0.38203125 0.05078125 0.040625
0 0.46875 0.28984375 0.03828125 0.0359375
0 0.915625 0.1625 0.06484375 0.03828125
0 0.86875 0.20703125 0.06953125 0.06953125
0 0.9796875 0.15859375 0.040625 0.05546875
0 0.51796875 0.4171875 0.06953125 0.06953125
0 0.58984375 0.36328125 0.05546875 0.04296875
0 0.6 0.3953125 0.05546875 0.03359375
0 0.7921875 0.50390625 0.06484375 0.06015625
0 0.79453125 0.5421875 0.06953125 0.03359375
0 0.7046875 0.6453125 0.08203125 0.0671875
0 0.334375 0.67890625 0.0765625 0.06953125
0 0.2953125 0.7078125 0.0796875 0.08203125
0 0.446875 0.84609375 0.053125 0.04296875
0 0.38125 0.85703125 0.05078125 0.0453125
0 0.33515625 0.87734375 0.040625 0.03828125
0 0.27265625 0.9421875 0.03359375 0.02890625
0 0.1921875 0.9234375 0.04296875 0.03359375
0 0.14453125 0.93515625 0.0453125 0.03359375
0 0.09765625 0.946875 0.0453125 0.04296875
0 0.04453125 0.96484375 0.040625 0.0359375
0 0.1734375 0.9734375 0.04296875 0.040625
0 0.5796875 0.984375 0.04296875 0.03125
0 0.80625 0.98671875 0.0578125 0.0265625
0 0.7796875 0.834375 0.0484375 0.0484375
0 0.74140625 0.759375 0.05078125 0.03828125
0 0.7078125 0.69453125 0.0796875 0.06015625
0 0.83203125 0.7125 0.0625 0.04296875
0 0.76953125 0.7140625 0.06953125 0.06953125
0 0.74140625 0.75703125 0.0625 0.040625
0 0.77421875 0.8328125 0.05546875 0.0484375
0 0.8109375 0.86640625 0.0671875 0.053125
0 0.21015625 0.54453125 0.0359375 0.02890625
0 0.15859375 0.55546875 0.0359375 0.03828125
0 0.08515625 0.57578125 0.0453125 0.03359375
0 0.04921875 0.58984375 0.05546875 0.053125
0 0.98046875 0.88828125 0.03828125 0.0484375
0 0.97734375 0.83984375 0.0359375 0.04296875