0 0.0359375 0.0421875 0.071875 0.084375
0 0.19921875 0.0453125 0.05546875 0.0578125
0 0.2640625 0.03359375 0.11328125 0.0671875
0 0.08984375 0.01328125 0.0359375 0.0265625
0 0.046875 0.1734375 0.09375 0.08671875
0 0.196875 0.21875 0.115625 0.1203125
0 0.03359375 0.24296875 0.0671875 0.0890625
0 0.0375 0.31015625 0.07421875 0.0671875
0 0.31640625 0.1609375 0.12265625 0.09375
0 0.3125 0.23046875 0.11328125 0.08203125
0 0.4015625 0.046875 0.0484375 0.053125
0 0.19609375 0.115625 0.053125 0.04296875
0 0.4859375 0.0625 0.11796875 0.103125
0 0.5421875 0.02734375 0.11875 0.0546875
0 0.43359375 0.1453125 0.1078125 0.08671875
0 0.47109375 0.21640625 0.115625 0.1390625
0 0.56015625 0.17890625 0.0984375 0.12734375
0 0.65859375 0.06484375 0.0765625 0.08203125
0 0.7234375 0.0640625 0.0984375 0.10078125
0 0.76796875 0.0328125 0.12265625 0.06484375
0 0.8078125 0.05625 0.0984375 0.08203125
0 0.8765625 0.03828125 0.13203125 0.0765625
0 0.921875 0.0734375 0.10546875 0.1296875
0 0.8578125 0.1203125 0.09609375 0.084375
0 0.665625 0.13671875 0.071875 0.12265625
0 0.71640625 0.15234375 0.071875 0.13203125
0 0.790625 0.171875 0.0796875 0.103125
0 0.87109375 0.196875 0.09140625 0.084375
0 0.81484375 0.2234375 0.08203125 0.10546875
0 0.6890625 0.24765625 0.13203125 0.09609375
0 0.7390625 0.32109375 0.125 0.09140625
0 0.4421875 0.328125 0.09375 0.1203125
0 0.36875 0.33515625 0.0765625 0.134375
0 0.3015625 0.31953125 0.0765625 0.115625
0 0.953125 0.2640625 0.09375 0.13671875
0 0.88828125 0.33984375 0.13671875 0.0796875
0 0.03828125 0.459375 0.0765625 0.08203125
0 0.03984375 0.5140625 0.0796875 0.08203125
0 0.10078125 0.56484375 0.10078125 0.10546875
0 0.203125 0.47265625 0.115625 0.1515625
0 0.321875 0.43984375 0.08203125 0.1109375
0 0.28359375 0.50703125 0.115625 0.12734375
0 0.2296875 0.5671875 0.115625 0.0984375
0 0.16484375 0.60078125 0.09140625 0.1078125
0 0.23671875 0.6421875 0.125 0.1203125
0 0.03515625 0.60703125 0.06953125 0.12734375
0 0.09375 0.64921875 0.09140625 0.1078125
0 0.1390625 0.68359375 0.07421875 0.08671875
0 0.05390625 0.7125 0.06953125 0.09375
0 0.03125 0.7921875 0.0625 0.08203125
0 0.109375 0.80390625 0.06015625 0.053125
0 0.109375 0.740625 0.115625 0.09140625
0 0.1765625 0.7546875 0.0796875 0.05546875
0 0.21484375 0.7125 0.09375 0.06484375
0 0.26953125 0.7703125 0.0625 0.06953125
0 0.1859375 0.79453125 0.06015625 0.0625
0 0.25 0.80859375 0.103125 0.08203125
0 0.16796875 0.85703125 0.09375 0.07421875
0 0.05546875 0.90859375 0.071875 0.0984375
0 0.11328125 0.90625 0.071875 0.06953125
0 0.2015625 0.93515625 0.12265625 0.1296875
0 0.13359375 0.96171875 0.12265625 0.0765625
0 0.03125 0.9734375 0.0625 0.05078125
0 0.459375 0.83671875 0.15625 0.1109375
0 0.46171875 0.96171875 0.1296875 0.0765625
0 0.421875 0.68046875 0.103125 0.1421875
0 0.49765625 0.646875 0.11328125 0.17578125
0 0.38125 0.4546875 0.09375 0.09609375
0 0.5046875 0.4703125 0.08203125 0.103125
0 0.41015625 0.53359375 0.16328125 0.1109375
0 0.4359375 0.48828125 0.07421875 0.09375
0 0.58046875 0.54921875 0.12734375 0.146875
0 0.70703125 0.48828125 0.15390625 0.1390625
0 0.85703125 0.44453125 0.09609375 0.09609375
0 0.81484375 0.4890625 0.06953125 0.09375
0 0.8421875 0.54296875 0.09140625 0.1078125
0 0.9640625 0.421875 0.071875 0.1109375
0 0.91328125 0.584375 0.0984375 0.10546875
0 0.9640625 0.54453125 0.071875 0.1421875
0 0.64765625 0.64921875 0.13203125 0.125
0 0.71640625 0.59375 0.0796875 0.0984375
0 0.78828125 0.59609375 0.103125 0.10546875
0 0.92421875 0.93515625 0.0578125 0.0484375
0 0.6828125 0.74296875 0.09140625 0.08671875
0 0.60078125 0.74375 0.07421875 0.09609375
0 0.6625 0.79921875 0.12734375 0.09140625
0 0.69140625 0.8703125 0.0453125 0.04296875
0 0.740625 0.8421875 0.03828125 0.03125
0 0.709375 0.8375 0.03359375 0.040625
0 0.8921875 0.78984375 0.04296875 0.040625
0 0.7765625 0.7796875 0.05078125 0.05546875
0 0.67578125 0.928125 0.053125 0.0484375
0 0.6421875 0.9734375 0.06953125 0.053125
0 0.8109375 0.9 0.06015625 0.06015625
0 0.74296875 0.94921875 0.10546875 0.10078125
0 0.828125 0.953125 0.1078125 0.09375
0 0.9734375 0.96171875 0.053125 0.07421875
0 0.89921875 0.65234375 0.0984375 0.084375