0 0.078125 0.08984375 0.09609375 0.09140625
0 0.21875 0.125 0.071875 0.10546875
0 0.171875 0.18515625 0.13203125 0.1296875
0 0.14765625 0.28984375 0.1203125 0.09140625
0 0.3109375 0.19375 0.09609375 0.08203125
0 0.31015625 0.10546875 0.125 0.11796875
0 0.25234375 0.02421875 0.1421875 0.0484375
0 0.44140625 0.04453125 0.125 0.0890625
0 0.49296875 0.0828125 0.05546875 0.0890625
0 0.5578125 0.0484375 0.0890625 0.09609375
0 0.56484375 0.1109375 0.084375 0.0984375
0 0.5359375 0.17578125 0.11328125 0.09375
0 0.49140625 0.2484375 0.09609375 0.09140625
0 0.3328125 0.33203125 0.10078125 0.08671875
0 0.234375 0.359375 0.08671875 0.08203125
0 0.30625 0.38828125 0.1109375 0.09609375
0 0.40859375 0.35703125 0.10546875 0.1078125
0 0.30625 0.55546875 0.08671875 0.0796875
0 0.20078125 0.73828125 0.13203125 0.146875
0 0.2921875 0.93359375 0.08203125 0.06484375
0 0.05078125 0.9421875 0.00234375 0.00234375
0 0.5109375 0.8640625 0.0578125 0.053125
0 0.5328125 0.92578125 0.06953125 0.071875
0 0.6359375 0.02890625 0.08203125 0.0578125
0 0.696875 0.03125 0.09609375 0.0625
0 0.78984375 0.053125 0.12265625 0.10546875
0 0.875 0.01953125 0.0625 0.03828125
0 0.9671875 0.06953125 0.06484375 0.1390625
0 0.85234375 0.13828125 0.0671875 0.06484375
0 0.7703125 0.1453125 0.084375 0.103125
0 0.703125 0.11171875 0.10078125 0.09140625
0 0.63828125 0.19453125 0.09609375 0.1296875
0 0.69453125 0.28125 0.09375 0.09140625
0 0.71015625 0.196875 0.0984375 0.09140625
0 0.771875 0.2296875 0.09140625 0.09609375
0 0.88359375 0.2875 0.0671875 0.07421875
0 0.8453125 0.35234375 0.09609375 0.0765625
0 0.94921875 0.33046875 0.10078125 0.11796875
0 0.9390625 0.4171875 0.10078125 0.08671875
0 0.58203125 0.33046875 0.053125 0.0765625
0 0.525 0.2921875 0.07421875 0.084375
0 0.62109375 0.2765625 0.06953125 0.0765625
0 0.65234375 0.3328125 0.0796875 0.08671875
0 0.6546875 0.4015625 0.07421875 0.0984375
0 0.7125 0.428125 0.08203125 0.0765625
0 0.4859375 0.384375 0.11796875 0.11328125
0 0.525 0.44375 0.103125 0.0984375
0 0.396875 0.4640625 0.146875 0.1078125
0 0.45546875 0.5640625 0.125 0.12265625
0 0.35078125 0.6546875 0.0578125 0.0671875
0 0.35546875 0.1671875 0.04296875 0.0578125
0 0.55390625 0.83515625 0.071875 0.06953125
0 0.56640625 0.884375 0.053125 0.05546875
0 0.58671875 0.9390625 0.07421875 0.07421875
0 0.61875 0.88671875 0.09375 0.12734375
0 0.45078125 0.640625 0.11796875 0.0796875
0 0.478125 0.7015625 0.09140625 0.071875
0 0.5484375 0.7140625 0.0578125 0.0765625
0 0.603125 0.71015625 0.071875 0.10078125
0 0.59765625 0.58046875 0.1078125 0.11796875
0 0.65234375 0.696875 0.0671875 0.0625
0 0.61875 0.64296875 0.08203125 0.05546875
0 0.7609375 0.6609375 0.09140625 0.1421875
0 0.8375 0.64453125 0.1078125 0.06953125
0 0.83671875 0.58046875 0.11328125 0.0671875
0 0.93984375 0.61640625 0.1109375 0.10546875
0 0.80078125 0.6140625 0.03828125 0.0625
0 0.93046875 0.53984375 0.1390625 0.09140625
0 0.96015625 0.46875 0.0796875 0.09609375
0 0.83203125 0.48203125 0.15625 0.115625
0 0.79453125 0.4 0.09375 0.0796875
0 0.86875 0.3953125 0.06484375 0.0671875
0 0.71015625 0.53515625 0.09609375 0.1109375
0 0.85546875 0.209375 0.084375 0.07421875
0 0.02890625 0.02265625 0.0578125 0.0453125
0 0.025 0.121875 0.05 0.06875