0 0.053125 0.1515625 0.05546875 0.05546875
0 0.01796875 0.2125 0.0359375 0.05546875
0 0.05390625 0.23046875 0.06484375 0.06953125
0 0.18984375 0.146875 0.0484375 0.04296875
0 0.23046875 0.12265625 0.0453125 0.04296875
0 0.39296875 0.0671875 0.071875 0.05546875
0 0.3421875 0.0515625 0.0765625 0.040625
0 0.27734375 0.08671875 0.06953125 0.06015625
0 0.303125 0.15234375 0.06953125 0.06015625
0 0.196875 0.21484375 0.071875 0.06484375
0 0.2453125 0.18515625 0.05078125 0.053125
0 0.3171875 0.24296875 0.0453125 0.06953125
0 0.2828125 0.25859375 0.06015625 0.0578125
0 0.240625 0.2796875 0.07421875 0.0625
0 0.23203125 0.3390625 0.0671875 0.0796875
0 0.41953125 0.21171875 0.08203125 0.07421875
0 0.484375 0.27421875 0.07421875 0.0796875
0 0.5671875 0.25234375 0.05546875 0.0453125
0 0.63828125 0.1734375 0.06953125 0.06484375
0 0.74375 0.0875 0.09609375 0.08671875
0 0.771875 0.021875 0.08671875 0.04296875
0 0.7953125 0.05390625 0.06015625 0.08203125
0 0.84140625 0.05390625 0.06484375 0.06015625
0 0.97421875 0.05078125 0.0515625 0.0703125
0 0.98203125 0.18359375 0.0359375 0.0484375
0 0.97734375 0.25625 0.0453125 0.10546875
0 0.85 0.1265625 0.06953125 0.08203125
0 0.80859375 0.146875 0.03828125 0.0453125
0 0.8421875 0.18984375 0.06484375 0.0671875
0 0.83203125 0.26171875 0.08203125 0.07421875
0 0.83203125 0.33671875 0.09609375 0.103125
0 0.6140625 0.46171875 0.0578125 0.03359375
0 0.625 0.428125 0.0484375 0.03828125
0 0.49375 0.3390625 0.0453125 0.0453125
0 0.33203125 0.38828125 0.0578125 0.09609375
0 0.390625 0.41015625 0.0578125 0.084375
0 0.27734375 0.39765625 0.0671875 0.071875
0 0.203125 0.39765625 0.09140625 0.07421875
0 0.21875 0.546875 0.10546875 0.09609375
0 0.2171875 0.49296875 0.1078125 0.05078125
0 0.31875 0.51796875 0.05546875 0.05078125
0 0.36796875 0.5015625 0.053125 0.04296875
0 0.38125 0.540625 0.06484375 0.05078125
0 0.3328125 0.55859375 0.053125 0.05078125
0 0.4265625 0.58203125 0.0625 0.05078125
0 0.64921875 0.6078125 0.06953125 0.071875
0 0.1546875 0.859375 0.05078125 0.04296875
0 0.203125 0.81875 0.0625 0.05078125
0 0.2703125 0.953125 0.0453125 0.0359375
0 0.35234375 0.80625 0.09609375 0.09375
0 0.359375 0.66015625 0.09609375 0.08671875
0 0.38125 0.70703125 0.0890625 0.05546875
0 0.39296875 0.75703125 0.06953125 0.084375
0 0.484375 0.6984375 0.0484375 0.071875
0 0.4484375 0.709375 0.03828125 0.06953125
0 0.5265625 0.6984375 0.06953125 0.0625
0 0.53125 0.75625 0.0796875 0.08671875
0 0.4859375 0.775 0.0453125 0.09375
0 0.43984375 0.75859375 0.0796875 0.0625
0 0.4125 0.81875 0.053125 0.06953125
0 0.4515625 0.85546875 0.0765625 0.0578125
0 0.51328125 0.859375 0.0625 0.0453125
0 0.68359375 0.92578125 0.0796875 0.09375
0 0.51171875 0.92890625 0.08671875 0.09375
0 0.446875 0.96171875 0.05546875 0.0765625
0 0.49765625 0.98046875 0.071875 0.03828125
0 0.75859375 0.96875 0.03828125 0.0484375
0 0.35546875 0.8734375 0.0625 0.05546875
0 0.37265625 0.60546875 0.06484375 0.0484375
0 0.05859375 0.2953125 0.06015625 0.0453125
0 0.34140625 0.01953125 0.13203125 0.03828125
0 0.9796875 0.3796875 0.040625 0.10078125
0 0.9578125 0.4375 0.084375 0.084375
0 0.859375 0.4703125 0.0765625 0.0578125
0 0.93828125 0.503125 0.1234375 0.121875
0 0.8921875 0.6203125 0.11328125 0.09609375
0 0.95546875 0.61328125 0.0671875 0.12734375
0 0.9171875 0.703125 0.071875 0.0578125
0 0.96875 0.6984375 0.04296875 0.06015625
0 0.8796875 0.76953125 0.0625 0.0671875
0 0.91796875 0.78359375 0.06484375 0.0625
0 0.96953125 0.75859375 0.0609375 0.0859375
0 0.89921875 0.87265625 0.05546875 0.08203125
0 0.84609375 0.865625 0.040625 0.05546875
0 0.9546875 0.859375 0.07421875 0.09140625
0 0.65625 0.69453125 0.06953125 0.06953125
0 0.7515625 0.875 0.0359375 0.040625
0 0.85 0.94453125 0.053125 0.053125
0 0.8890625 0.93515625 0.07421875 0.0671875
0 0.9796875 0.96875 0.040625 0.0625
0 0.921875 0.9734375 0.07421875 0.053125
0 0.6546875 0.8390625 0.04296875 0.0484375