0 0.12890625 0.05546875 0.05078125 0.04296875
0 0.33203125 0.03515625 0.0484375 0.0484375
0 0.28359375 0.4125 0.06953125 0.06953125
0 0.1 0.88671875 0.0796875 0.0796875
0 0.10078125 0.9640625 0.040625 0.05078125
0 0.0140625 0.98515625 0.028125 0.0296875
0 0.00859375 0.95546875 0.0171875 0.02890625
0 0.6265625 0.69375 0.03125 0.03359375
0 0.6265625 0.6578125 0.03828125 0.02890625
0 0.61171875 0.625 0.02890625 0.02421875
0 0.60703125 0.48828125 0.02890625 0.02421875
0 0.6046875 0.42890625 0.04296875 0.0359375
0 0.9078125 0.8703125 0.09140625 0.06953125
0 0.53828125 0.228125 0.05078125 0.05078125
0 0.54453125 0.1921875 0.0625 0.05078125
0 0.671875 0.02890625 0.071875 0.0578125
0 0.9703125 0.6703125 0.0484375 0.06015625
0 0.98515625 0.63828125 0.0296875 0.0828125
0 0.27265625 0.47265625 0.08671875 0.0796875