0 0.45546875 0.15625 0.14921875 0.15390625
0 0.36328125 0.359375 0.10078125 0.09140625
0 0.3765625 0.43046875 0.0890625 0.071875
0 0.41953125 0.35078125 0.06953125 0.07421875
0 0.4546875 0.38828125 0.05078125 0.0578125
0 0.49296875 0.41484375 0.0671875 0.06015625
0 0.43046875 0.47734375 0.08671875 0.0625
0 0.4359375 0.5171875 0.05546875 0.06953125
0 0.4890625 0.49609375 0.06953125 0.08203125
0 0.52734375 0.4421875 0.05546875 0.071875
0 0.03359375 0.94921875 0.0671875 0.10078125
0 0.0578125 0.921875 0.06953125 0.13203125
0 0.09609375 0.88359375 0.0890625 0.15390625
0 0.14453125 0.8484375 0.115625 0.134375
0 0.16953125 0.8265625 0.09609375 0.14921875
0 0.20078125 0.80625 0.09375 0.1515625
0 0.2453125 0.7828125 0.0796875 0.1609375
0 0.275 0.7546875 0.08203125 0.15625
0 0.3109375 0.7296875 0.084375 0.16328125
0 0.3375 0.7078125 0.06953125 0.1609375
0 0.37265625 0.68515625 0.06953125 0.165625
0 0.3921875 0.66328125 0.06953125 0.165625
0 0.4265625 0.63828125 0.0890625 0.15625
0 0.46015625 0.6109375 0.09140625 0.1390625
0 0.51328125 0.5828125 0.125 0.14921875
0 0.55546875 0.5453125 0.09609375 0.12265625
0 0.59765625 0.5 0.12734375 0.1296875
0 0.63125 0.478125 0.15390625 0.13203125
0 0.69609375 0.4265625 0.10078125 0.14453125
0 0.72734375 0.396875 0.09609375 0.18046875
0 0.95625 0.0421875 0.0875 0.084375
0 0.9515625 0.0890625 0.08671875 0.134375
0 0.93515625 0.11171875 0.08671875 0.1390625
0 0.9078125 0.14453125 0.1078125 0.134375
0 0.87109375 0.19453125 0.1203125 0.0984375
0 0.83515625 0.22734375 0.134375 0.10078125
0 0.8109375 0.265625 0.15859375 0.084375
0 0.78828125 0.29453125 0.18046875 0.084375
0 0.76171875 0.3296875 0.1734375 0.11796875
0 0.9796875 0.2453125 0.040625 0.05078125
0 0.93359375 0.2609375 0.0796875 0.0890625
0 0.9015625 0.30625 0.084375 0.05546875
0 0.8734375 0.35546875 0.06484375 0.0671875
0 0.92890625 0.40390625 0.1421875 0.146875
0 0.84375 0.459375 0.10078125 0.103125
0 0.709375 0.5109375 0.06484375 0.0765625
0 0.70703125 0.5578125 0.09375 0.06015625
0 0.76328125 0.5109375 0.0625 0.0796875
0 0.7984375 0.4953125 0.05546875 0.06015625
0 0.19921875 0.93359375 0.06015625 0.06015625
0 0.18359375 0.9640625 0.1609375 0.071875
0 0.275 0.9078125 0.125 0.1296875
0 0.39296875 0.85703125 0.084375 0.0765625
0 0.55546875 0.86640625 0.06015625 0.05546875
0 0.5140625 0.921875 0.05078125 0.06015625
0 0.4671875 0.9359375 0.05546875 0.040625
0 0.428125 0.96875 0.0671875 0.05546875
0 0.55546875 0.94921875 0.06015625 0.0578125
0 0.66796875 0.8796875 0.06015625 0.06015625
0 0.56484375 0.9796875 0.06015625 0.040625
0 0.7875 0.83046875 0.06015625 0.0578125
0 0.86328125 0.67890625 0.071875 0.0671875
0 0.875 0.7046875 0.05546875 0.06015625
0 0.91328125 0.69921875 0.053125 0.0484375
0 0.890625 0.8234375 0.03828125 0.03828125
0 0.421875 0.7640625 0.103125 0.1078125
0 0.50234375 0.7125 0.12265625 0.125
0 0.5765625 0.65625 0.12734375 0.15390625
0 0.73671875 0.96171875 0.084375 0.0765625